-18.833998,-60.20274,-3.2932653,-39.133327,3.3674502,-6.9158087,47.806816,-46.685207,84.3402,11.507802
-37.655,19.711895,-7.098196,-44.072014,7.0236745,24.071478,29.764431,16.06814,0.5483763,-24.84261
10.122004,5.2463994,-21.299017,-86.03346,-23.907417,37.386417,71.09152,-14.171412,-51.97574,61.40499
28.524996,1.1723361,-56.93094,-41.06598,-11.395855,27.562885,16.864576,-2.6561463,-24.1406,36.396282
32.5162,11.872417,49.7985,-15.981935,21.239674,-7.13834,-1.544672,8.5139675,-4.708803,-76.04199
-12.576474,-33.08702,-44.702168,-70.21605,6.957109,14.046362,5.6767116,-14.371054,-36.31041,-2.1060927
-25.493391,-37.804035,-3.8403964,-40.880363,-31.600182,0.41792512,8.292674,-70.97661,-52.314823,32.01482
9.223451,12.684914,54.315224,13.964727,10.938524,-32.053974,-42.559505,-21.507574,-14.988329,-71.17201
-18.410564,-69.73355,-13.603394,-18.325977,16.361738,4.353505,39.72914,-63.18285,35.871445,19.713007
-33.160385,7.402801,44.13657,41.70637,56.582504,-42.03805,83.51847,-59.031273,19.32109,-14.132678
31.743542,-25.219929,-55.407597,-69.336266,-31.015667,-5.770507,-12.638802,1.4981625,-36.751987,25.069338
-34.60841,-3.1983202,-6.3797903,-2.0799878,-15.960521,-28.501537,57.89608,-9.119413,-46.04071,-4.500342
11.607132,-3.9868522,-40.45182,-47.70925,30.353159,0.32253206,27.21366,-29.549948,-45.96898,53.725048
-35.715477,-44.822945,-15.446064,17.505268,19.96097,-46.408405,44.79946,-28.437721,-1.0991037,-37.98931
-35.215374,2.8991048,-40.383324,-65.24032,-17.543917,50.38086,40.78835,-32.06349,6.803142,10.819383
2.494322,19.145874,5.846985,14.421675,13.434277,-41.773125,-11.084304,-19.884695,-11.895887,-58.93717
-51.484734,7.87614,-27.872437,-45.155994,-13.4801855,7.826502,-2.5309434,-24.373394,-5.819516,-5.0108004
13.927918,2.4828975,29.089462,6.689858,21.517496,-30.01338,-46.757423,-26.15017,-16.138567,-73.154396
-58.840324,-16.293365,-81.2676,-78.15489,1.534724,-8.536429,-31.359861,-0.5665534,-30.045736,-40.945766
-3.2070796,-48.478897,12.0214,-19.513819,22.610079,-73.562416,70.81907,-23.222517,-34.304462,-23.867496
-45.465282,-48.578327,-0.5695261,2.0378122,7.283511,-67.93599,50.090942,-2.7385888,-47.747944,-14.039972
2.454553,22.975992,-108.08572,-78.59275,-35.220695,-3.0505648,49.03702,12.841092,-67.76442,22.19266
-31.92008,-43.536602,5.0864224,0.28013563,38.689034,-62.495384,62.754223,-26.919405,-24.448051,-47.094658
-34.86227,-29.359264,18.811985,-32.34096,-11.372984,-64.32883,27.086327,-6.713465,-21.96553,10.888239
-18.842445,-37.60166,-23.993626,-54.69636,-24.384323,-42.749187,19.18632,4.8985305,-52.36241,37.483006
-67.558876,-19.583338,-35.456165,-20.488728,7.0698695,52.78494,12.32037,8.478886,64.4526,-48.392143
-26.573689,25.54869,-33.69506,-47.206467,2.465643,34.68765,13.019001,5.9661126,-5.074321,-19.981588
3.3309014,-54.76744,-22.620464,-27.89862,-19.922773,-5.699855,-1.092674,12.456152,-38.98288,45.162727
27.275244,30.957209,-68.765755,-53.994957,-24.069921,10.065322,47.609955,11.728185,-71.66198,36.081463
-32.947647,-67.17598,-20.37595,-63.08368,50.298164,-41.69128,11.144394,-26.07412,61.038113,-28.281876
-2.9786258,-46.968468,2.9918654,-35.496162,47.48704,1.3162383,33.02598,-33.97755,63.304764,9.723792
-48.999523,2.5411012,-24.425837,-44.17466,18.998827,44.596703,51.182842,3.2246923,37.494576,-82.96757
-48.740784,0.17555049,-14.454495,16.388649,-21.828037,38.886425,58.41886,-3.727213,39.59163,-13.006981
31.458138,0.81445444,13.22954,-3.888344,13.029224,-58.17547,-39.177322,30.410627,3.3816483,-79.18139
13.809843,12.215677,19.558773,2.3312206,-10.628439,-58.770576,9.103228,33.721287,-29.275312,-92.011154
8.215401,43.35644,8.40387,-26.83907,-2.615044,-45.921143,-21.546062,3.82082,8.131541,-36.849297
-26.568747,-14.916592,-8.547906,-37.48514,-31.900528,6.9726152,42.604195,-1.3579462,-4.9594007,-17.566639
-24.313437,-12.998276,-63.698906,-55.261753,-22.753702,25.714603,1.62465,31.45895,-2.8158257,36.0597
-36.397923,-27.446295,13.13734,-4.7374396,-12.263629,-36.348892,74.391685,-32.21883,-37.960083,-38.55391
-29.705849,-85.863884,-31.216799,-38.654488,6.428865,5.011009,61.491364,-26.220339,61.650642,30.935183
18.602179,-54.53628,9.869454,-53.536224,-20.911968,16.504702,44.846394,-64.06553,18.821367,17.575848
17.898058,21.231062,17.403797,8.635933,1.9677997,56.893795,-7.0791464,-10.04615,35.406498,-45.477943
-18.926981,55.198948,43.637783,-19.4297,-11.539338,-77.114395,-43.88298,-55.247574,-2.9447596,-111.20116
-29.945559,-58.659103,-0.4062084,-22.965557,48.7137,4.5747156,47.28077,-32.891888,56.69754,11.859487
26.131454,-39.91379,0.7921443,-7.6562805,41.8932,13.516585,34.129814,-35.60167,74.34201,19.334208
-3.611497,-58.253353,-2.8334515,-41.865948,58.99076,-0.67778736,25.877247,-30.091343,46.956596,12.251834
33.934246,23.360962,19.85485,-39.90951,14.512718,-13.5905,-34.98472,16.149818,-18.236822,-67.58228
-5.0051622,14.3054495,21.286652,-8.606119,-19.21531,-50.854477,-35.502697,17.368702,-11.115457,-39.16317
-52.114674,-38.82282,22.015175,-2.1085744,-0.086652674,-82.82559,58.925045,-9.390545,-39.175358,28.941309
25.992327,-21.379766,33.1839,35.274845,33.1757,-52.586163,-22.56357,25.627855,8.420817,-65.75066
-52.056015,14.626048,-40.293854,-16.577295,11.291809,8.688927,46.959503,25.694866,46.743843,-58.12314
-11.861058,-32.423603,49.381184,-6.4499373,-11.490689,-16.635992,8.810925,18.124119,18.959263,-71.439804
-20.53162,-33.840458,-9.032054,14.854893,23.646118,-42.875034,72.42858,-45.294926,-21.765,-55.449753
20.421345,-53.834427,-11.437811,-25.396435,27.420174,21.53133,43.1858,-29.815552,77.97565,31.50987
-42.641567,21.348942,-34.121826,-40.823086,21.212204,75.76168,38.08875,13.691743,30.416225,-64.662506
-44.221672,12.337816,42.47505,21.801582,48.828194,-60.74285,76.68207,-46.42278,-20.427393,-12.898956
7.745752,-0.6610215,13.21387,13.316641,-41.112713,-73.61494,-39.091297,63.019966,-4.368329,-66.57975
12.336637,31.87053,44.763683,-8.201042,7.5673275,-14.682744,-32.700558,-7.611361,-11.2137165,-98.21942
-22.066639,1.8910118,-51.490547,-24.944035,49.654892,31.169163,38.14917,18.576546,50.19406,-4.09102
8.397733,33.098343,14.693726,-0.9525434,1.2382274,-37.773666,-49.556934,2.4894783,5.0654483,-33.889805
-34.314873,37.27863,-35.81872,-37.169502,-13.701973,40.737347,32.055016,3.1621063,60.08368,-36.404747
-7.8227553,-77.6126,11.27532,-15.701407,37.85215,-8.825378,69.06565,-11.750768,47.763786,6.152486
-76.94811,-28.305872,79.57701,-10.759224,91.483185,-38.518574,62.892834,-41.258545,-22.643316,10.544878
-27.153017,16.157726,-0.13820624,-6.5284643,19.471872,-61.242287,-58.399918,18.273726,-31.80743,-38.41181
-14.349301,0.071753174,16.360027,10.685635,-19.17368,-60.64646,-26.822166,47.356148,-13.377301,-92.53813
-56.811077,-44.40594,-20.746122,-5.0869875,20.737947,-56.459946,-19.030739,-3.2319863,-13.526717,-1.0525165
44.74555,-10.102408,-70.4533,-64.27462,-17.386902,-27.23865,3.2075005,-31.813835,-38.550488,-12.005889
34.443844,-56.883324,-30.30164,-28.498331,1.0222642,26.856812,38.722134,-43.770626,-9.324993,31.305609
-39.069912,-49.971016,51.075798,4.5063562,20.296648,-37.30677,67.701454,-56.362957,-28.981035,-17.04791
-41.525883,-25.749807,21.81768,-10.391967,40.690887,-78.760414,51.964283,-19.413218,-41.825092,-32.532448
-18.701233,-45.838394,-16.776976,-30.22392,21.909567,-1.1923037,68.86302,-24.611763,49.35605,17.399239
-37.777256,-60.466038,1.0760902,-5.649128,2.2401016,-59.160255,44.9719,-23.410187,-18.513117,-40.879448
-31.883705,-40.97608,-40.61342,0.6613554,-35.926506,-2.8984716,-79.7794,-42.032665,-35.023033,3.0538862
-21.190031,-45.65293,7.234849,-8.639436,9.358021,-72.09445,61.02494,-37.340046,-17.16551,-21.43944
-41.48686,-30.413303,47.91719,-2.8852963,26.302637,-51.816246,54.205177,-57.468105,-67.43828,-6.445694
-13.0164175,-53.443768,0.27447367,-36.90598,28.629902,-5.5196385,52.076164,-34.082485,26.12141,35.156666
-19.833048,-64.307175,27.564217,-23.200346,55.292015,13.856555,55.050163,-60.2793,67.90345,-2.573404
-22.333614,-46.27183,-22.794596,13.873555,-11.322161,-48.323185,57.4274,-8.9443,-33.71774,-23.042795
2.5961041,-38.995396,-20.644127,-37.467243,19.077805,13.885898,68.55384,-27.360228,69.787346,14.110792
-13.497329,-3.7314234,-28.312792,-64.67514,35.991528,21.946278,35.027588,4.210428,73.46605,10.687698
18.457901,27.591927,25.351189,-7.2931786,-31.883738,-39.06022,-34.879574,-13.309511,5.0971475,-54.09166
-12.015725,-58.181473,1.7349911,-19.55556,46.134125,-3.1259527,25.693897,-39.622223,70.805824,9.1775
8.658458,-11.625429,-38.460266,-69.84908,31.843342,-10.758876,1.7225935,-12.750553,-87.209656,38.211544
-38.389965,-64.590645,0.7749541,-43.106792,52.02865,8.995732,61.161163,-28.066998,56.18402,23.478651
-15.66621,-27.688107,-34.380386,-22.781462,2.142317,35.584698,30.811169,-17.601387,73.63632,-30.287056
17.501577,-20.106785,-81.37712,-51.255432,-39.0973,15.006236,-13.386726,9.63639,-20.994467,-0.24739854
-45.898304,-35.450703,-39.034412,-70.1401,-24.75824,1.755519,-40.985947,6.1010647,-30.57066,-5.7204533
6.838346,-0.32786992,40.304943,5.2431283,-13.18345,-5.574312,-32.021797,7.488473,-5.668496,-77.28751
-33.275196,-25.508183,17.010887,-10.0939455,30.162203,-39.240295,36.908806,-64.985,-35.84203,-42.809074
-54.569664,-87.25677,-28.556244,-16.98214,50.764862,-15.063806,34.21968,-36.83769,107.36445,-21.631441
-13.348255,-23.240967,-27.346762,34.50999,15.977817,-40.8162,67.3826,-35.137066,-21.034706,-52.53267
-6.490677,-51.34505,-34.868496,-20.506804,2.9565294,-27.880672,1.4183642,-21.921896,-40.587452,50.37083
-13.242784,-58.077335,-11.441996,-17.533289,33.106987,6.763547,72.999054,-10.378986,43.225822,59.338528
3.032328,10.667307,21.907787,3.2884407,-11.225544,-40.956547,14.414407,-39.434006,-24.951557,-33.80977
-25.663816,18.14209,-72.21933,-38.04345,1.0342984,24.718178,11.65732,-15.396248,-36.280273,20.384573
-48.869106,11.282408,-39.76388,-30.652061,3.7126484,35.107548,22.259918,7.894783,45.588825,-54.21032
12.135581,-4.4638824,-32.431408,22.963804,-29.476435,-43.216496,12.361074,-0.19659218,-0.95956796,-39.675266
-4.5159025,12.310805,-38.41376,-57.2273,-39.562008,-19.037544,20.054585,33.539185,-14.037563,60.382362
-44.602715,21.80435,-49.88782,-35.41089,23.873434,33.867214,51.63987,10.1475315,58.304142,-61.17523
-52.330437,-16.438509,-18.434565,-39.73149,35.54758,37.733864,16.923357,9.201364,67.25333,-63.61869
-10.011678,-71.41307,-17.20291,-5.5351424,20.824608,11.048491,69.89582,0.90688294,22.886213,11.030766
-3.8006718,-55.79694,23.420193,-35.52885,31.945763,1.3073758,40.085457,-24.890966,19.043774,34.77485
8.250898,6.9583764,28.517387,12.411322,-12.123029,-73.92082,-17.732761,7.7490716,-5.021468,-63.648132
-28.720703,-64.426445,-11.388714,-46.533745,13.043068,2.274961,21.330004,-53.34522,30.456383,46.86017
-36.874207,-47.60896,-0.87337136,3.1034312,-6.0680785,-43.640915,66.79537,-51.24097,-6.294916,-56.808285
-33.240143,31.297125,-90.17082,-41.77369,-15.008298,11.430457,8.721062,4.7732983,-26.859165,28.684055
-9.289785,6.8125796,-69.61489,-88.986115,-9.890027,-9.491541,-8.245491,-11.259612,-42.474426,-32.777645
6.112823,-52.55555,5.1350846,-12.425765,61.83475,-12.68726,14.325438,-2.8045943,68.34309,13.66514
-10.082977,23.232517,28.385174,-25.716366,11.427378,8.784994,25.437288,13.529461,11.05284,-72.66285
-6.965399,-50.85116,-4.8220634,-46.43213,25.950542,12.518588,52.174816,-49.18402,47.04787,15.348425
-39.008335,-33.535362,0.41746855,13.045218,11.480566,-43.13503,58.844543,-48.79241,-42.582787,-44.022007
10.621781,-63.825214,-15.811138,-27.545084,-27.957361,17.318293,13.39902,1.0953535,-47.2672,69.307724
8.129297,-50.096928,-17.672874,-38.557167,7.4667296,-28.484734,20.061102,-27.90882,-7.7152405,48.79001
30.331207,-5.640623,14.588307,-3.93588,-3.4233625,-28.93384,-31.693913,3.8470428,-8.901661,-90.32307
-49.66733,18.565783,-25.06399,-28.511099,2.2481008,34.34158,43.121357,3.7450051,69.168655,-56.40201
-5.474852,-27.541292,-65.15885,-60.76384,22.454178,-16.85957,6.202663,-19.144056,-24.00309,44.538044
-30.218782,15.988583,-34.683846,-59.85358,16.733463,54.864033,36.873203,7.903727,36.996452,-81.70331
3.4318228,-68.954796,7.783511,-53.06071,21.661503,-4.566236,59.13472,-53.05016,41.064438,22.479963
-0.016610397,-59.0502,-32.86144,-22.354147,26.07418,-9.263473,48.740467,-18.712982,62.012527,-20.733456
21.271042,12.078898,1.9374235,15.604883,-2.7692776,-28.153496,-48.271404,42.051125,-8.102938,-43.72743
17.198858,-8.965897,-32.31435,-48.724915,21.145584,28.181425,24.606565,-4.8557715,-19.619905,51.428432
-7.9222393,-41.54496,-33.974903,-10.645034,10.523091,-13.90004,-8.183037,-59.184906,-47.670616,50.9792
-5.074533,-35.29042,-59.97851,-51.147617,11.573522,6.9111834,-5.828756,-28.035835,-44.9982,25.846983
-37.41107,53.93449,-44.51047,-44.64358,-15.945125,55.94623,34.69114,25.814539,59.985085,-25.498608
-35.280827,-50.584618,-26.38657,-19.91119,27.445988,-0.76114994,53.727386,-18.272245,68.71122,-0.49536094
-27.878399,-51.025784,-14.385628,2.7641463,-15.846449,-55.483578,73.40708,-16.753466,-8.719917,-60.620987
-17.398243,-39.53943,-18.385427,25.905151,-7.191332,-71.67065,57.89467,-5.3600044,-19.263657,-4.636435
-5.5896573,-34.362926,-11.928244,-60.46409,26.140457,-5.3614426,25.278769,11.15524,59.779675,12.631002
-23.582556,-47.441647,-15.347213,-33.67482,27.221272,3.4911609,31.83811,-8.49252,82.81209,6.1226215
-21.543392,12.383751,-49.190685,-49.6045,4.53664,28.073431,4.0533333,4.27225,92.56796,-15.3000965
-26.667442,24.604649,-63.232967,-34.782715,9.044063,34.799156,42.4733,17.40313,81.49181,-87.03233
11.781177,-46.372612,-3.4010906,-41.61728,52.242596,10.102086,27.330877,-21.138569,72.52173,19.558382
-22.153105,-30.901781,26.214397,8.223459,-12.022168,-53.627567,55.29751,-27.128279,-62.99499,-5.0961366
-27.763168,-24.60225,-22.262993,-25.991484,17.419348,21.440254,57.942062,28.034607,66.63299,-50.24029
-29.990131,3.7009966,-69.4969,-42.389668,0.58882767,13.36501,30.378412,19.88219,51.610764,-69.756805
1.3229597,-69.202675,-6.6938634,-19.696999,64.42945,11.592481,24.653677,-0.5851999,64.7845,24.491198
48.855164,7.436604,13.482147,-16.08518,13.743812,-2.237844,-34.063873,28.584898,-5.712588,-69.28093
0.056872994,-39.895836,10.899113,-29.353155,1.6889839,-38.121254,-13.367812,-3.4307718,-11.031508,-55.473392
12.158513,14.71181,9.776694,-3.5764353,-1.2597624,-36.69563,-25.894732,-8.113393,-17.702778,-71.36623
-12.742324,9.051424,-71.335464,-50.689312,-18.772266,23.207146,22.367767,-36.18759,-49.26818,44.392582
-16.197252,-45.48848,-6.6756806,5.7118587,18.480305,-46.249077,32.113373,-24.967224,-20.98034,-44.170513
-20.235321,-31.48454,2.326995,10.441821,45.1242,-55.788578,19.261484,-41.587055,-27.869017,-30.587534
-56.772045,-20.2976,-27.316427,-12.759869,-12.735335,80.06423,26.822788,10.277549,41.22853,-14.407728
-35.681744,17.479475,-31.12688,-21.06089,1.869091,32.108654,56.63006,-11.530998,16.427721,-49.02509
-59.679585,17.534586,-30.246254,-36.107914,17.775719,39.09954,34.112175,-21.068047,40.925713,-41.118805
-36.583508,48.086426,-51.315315,-40.02147,3.1376498,43.875217,18.56803,-12.725826,29.163109,-32.726036
0.6203126,-52.920235,-31.201183,-44.252743,32.812683,11.760219,72.4978,-29.291397,15.671592,36.68801
31.584854,10.62152,11.879294,17.33638,4.1414723,-44.913616,-34.509224,18.318548,-9.123762,-47.285973
-18.399693,-49.226086,5.618603,-8.48205,-1.6672318,-49.689472,67.80847,-40.873077,-30.396101,-52.3749
-19.163782,-2.209892,-0.4889006,-55.11604,-16.787577,35.181755,-13.807725,-18.492838,-35.46177,30.705599
-13.586736,-70.351524,1.0737839,-60.118908,-6.706243,-26.791655,24.11035,20.24696,1.6348226,22.159887
38.05883,-39.041092,46.8189,-37.415646,0.65819174,11.156705,-15.343793,18.524286,59.660923,1.0069902
-29.980412,-4.3777075,-40.69192,-61.078217,4.4335713,44.889114,27.526402,2.7762544,-32.11123,5.667794
-31.700945,35.08352,-46.158646,-16.493889,11.316062,44.009327,43.556023,2.548251,47.970894,-77.40444
47.119408,-41.254593,-27.617006,-52.416492,-3.8119447,-46.545094,-5.7004385,-35.32203,-30.373302,41.121178
-1.1407739,-41.48562,-40.334152,-42.538643,12.876525,-25.45731,23.433262,-29.873629,10.9558935,17.555101
-10.95121,22.401241,-18.843464,12.129943,-8.618567,40.296295,-4.5802054,-21.161793,57.214176,-52.220238
24.338028,-30.595804,-44.23848,-26.092878,7.097525,18.414589,26.169653,-28.89115,10.272933,40.805027
-23.40746,-33.25556,-56.8061,-45.087738,-23.623566,11.377158,40.481636,17.401314,-41.59074,8.108838
29.914976,-6.446536,5.871538,-17.837103,38.599697,-15.981674,17.085873,6.6847577,43.28504,5.417201
-17.53475,-37.84872,-31.108677,12.796908,-13.269299,-70.12927,59.718437,-18.537941,-15.726228,-34.08257
40.77727,-28.802452,26.47462,5.630987,9.716248,-53.14034,-26.746534,6.488021,18.049164,-60.14509
-60.912453,-33.183575,-4.7428827,-36.575092,53.748707,31.69952,28.634588,-1.6657065,74.57866,-63.195976
4.2737803,-8.543916,-37.403217,-39.006397,-23.407673,0.40289462,-26.377127,6.687509,-67.984474,61.76858
-2.526197,16.195854,34.65245,5.828236,-22.312775,-56.880497,-7.968902,-18.5591,-2.9764087,-67.944534
-49.235237,1.7786442,52.70936,-9.088309,67.597015,-81.32489,57.10588,-34.14531,-29.609678,13.951704
38.602345,-6.927766,-39.19289,-23.028858,-39.47802,-46.988964,-60.330276,31.249329,-7.3480725,-85.04707
-37.521503,-8.2372875,-49.544167,-59.356766,-33.027054,-29.000055,-25.666805,2.2118442,-29.132267,9.604113
-10.787765,-46.65195,-61.532307,-62.632294,-7.5981765,3.2435336,-11.108519,-15.91779,-58.902946,-10.575565
33.744774,19.550234,-13.728655,-3.0942142,-12.895344,-37.33216,-14.748273,-17.365026,-6.93958,-74.54913
12.676578,-14.625794,-31.742739,-81.592255,-32.212322,1.9767162,19.410297,-14.308589,-54.351967,-3.964522
-23.29868,-14.222114,-63.521255,-16.89071,-0.2548994,31.86787,0.99237454,4.8806276,43.70748,-13.253159
-1.7663304,-38.935184,-27.372684,-38.011032,16.083416,14.224615,51.25308,-25.414898,56.71997,7.6821404
-16.70168,11.875321,0.6195165,-4.239874,-33.94517,17.048004,16.519169,-9.332431,-14.121381,-51.64517
33.704216,-10.5864525,48.202984,3.4134564,4.8748293,14.667968,-37.705868,20.887981,-1.762548,-56.651855
-16.44324,9.396139,-20.595966,33.853535,-0.6196928,-36.03101,20.420635,-3.8442025,-19.415081,-38.493416
-18.218538,-22.892782,-11.134743,20.477943,-23.602098,-42.59033,3.3281698,1.8564081,-17.732553,-4.164545
-51.70682,22.3528,-45.31051,-35.70902,43.09934,53.496056,34.33219,0.7373702,34.5444,-30.098305
-20.607996,-46.648228,5.8929086,7.5499206,0.040534556,-32.307518,17.253345,-18.083893,-36.783485,-38.530308
-10.568783,-60.41121,15.776036,-75.90613,15.793795,-34.90684,-10.967092,9.531293,14.477448,-16.039627
-1.6855543,-34.827393,-7.326551,-36.09299,29.281115,-13.1690035,54.700882,-39.250835,58.018085,-6.897378
24.823093,23.128002,26.621536,-11.656368,44.643566,-43.98891,-10.281122,6.2451468,-32.758213,-99.95848
2.787965,-21.606955,-36.238262,-34.15491,39.32799,8.385775,35.480534,-29.38364,-9.905148,39.45666
17.852724,16.856688,2.3053918,-21.085478,14.80366,-46.84282,-38.023106,35.105633,-25.835577,-109.59896
-40.853443,-13.361357,-46.130554,-4.1638002,0.9529658,48.12778,35.997654,19.321218,21.778015,-39.78268
-21.519125,-24.634611,9.269867,21.257624,-1.361342,-54.249237,65.30763,-24.871458,-50.709522,3.5619442
25.931496,42.782196,41.94796,-14.25316,23.892994,-24.08969,-32.887337,10.912635,-37.527966,-93.300735
-50.794605,47.935375,-37.013844,-54.37933,6.335166,48.89877,58.099648,21.54077,36.799362,-31.865583
-6.315835,-20.871101,-41.90516,-46.314884,2.946891,-37.12883,3.008778,-21.753012,-51.007217,41.856754
-17.770313,-52.12683,-14.154347,3.4163394,9.4576,-60.77599,59.91575,-29.980793,1.3038828,-44.68386
8.7913265,-67.51029,-21.175129,-23.742073,32.10339,8.341461,50.28292,-25.228909,61.838684,-31.203648
-19.723278,-18.064224,-20.2302,-86.654434,-33.067497,31.362522,-1.1343529,-22.733734,-62.619144,57.988567
-29.047709,-27.275759,0.020095944,-39.122128,-35.03531,-42.38825,2.5353746,2.5811863,-30.894808,26.301714
7.865642,-47.855835,-40.25549,-32.041622,31.718874,22.986147,26.373228,-29.245356,44.818127,4.707488
8.741142,-48.60012,-18.293325,-10.851987,61.067383,2.3915696,36.219166,-20.530039,77.34769,17.965593
3.818863,17.782692,-47.43339,-81.9063,-13.801257,21.255398,29.393024,1.394891,-50.779728,19.895601
-33.937786,27.398048,-1.5072637,-19.52036,10.569327,-37.511208,-20.728024,14.505291,-1.2403319,-90.292725
8.432857,-70.156136,-3.6365955,-26.63749,45.80509,1.4132951,47.204216,-16.420685,50.896667,13.036396
-28.40503,-26.824583,-9.638811,-59.70686,-45.315838,5.5199156,-0.23017012,-17.649597,-23.229548,42.09366
25.103094,-41.924355,24.239372,-11.715667,18.496119,26.275093,29.445887,11.276175,33.001076,-33.637512
-23.770943,-12.790448,34.224373,28.254927,25.892895,-42.40646,70.479706,-34.475803,18.23274,-11.111501
-29.167633,49.009945,-22.311285,-10.4604845,-6.0424447,46.695724,25.31341,13.895476,42.602978,-41.483162
-60.998093,9.756826,-28.25376,-37.177418,12.246605,37.180202,26.35382,8.49153,45.05549,-45.919914
-17.728016,-27.655022,-31.087454,-26.425655,55.21737,40.12333,49.474922,4.894253,44.32018,-28.297947
-17.452883,-19.020126,-80.43952,-28.311317,-9.65636,33.648273,0.4998721,8.892288,25.418201,-30.184801
-48.543274,46.33468,-31.15578,-57.657963,-3.7621577,56.028366,54.059483,20.011936,49.14119,-26.102634
18.24761,-63.884968,14.54424,-43.527092,24.024845,-10.356161,13.64274,-61.75939,46.657433,-18.953127
-27.176874,-6.4072495,-7.436173,8.189349,4.659142,-10.483461,31.462734,-40.179295,4.3033843,-46.08618
-58.768726,-40.628685,-33.894466,-30.463455,-43.475006,12.211278,-63.71009,10.182295,-33.614517,6.2749977
14.85208,-6.102434,46.134617,-1.1684259,27.39953,-21.828033,0.52586347,18.355469,7.3861756,-80.535645
-40.670967,-26.721567,-13.557404,-54.993717,-21.570791,36.249634,28.00754,1.0414628,-23.499708,23.43275
-28.667927,-21.436142,-42.58596,-52.43371,-12.416809,17.912357,-22.569645,14.094365,-11.704382,13.186776
-18.286167,-63.842037,1.547667,-33.39738,21.82943,-22.5179,49.736935,-26.27815,44.285942,-6.00415
-39.55016,28.993649,-36.70327,-53.912445,-14.148052,32.198322,55.97999,17.383194,63.700478,-40.46565
-10.129468,-50.973885,4.631779,-15.925952,24.44576,-55.75335,61.2163,-53.351227,-13.625035,-39.86309
1.4840817,-31.365377,-16.162298,-1.8101017,22.100117,-18.379404,45.57836,-35.990692,60.48269,20.262129
-2.912335,33.042904,-14.572511,13.708046,-50.015312,57.77234,10.402787,-14.468594,43.994728,-29.100473
20.030186,1.8992604,-78.77666,-50.04357,-1.595904,23.967964,6.4838085,-0.90261513,-28.46747,11.735247
-11.438797,-67.60752,-0.006664119,-29.017351,44.861145,-17.583117,21.357422,-27.674511,68.11178,4.0335865
-33.720364,43.31014,-55.820183,-48.022503,-34.36989,32.306095,40.062916,13.84736,58.403027,-58.396667
2.205977,-10.6273,20.804455,10.421123,-27.272541,-74.712715,-36.681854,57.237514,-4.7676663,-65.991066
-3.2675602,-54.769337,-16.767363,-27.10274,38.591576,0.9592124,50.861023,-32.037548,61.405067,-2.21428
-6.880805,-28.377716,-18.865526,-80.45848,-32.366936,-5.056543,16.411343,-2.321146,-64.88567,32.75633
-21.560389,34.334427,-7.512164,-26.580372,-11.712975,19.764141,30.054699,17.957626,38.548668,-46.728886
12.516372,-53.55577,-10.789755,-15.364936,23.84046,36.416847,12.714886,-40.31695,87.90962,-20.477047
4.982317,-60.571888,6.606681,-37.40683,27.680475,8.373593,60.35054,-38.44629,58.03463,44.54032
10.309605,45.132133,6.6103697,-14.588726,7.770969,-9.708395,-8.620135,-21.322872,3.5123432,-81.60612
1.7893777,-31.925041,-48.800316,-24.953526,26.742758,21.096659,26.900793,-18.526518,30.710768,26.762983
-44.813625,2.4036536,-30.288431,-5.9077125,-13.227,56.926163,30.564983,-10.642114,79.84522,-45.956734
39.827724,-0.7785581,6.115694,-75.85869,-23.830725,3.337462,2.0227437,-53.378765,-38.183212,48.554363
14.815615,-46.320602,1.9047458,4.536319,46.612442,11.689146,65.764534,-58.009144,70.36627,26.306543
37.493435,-26.774687,49.963993,3.121564,-0.061355423,-36.71403,-18.67375,13.08737,18.091583,-55.729927
21.88662,-12.898276,-19.244,-81.14792,-18.352156,-19.320656,8.374565,-15.099351,-67.33463,35.637997
-36.348957,-41.388664,13.811769,-11.589774,12.621745,-60.284657,65.42523,-36.11129,-12.212602,-21.677027
-70.870834,-22.141064,-35.98605,-37.491074,32.621166,49.732555,37.36003,8.582461,66.19703,-17.046211
-5.984252,15.659971,20.986012,-16.931572,-3.6772501,-66.765076,-30.129614,50.090096,-24.777874,-84.82405
-18.029877,15.177956,-9.461078,4.89974,38.50687,-50.69539,80.04665,-28.771757,7.636411,-43.013752
-30.391506,33.515133,-33.688335,-15.754689,-1.4905406,47.509216,47.233677,2.4812045,54.97682,-55.08598
-24.400352,-35.086308,-43.492916,-81.737274,-24.255678,2.410771,-16.62351,-33.968758,-30.534386,32.265327
-21.81494,-48.07514,-33.832733,-14.670607,-14.218221,-32.858448,-24.881533,17.819021,-49.856144,55.465168
-12.698139,-32.132885,-17.065424,-11.860635,46.953037,30.418667,26.467892,-8.816538,78.244965,-33.06374
-38.677605,42.292286,-59.26417,-31.48124,-14.753664,42.819603,34.558994,18.46473,73.78964,-40.933025
-27.571537,-49.535553,-2.7383242,-13.510986,45.589203,17.905592,36.951332,-62.164173,49.495296,-32.29393
-31.155289,-51.61456,-2.980814,-32.763313,21.859684,2.4849029,60.493637,-27.76752,41.08171,42.44409
-55.461903,-55.081203,27.781364,2.2159991,-6.4806786,-56.6881,30.070812,21.03903,-65.13505,20.508942
12.811264,-51.475185,6.1033564,-12.859465,67.7871,10.744652,27.03137,-38.85189,56.633595,1.9552672
-12.343723,26.102695,-58.259743,-62.21109,8.642135,8.671976,-0.4596144,-14.329913,-23.333624,14.520823
-4.81161,-63.872288,-8.361076,-31.395416,37.517395,-6.510014,65.96751,-32.468964,47.069206,7.7156677
-40.700253,-55.89946,20.106335,-16.993565,19.917488,-52.76249,27.865599,-22.993666,-17.11363,3.1110833
-47.571766,-30.444242,-11.073483,1.4807953,1.4441965,-10.567989,67.83097,-0.4350277,-23.856808,0.8106344
-43.177822,-1.2407598,-30.467918,-18.615328,-24.47761,27.38939,49.20414,-18.120682,8.942766,-24.72805
-24.938894,-22.124414,-23.913128,-20.893301,20.001719,-16.001554,25.935276,-23.715492,-18.139399,17.405016
-7.433649,20.35109,-28.03881,-27.209549,9.637209,-44.76192,-20.28533,20.839869,28.029024,-73.29651
-29.162035,-72.63757,-5.238021,-13.353342,40.115364,13.750744,82.07567,-35.910797,44.963734,9.335794
-30.69197,11.101901,-43.138645,-105.82682,-37.234837,2.6481533,-18.368088,-8.225292,-32.76723,-2.2317634
-39.39889,-23.03196,37.014477,21.176504,38.881165,-39.220078,41.377758,-69.619125,-39.988316,-42.25232
-11.288912,-66.50304,-25.236374,-15.806492,52.89637,-7.665616,39.25482,-11.252194,75.12349,11.457364
-12.813863,-41.31003,-64.626854,-57.807457,4.014147,6.3495045,-7.623716,-30.245975,-17.63583,18.513956
13.493301,-62.966133,18.714664,-15.103768,60.368633,-4.395938,40.075867,-34.715576,44.79181,-7.1904306
-35.190956,-23.861656,-9.749096,25.83708,29.100508,-39.39926,79.11761,-32.87116,-6.8117337,-48.234707
-4.682226,7.244489,-8.844112,-23.58034,-53.26782,-17.010204,-37.303024,-39.606182,-38.992386,-5.1190653
-45.964645,-18.728266,-10.735182,-79.27192,-31.892504,-0.6490851,10.501316,26.55982,-57.436954,54.074627
-18.785,-72.5812,15.296199,-15.686504,49.53935,18.348625,29.686453,-68.915146,73.081764,-10.746348
-2.5147228,9.887737,43.28047,17.79984,-13.660524,-75.95412,-31.035463,-5.763011,0.92281795,-68.50378
-38.077793,-35.826706,-2.2394626,-2.8582673,30.910587,-54.043037,25.58188,-47.62829,-27.28956,-25.522936
-19.274391,-31.937895,4.0689244,17.724813,1.6549726,-29.893803,47.593586,-47.579292,-26.985523,-38.241756
-52.15349,35.404884,-43.632347,-8.32151,1.0627925,46.5791,33.886585,14.391388,65.21627,-33.765675
-19.361765,35.641857,-34.591797,-36.638416,5.91369,55.919884,46.727726,-5.8289213,42.03289,-43.42094
-40.6312,-21.530025,34.78512,5.5317054,8.264952,-54.084415,73.26442,-14.356318,-18.309422,10.901681
12.735651,2.011399,-4.1302505,17.27916,3.7978494,-50.915947,-29.079218,11.36166,-4.165392,-51.688953
-5.1202617,-0.27953646,-1.4794593,13.924093,18.530819,-64.306915,-46.18956,-22.763395,-19.779293,-58.59381
-33.852207,-58.644485,12.739188,-33.22338,1.0328515,-48.87054,31.607449,-11.984493,-31.113102,20.18998
-44.827305,-14.309559,20.18161,-15.708255,-9.325854,-22.140844,49.17719,-37.307423,-36.86763,3.3952768
-2.0323184,-68.8254,-14.21091,-10.315589,60.13225,22.065386,31.083456,-26.365778,78.65699,11.511171
-28.268778,18.399988,-43.8239,-13.915666,4.895863,77.45702,41.836136,-0.22897048,44.09169,-57.584923
-19.264519,-69.866035,-21.475365,-10.353302,59.26881,-23.835573,34.732063,-33.932114,118.71097,11.831999
-23.767925,-76.888336,-44.133568,-21.32561,-28.830452,-8.215627,-20.992466,-52.883583,-29.978413,16.192736
-24.372225,-34.982723,1.8257883,-84.64152,-36.979546,11.581122,20.212597,5.226773,-49.30675,46.827744
7.716339,-12.1349,-61.6823,-42.617283,26.899267,-24.698654,2.891622,-25.64032,-61.908974,53.196934
-22.100346,3.697755,-15.37139,-12.848791,37.327465,42.06732,52.88938,-9.785838,27.638334,-29.898573
15.989074,-66.700806,3.8623657,-19.18984,46.027985,-13.292043,45.207184,-30.365648,32.883003,2.1871026
13.350685,-70.74053,-6.156524,2.4096093,39.891014,10.97193,47.48842,-71.63131,61.621983,-5.60191
-25.683434,32.40083,10.338055,-41.965755,-5.1469736,44.97342,24.904598,0.3740897,24.928902,-37.52111
-18.706558,7.114142,-44.869366,-29.201302,0.18152028,65.108894,37.594646,-1.0334845,14.621315,-57.86332
-13.784698,-18.413046,-7.8113546,14.413032,21.947538,-48.835594,82.20805,-46.19823,-20.505697,-44.868595
-50.002804,-9.760135,-23.492699,-9.151337,-15.6806,30.25069,61.10002,-20.660015,7.038178,-8.313061
-86.0791,16.27117,-11.364964,-30.115782,0.6475364,53.886837,47.47663,21.836376,67.573944,-28.51627
-47.170963,18.01709,-46.89957,-24.05633,7.258019,48.03232,18.906769,-3.9130595,36.55904,-45.037193
19.941061,-10.620062,-15.874235,-23.869484,-16.126852,-54.51706,10.655649,-12.82625,-37.17927,-36.43972
7.2484612,-76.46033,4.0081797,-20.812109,24.217606,0.4876567,47.69084,-23.632526,55.64276,-15.692856
16.98714,-11.9066105,-66.24172,-65.92532,-21.101454,30.411848,12.830164,19.860579,-28.68743,35.59576
36.6508,7.4579644,-63.441216,-83.2218,-12.801179,-24.45264,9.89733,-33.427647,-18.249765,24.833948
-17.742647,-31.850546,46.316566,-14.117309,-5.3485856,-13.898161,6.345378,16.680363,20.94769,-60.901592
18.792074,0.4911352,24.020142,13.982549,28.399557,-38.212498,-10.318261,23.350637,0.88101053,-85.99216
22.560728,54.89993,-11.505994,1.3447753,-7.55258,-52.255722,-45.522736,18.618425,-3.6301637,-65.135605
-5.3631988,-9.577825,-41.908813,-78.16474,-8.661176,21.829187,24.049541,4.1157346,-43.491367,16.579712
-10.187558,-35.710087,-22.01453,-18.47197,52.235672,22.431364,41.616333,10.766206,69.15742,-22.729193
-43.68204,-7.5831413,-60.351273,-30.001541,1.2910445,26.918512,27.647238,-14.086766,46.380234,-48.319878
-23.047215,-46.318546,-28.04496,-62.79569,-15.568658,-46.840916,33.93784,31.284912,-42.80535,40.97014
-0.7789724,-55.88584,-11.290951,-43.671547,13.548771,25.65259,61.268646,-53.61809,76.39964,17.435953
-37.762924,-61.91769,19.366959,12.929836,-39.0683,-51.992195,55.996006,-18.796276,-28.026928,-21.549746
-24.438765,-42.50082,-22.786032,-74.66009,-49.263714,16.377735,22.56317,-37.534935,-28.701939,49.61737
47.871197,22.800838,-65.501076,-69.90875,-19.589985,18.18602,27.575516,-13.393736,-62.52671,60.549862
-17.511198,39.50357,26.699852,8.523868,1.7182446,-77.41019,-18.85985,-17.870453,10.414894,-47.228477
-15.523445,-55.93473,-8.867583,-31.470972,56.956223,24.053047,34.763565,-38.659603,59.22245,-2.2394032
-2.3901985,2.2880452,-9.909747,-0.5311894,-14.345494,-51.897213,27.421352,13.758353,-40.075497,-12.16383
66.194824,3.3526833,18.637012,-43.012287,-10.701007,-12.058256,-44.285774,-2.8766534,2.937021,-79.22065
1.8114293,39.912052,0.42789197,-35.75553,-18.417728,-18.431463,7.906048,36.937977,7.5607686,-62.690247
-40.446075,13.416696,-45.647327,-33.98296,-3.7344768,21.530754,9.910577,-0.22012644,22.135113,-22.6378
-24.161505,-41.74185,-11.467946,15.716385,-25.245169,-46.665108,32.75627,-8.037458,-35.27959,-0.16912891
-44.39413,8.86945,-39.55227,-33.91492,0.23164278,50.652668,41.866085,-7.462221,43.446266,-32.855946
-10.925356,-67.13152,-24.798414,-13.889536,10.765533,12.910557,35.071754,-8.381465,63.073647,-13.42378
-18.551247,-53.752796,11.58374,-34.846226,56.3059,-1.8358997,35.02775,-25.741583,52.05372,11.108215
-27.402033,15.20121,17.35138,7.5496116,-31.012619,-50.799847,-26.692474,41.895752,-20.694996,-98.55988
-33.124252,-14.569853,-54.829044,-23.68727,13.62314,9.759586,7.6343684,-11.680885,-0.53527266,-26.759977
-3.0711262,-17.496077,-36.30983,-43.689426,7.114989,-11.785163,7.5829206,-49.889954,-51.175655,70.60141
2.4083688,24.08942,3.618391,-22.091194,-40.232212,-45.111893,-25.91976,-22.422329,-26.731958,-123.81895
0.4216777,-31.676262,-39.661713,22.1528,-16.570332,-44.278122,81.357956,-44.44368,-13.071825,-45.402287
-32.547863,-63.91745,-37.109406,-62.029514,-14.452649,-20.590029,-32.165672,-17.820133,12.836263,22.465178
25.899456,-58.07035,-14.354732,-64.78012,26.542185,-5.70494,-4.0431156,-70.035934,66.2117,16.897194
-36.163074,-32.54595,-27.589588,-12.141823,0.655634,1.4390026,51.155018,-37.600086,96.08546,27.997057
-32.273975,-88.80076,-31.7145,-31.380934,2.912249,-22.119307,23.270466,-35.6642,52.9727,13.9011135
2.8759582,61.35629,21.794426,-6.2762866,7.135712,-37.389294,-16.856045,-12.56969,2.9077733,-54.87016
-36.91835,-71.43445,2.9970238,-30.201975,-8.751407,-83.10464,-4.3343673,18.42356,-5.4008594,2.0927732
-24.576214,-15.480176,-64.87683,-60.183,-30.834177,0.86584866,4.9025984,-46.86083,-35.660717,42.15219
-27.826153,-71.66688,-24.770603,-26.197887,25.199284,7.294114,60.591225,-36.079075,45.965183,18.490366
-23.100294,-10.598596,-36.76041,40.076283,4.9284587,-40.154453,56.30667,-16.822378,-20.022633,-24.230858
-5.844865,-39.865723,-42.128178,-57.2923,-26.859999,14.95962,22.207928,15.200159,-65.51065,15.120033
3.6135492,-17.135351,-49.652092,-66.73736,-10.452004,-40.98462,-4.52303,-17.439999,-54.51639,5.291665
-40.629894,-44.951176,18.427692,-6.977072,14.581033,-54.300045,54.545666,-22.933184,-30.01941,-4.4653115
-25.2728,-79.962364,-36.33996,-32.07962,69.5399,7.0755444,22.41533,-0.31577703,101.31707,19.046505
23.032278,15.73139,-61.80766,-92.120384,-23.76265,2.4559512,10.924886,-21.269829,-40.42152,16.123299
-44.519367,-2.3800912,-31.492085,-16.018326,-10.48624,81.10806,33.002804,16.814688,34.1231,-45.51796
1.9011235,-66.506355,-20.483139,-3.5473328,49.926598,11.879351,41.192696,-38.19243,88.92657,25.163496
-50.812588,23.005121,-60.194,-49.411556,-32.076168,45.43539,24.242765,-2.4874206,15.747731,-13.258069
48.39237,3.4529727,10.680747,-35.473972,-8.801656,-36.728176,-32.520493,-12.446807,7.4854956,-88.60327
23.288483,-36.854885,-19.210558,-73.54509,-48.15784,11.382127,35.436306,19.18306,-33.02805,48.186363
24.254421,3.4676244,46.030453,22.827044,-6.014616,-77.09442,-21.552372,16.24689,-19.124664,-58.918568
-41.0051,-73.09085,-18.448977,-15.362104,13.662332,-13.457121,39.480553,-81.485886,96.19811,3.4858758
28.994122,2.1296437,-49.762417,-89.12779,-11.628423,-9.301405,3.6357641,-14.244383,-53.560722,12.79623
-21.508934,-49.588448,-2.0394487,-14.043646,68.10743,10.709617,60.795,-6.2041616,73.13712,26.960632
-24.40218,-45.15582,-22.389612,-6.9065733,-19.918516,-80.08067,65.73414,9.192191,-39.819763,-17.920649
12.33322,22.887186,19.381668,-18.892641,9.851968,-57.11894,-35.61828,36.56748,-22.721317,-81.86079
-56.295002,-36.65561,15.111352,16.728603,-1.4653516,-38.75662,63.69272,-12.599453,-28.192518,2.788228
-8.71081,-37.96194,-11.738872,-63.031364,-56.974655,-18.881687,3.0614815,-16.053665,-71.642494,30.015053
-31.743963,-78.359314,9.950162,-69.27197,60.639694,-23.082207,23.597242,-50.64247,57.29806,-10.849391
-19.173,30.242277,23.938572,-10.4957695,18.970928,-51.154106,19.97331,-22.750729,-12.166996,-30.49617
8.444794,-18.451845,55.38887,19.216574,-33.917824,-62.110565,-43.58567,27.546919,2.6933897,-56.740833
-10.493973,-0.7106808,-40.2727,-73.68986,2.350614,32.369083,4.9981694,-3.479148,-83.2481,38.489983
-16.036087,-43.368317,-12.564054,-13.472901,18.430723,-12.543228,77.907364,21.727541,36.417397,19.212664
16.699167,-9.288107,26.182968,-2.9565725,3.6549768,-58.572548,-18.749134,-8.830887,13.477301,-76.229805
-11.729161,-21.638643,-17.773487,-23.252,9.3830595,35.521046,44.82673,-37.80753,51.662735,-82.704185
-32.024982,2.6834772,-79.10808,-44.189575,-0.47810662,11.327079,33.93561,11.371704,54.433,-48.374977
-30.805395,57.321167,-63.057953,-37.35131,-9.17498,64.625114,26.438555,21.092361,46.598946,-26.904007
-18.84874,-22.849676,-54.658596,-35.634327,-3.3884618,9.197433,16.954212,-21.666176,-6.176524,55.467945
-12.506731,-11.643244,-18.083843,-77.070724,17.063633,24.443476,20.90827,-21.850962,-59.8234,9.171584
-30.265535,11.477076,-42.041798,6.540261,12.274308,18.951939,68.789444,-57.413918,15.931752,-34.56892
-28.225548,-28.220015,5.868212,-1.6406192,12.234509,-56.531998,62.192326,-39.42933,-30.248896,-41.579414
-48.645252,-20.77145,-28.543097,12.089835,-5.400838,-44.13892,67.99964,-21.463184,-5.5883193,-25.168842
-16.48555,-64.56558,-0.5561273,-37.80551,28.018177,2.2894778,46.560482,-42.847622,63.44182,12.464075
5.854184,41.648117,12.464115,-0.47032192,37.050842,-61.362503,-40.255444,21.15725,-31.198452,-64.37508
-12.255467,-18.525513,-44.08769,-31.233284,41.792084,29.087828,57.543175,8.717286,56.038414,-32.210686
37.64491,3.1959636,-6.4651885,2.3257294,19.014889,-18.648912,-41.770718,46.72147,-6.4859962,-72.29713
7.5977626,-4.601415,-2.7739868,5.891561,44.942814,-61.161915,26.575975,-62.951855,13.080714,-33.964054
35.468204,-1.6299286,57.712677,0.10198915,11.204057,12.036763,-12.931617,8.546748,4.087853,-66.295425
-23.203184,10.691517,-10.243725,5.135032,11.337902,-18.94414,-28.36939,14.135556,-9.172652,-38.10796
28.30866,-1.6612865,8.580266,2.570291,-10.049116,-48.968925,-48.65282,18.462,2.1114833,-45.265522
-60.546707,6.834126,-34.37762,-28.182861,4.8697824,33.890633,54.211853,5.9973016,64.03929,-40.24474
1.5942357,-17.305088,-30.407919,-22.231527,28.55055,3.1087303,36.499622,-33.258217,-23.385038,54.547
-12.816172,-31.753277,-19.79572,-52.09235,30.264809,-8.111572,21.557585,-12.502817,99.88472,28.090326
-5.601872,-63.19197,-14.55373,-19.144686,9.685026,-0.7872739,33.515663,-37.508545,44.622,2.946545
-35.56273,13.7312565,-32.63821,-48.39428,14.134491,36.67728,38.225258,-3.0336602,72.3406,-56.08085
-29.284481,-12.629065,-13.541648,-14.920167,22.794933,47.75304,16.237541,37.786198,5.32908,-73.05481
8.313699,-66.157104,10.501649,-32.671013,33.3776,21.373512,67.25856,-38.086452,74.42732,40.641174
20.957201,2.9006546,36.396683,-9.665013,15.710182,7.101577,-46.217896,15.209849,-25.81663,-65.47595
-20.033897,-4.4921856,-4.1900344,18.77471,-29.513462,-23.2893,5.9685316,-16.290527,0.5777595,-19.124594
-51.6643,-16.977722,-33.898083,-12.931343,12.810328,76.67092,19.834507,24.114302,41.626495,-59.96226
9.795432,-28.939854,-9.65032,-25.130613,16.772644,-30.108765,29.361242,9.104768,45.475903,-7.023684
-23.013838,1.0750873,-32.116055,39.231495,10.608167,-35.93749,62.278748,-18.050055,-24.7197,-18.958323
32.075165,4.265795,7.9789543,-36.520996,-9.170676,-31.90582,-18.118818,5.049244,-15.115403,-123.49572
-48.714233,1.7276663,-23.338108,-43.312523,35.026157,39.952393,31.516327,-10.78094,51.25145,-31.08351
-40.152737,-5.9927673,2.138196,-8.122895,-2.0084412,-64.13305,66.64646,-15.417213,-29.982664,-20.46797
-63.18376,-31.926157,29.415863,15.507391,20.309288,-53.444534,51.941387,-15.669522,-50.005753,-15.077553
-41.697994,-48.410725,2.9203453,-0.08031764,15.4763365,-54.569435,43.491478,-23.299957,-8.89371,-29.214128
-30.83247,-0.88728225,3.4876637,1.848615,6.3873715,30.598495,9.142455,-4.5352483,11.19047,-55.697872
14.101007,11.147954,38.481087,15.1002865,9.853903,-42.770615,-18.910923,25.35634,-0.21305728,-72.62854
18.308634,0.26754823,-37.857006,-91.50692,-18.669949,-10.2380495,3.651741,-9.827463,-33.195004,26.194574
18.355215,8.275681,19.028389,14.219001,3.3549445,-56.374252,-69.35393,27.44174,9.937497,-15.381745
-25.075989,-33.282238,7.0340657,-14.084158,-9.68978,-76.15243,28.516064,-13.708075,-29.217926,1.549617
-26.530392,-42.99244,9.375664,10.059486,14.219642,-83.059654,45.612427,-27.37111,-30.436409,-22.802553
-25.345596,-26.318619,-14.084213,-11.721034,28.572887,18.904863,49.275524,4.208099,69.6639,-37.760227
-61.35357,-6.801693,-88.73707,-1.6539842,-9.955118,-45.641987,-38.54375,4.593024,-3.634944,19.594675
-18.293438,-46.02746,-28.3974,-27.280172,-34.817856,-43.801113,4.266728,-45.3719,-20.320133,17.050228
-30.183786,-48.827312,-28.174078,-8.861749,79.2236,2.7864513,32.165394,-33.744774,66.63714,-18.293167
8.1450815,24.688206,-17.722446,-25.076,-24.110126,-67.088615,-30.486843,-1.0045961,3.4887216,-75.69123
-49.70873,12.925691,-20.652264,-44.61122,26.197239,36.383377,44.506382,-7.9418397,41.31971,-54.003193
-33.628048,25.427074,-23.657265,-55.533226,5.216314,54.805683,33.523254,34.070786,69.84901,-45.626507
8.071757,-61.88624,-13.529102,-20.658802,22.34113,-11.411006,47.840153,-32.650146,61.86872,16.350641
17.592163,42.45571,20.740818,13.327153,28.206604,-35.492054,-31.089323,22.560602,-22.534925,-73.38364
-4.0687304,10.779661,-0.47959793,-16.53503,-39.90897,-38.949112,-9.81838,1.4035718,-3.289452,-63.633728
-47.808628,23.51129,-40.673225,-22.16761,5.8761125,51.117996,41.097008,-10.583322,61.99357,-40.076443
-19.902588,31.681904,24.403854,1.8082362,29.648802,-29.83533,17.148275,-19.657488,-6.2099776,-23.778255
10.329306,4.5038323,40.61798,-13.952854,0.45224053,-24.973843,-38.951675,5.914186,-18.492983,-74.095375
-7.802727,14.214173,-35.838066,-85.43318,-38.855892,42.257305,9.887289,-19.784504,-10.926983,46.074345
34.65298,15.806553,8.697434,-23.214151,-0.034850143,-44.775803,-25.787941,-23.34292,-12.8036,-85.87832
-12.163723,-52.588207,-4.0404463,-44.879303,-22.465712,-35.255524,10.907358,-35.2919,-37.5927,12.927222
-29.381182,34.569744,-42.24317,-59.595478,-13.230597,52.262215,18.093678,28.38203,13.665874,2.359865
-41.82726,26.68951,-47.59655,-32.5064,5.2281938,41.490135,52.022823,-3.43542,58.592125,-41.290188
-61.706837,-50.358055,29.193146,-30.603088,23.209145,-63.951588,24.938171,-25.880318,-39.219475,-26.455189
-53.430653,-54.403217,35.257732,3.930746,-42.53329,-57.370132,54.15739,-1.4846318,-52.85383,3.302965
-26.836056,-2.296737,4.5680566,10.738492,27.219547,-68.00156,-46.981617,28.786335,9.665301,-36.23924
38.668728,-54.682564,-35.91687,-36.37374,-2.0718725,-58.778595,-6.9084554,-19.17462,-44.43472,50.119385
32.390762,-17.55222,57.930187,-5.743059,2.8304436,-12.115436,-19.63164,24.73967,7.11101,-59.31536
-9.280259,-10.887203,-30.691563,-28.34132,6.0019975,19.017666,53.98051,13.820095,2.2833002,-42.16455
-11.4484,-25.836992,16.675964,3.0369086,-15.011245,-60.965797,49.35944,-65.80578,-29.86887,-2.6696665
22.105001,4.8154807,0.86298954,-12.161489,20.307981,-39.918907,-45.27029,23.896143,-14.716829,-66.58989
22.869705,34.130985,17.353542,-2.6679094,28.316877,-51.83142,-41.55866,3.2494442,-24.027826,-89.187546
-31.618982,-8.927972,1.0971868,-48.793186,-38.714417,35.897205,26.712025,0.6820291,64.26768,-55.87905
-38.41644,-71.87919,-0.32300404,-12.515649,42.579742,-3.4256947,58.278923,-37.29943,88.47863,12.67204
1.4812765,24.67704,24.423958,-4.5797434,8.303387,-47.501072,-22.580458,-35.57036,-35.35694,-53.762775
-29.713448,-50.93208,-20.850155,-26.535845,29.608513,-6.308913,53.194386,-24.191082,69.7701,19.846437
9.342235,23.530012,6.104501,12.610543,1.5888169,-22.165497,-63.363045,26.627045,1.8264232,-14.290052
-35.424896,-26.18519,14.149882,-4.656126,40.81425,-83.74574,61.57444,-22.949255,-34.755898,-45.770397
-8.88111,-29.273342,-23.182524,-26.016039,0.23030883,21.097187,51.206886,-20.966017,79.5001,-29.257748
14.64517,-8.890589,-51.024055,-37.624416,25.86546,13.673641,8.603573,-26.417156,-77.0731,73.69323
-48.492176,25.032455,-47.47706,-24.247702,41.47439,47.002155,52.22658,16.467001,41.438156,-43.186264
-38.779144,35.173134,-38.10971,-46.915283,7.5968695,64.714966,20.901014,13.709525,33.403362,-43.257217
-25.429821,-56.127754,-17.201141,-17.75767,38.41088,10.741989,79.960075,1.362818,53.253677,42.13061
34.598557,-2.3567815,-79.35507,-78.92504,-8.33159,-18.231356,34.038555,-50.358192,-37.591515,-2.992804
28.84079,39.483948,4.4905105,1.0403117,16.820992,-43.340134,-34.47073,43.02898,-35.481853,-41.096096
21.292904,43.036854,5.417465,-3.363404,31.448162,-47.024086,-33.755157,22.35268,-35.504116,-51.465637
-28.51567,0.65664065,-31.972246,-19.968082,4.077679,56.135406,53.684723,-34.886436,50.857555,1.5213478
16.396551,-10.345152,-36.36592,-33.839626,16.156305,-21.2714,17.226154,-11.771409,-78.26812,65.56864
-12.511352,-23.802835,-30.449245,-85.08605,7.735255,11.058502,24.606638,-19.147558,-52.70984,7.9276342
-40.59758,-4.6647587,26.344055,12.805328,24.24329,-42.432667,45.670895,-77.28485,-29.644669,-35.67704
-35.48575,42.29379,-27.162188,-20.563086,-19.129517,61.450676,30.911304,-22.207214,59.011497,-45.642548
-42.170036,22.359413,-55.214447,-25.333096,-17.895994,25.986069,13.325319,-20.210117,-19.597727,21.38796
-29.382565,-20.785868,-3.6684804,-90.40305,2.8997753,12.824105,1.7833573,-18.27686,-71.17131,0.95960474
-49.91675,-6.095765,-45.857613,-23.134424,-28.083273,37.288452,39.544846,9.504811,42.440033,-46.753235
-7.194875,-48.34316,-24.49249,-8.970913,70.34503,9.248579,35.139103,-11.490359,76.48,3.9147313
-42.33332,25.92944,-39.66502,-25.281908,-8.874899,50.18896,33.922,17.263319,60.273666,-38.20969
-30.987617,22.91694,-45.300083,-32.128094,7.439437,41.106956,35.9269,-3.1967406,49.301563,-54.916412
-26.038315,-58.957947,-62.76089,-59.256927,4.852789,13.808188,0.048912883,-23.681156,-12.028267,16.52592
-57.808884,-9.847003,-10.74813,-7.0114117,7.9755673,15.114688,66.84355,-11.1918955,-16.072117,-12.077985
22.628323,30.877478,8.017659,-25.833256,-13.974248,-42.810577,-55.51076,15.584806,6.897495,-40.746696
20.476025,-1.1656313,4.910232,-14.94166,5.58884,-38.61922,-33.91483,11.002027,0.41660973,-56.84646
-8.898716,31.270376,15.905534,6.069017,24.770555,-42.488033,5.153513,-29.227812,-12.214052,-22.148819
-3.309824,-68.84893,6.8056765,-35.198643,57.36721,2.2024813,51.4496,-28.803852,20.3778,9.663518
-49.04219,8.167048,-9.107985,-42.86916,56.900288,57.269108,53.40962,6.3525915,52.363834,-55.992603
19.989466,-17.330622,-41.555294,-59.63052,34.519306,15.787776,4.477137,-19.919653,-79.07427,28.070555
-15.2021475,-57.727337,-22.585148,-27.0526,31.839142,5.9179215,34.81988,-28.188198,42.47348,14.535326
29.038658,22.05119,-67.98582,-75.02599,-44.615837,27.540613,71.449554,-7.21378,-66.29239,49.28764
45.878098,-19.686865,13.121296,6.907397,18.891235,-16.956175,-28.087688,35.06003,7.106535,-75.594574
35.78047,36.23013,50.7333,-27.332775,2.293432,11.207785,-25.36131,7.130616,-18.377703,-74.33361
-12.942968,-0.60777146,-14.543852,-33.39521,12.776395,13.352732,30.927788,29.201391,-32.236473,-68.11543
12.509421,28.119081,12.53123,-5.300337,1.1839211,-61.499584,-36.94857,29.637884,-32.36912,-67.2933
-30.173359,-62.96236,5.374963,-56.93357,-29.489151,-44.23124,20.651667,3.0125215,-48.107487,32.126602
-34.34931,-24.393717,-62.703796,-57.275032,-39.028275,67.57737,-8.576415,-13.800275,-29.757172,34.525753
-6.6831527,17.408213,-13.137618,-0.97288126,9.326566,-70.3637,-41.0859,22.305965,-3.2104838,-92.28576
-35.234905,-61.659874,-49.28061,-20.559244,-28.366907,-12.352273,-27.108862,-32.695118,-34.026737,24.559244
-8.900935,-26.707935,-48.366184,-71.138916,-8.520333,15.982282,4.052105,-43.086403,-29.61459,34.206375
-22.992247,-30.559322,-11.763803,0.814916,-13.525581,-69.146965,58.863766,-3.362019,-50.054276,-6.056482
-10.888352,-9.733632,-81.22656,-85.87367,-39.116177,18.692055,35.743786,8.700878,-6.3490314,4.367796
6.0450177,14.317852,26.404919,4.14593,2.2446253,-38.222656,-16.209026,-9.358207,-10.30559,-70.80664
26.525097,-46.7349,8.135974,-69.32877,-8.109299,5.2339597,42.16125,-56.196075,14.000756,57.443657
27.780188,33.350403,9.031927,-12.928301,39.271076,-48.939323,-34.65625,45.347794,-43.92751,-80.2559
-1.3086483,-10.573368,15.315732,2.843614,26.951881,-43.423275,55.18616,-81.07488,-36.872826,-18.21004
-48.871544,-35.680794,-0.046289135,5.7579083,49.873497,-58.152954,42.554485,-44.84816,-4.6635017,1.5852947
38.364964,15.450006,2.6810884,10.591692,32.405697,-35.191303,-24.741905,24.17969,0.78261733,-92.45843
-32.566677,-91.99723,-8.629956,-36.487617,22.966244,-13.523511,52.27534,-19.513123,26.1347,4.456847
-55.30021,-27.074226,-40.1537,-18.2929,7.692798,-25.482317,-10.896983,-23.581127,-18.582912,0.55955005
-23.016426,-27.451738,-35.36957,-25.894724,7.149674,38.514973,50.943756,-30.052443,80.85471,-20.047464
-16.446358,-45.10816,0.18736207,-7.184341,-8.444683,-62.874245,21.401999,-29.83269,-17.092524,-13.572477
-16.496803,-74.12116,-9.3253355,-57.8596,22.822813,-15.009572,18.576977,-55.193264,78.553894,28.302492
12.181381,11.328443,32.715637,-6.244295,-10.83545,-50.40187,-49.32621,2.1930048,24.130436,-38.31412
-52.689373,-82.97565,-1.1546185,-32.706127,27.638956,-11.820971,36.60843,-35.236996,73.12306,8.986177
42.37704,21.869833,-14.188649,1.3670789,-2.5042827,-24.717833,-34.619995,29.450665,4.9500356,-50.221294
8.68177,39.970257,32.50309,-25.38459,12.628286,0.9879366,-11.229574,-4.5152845,-12.40816,-71.63527
-19.595442,-21.884243,-7.441405,10.303946,-0.83619434,-23.148134,56.72933,-61.81982,-33.34784,-57.39837
-36.989258,-30.333189,-21.968866,-23.037523,45.662373,29.766972,62.945885,25.28637,52.015778,-70.32747
-44.860264,-48.986656,35.9458,-11.89879,30.316046,-59.47304,4.6048884,-35.268917,39.771034,-12.589262
8.731823,4.41873,-35.712494,-82.21729,-22.038769,42.136757,59.33586,0.7418551,-61.661133,47.713017
-19.282158,-3.9658194,-31.932648,6.3024173,4.707148,-79.1319,54.07209,-51.663807,-13.661636,-44.781124
-22.60974,-46.35599,-6.9115396,3.7456908,-9.987669,-75.10608,54.66799,-6.685679,-22.24096,-18.93695
-40.46348,-45.808613,-28.191154,19.543344,-22.223448,-43.064274,62.756332,-27.365232,2.8028982,-45.151146
-3.5866203,-9.610248,16.509678,-13.174066,-32.617767,-44.773853,-10.486985,-24.241556,-21.612125,-23.6874
-11.3049345,-23.315174,3.6299343,-32.646935,11.18704,-31.987858,7.6714125,-0.7241223,71.62667,5.9671726
22.28786,0.53480685,-59.518494,-61.48566,-22.907413,10.039038,53.369938,8.7321415,-65.17139,53.08164
-24.535904,-6.126616,-24.713425,-11.4689045,0.63602906,28.012232,39.92241,-13.023322,77.326775,-70.35728
-5.450421,-35.714584,-43.35914,-28.35754,26.550488,-13.691235,40.319553,-26.60308,37.70188,36.482334
-34.719063,16.28692,-50.03271,-26.247412,-0.55905837,18.78641,29.435053,-8.900908,57.165558,-78.470665
34.50944,1.0796865,26.872566,37.210255,6.5628085,-71.69241,-27.559214,13.675324,-6.6722264,-49.1258
-36.055748,0.76019967,-21.099909,-47.283237,16.387117,37.475838,42.798927,-7.54056,59.624702,-80.480804
-4.745719,-74.26756,16.966896,-27.313261,45.25849,4.954462,61.715454,-42.545544,27.01702,41.203808
61.55977,3.8448298,42.2086,-54.16223,-19.758015,14.471172,-2.4617462,-0.6024834,-2.201296,-75.94496
7.136052,54.659504,20.664902,-30.165762,3.743515,13.780817,5.2266135,9.171274,-15.14188,-64.0203
18.995798,-1.9232073,38.698593,-28.042162,35.839855,-34.28696,-0.52547807,26.022886,32.96876,-22.079332
27.486673,-42.543736,37.27318,-43.165947,40.848843,2.2153573,29.038462,-22.183735,33.224854,-12.324595
-11.824412,-64.65689,-23.430265,-14.53577,62.128403,-5.481455,32.507015,-19.45643,74.114845,1.9587934
-2.2394052,-55.990246,18.378506,-40.423534,59.471657,11.07018,37.227154,-26.514591,46.276382,12.839266
-29.758852,-64.96815,21.412567,0.11102998,41.296215,4.8511486,46.054264,-5.1313443,72.97776,-17.790998
-10.668215,-62.08595,-17.30412,-42.193092,5.455397,-6.463802,53.042355,-61.631073,62.11033,15.335241
30.388561,-4.1075425,-33.63477,-53.331135,-21.581682,-14.887887,28.575243,-19.785883,-52.769257,51.679756
-11.550944,-50.80697,-39.235985,-11.255894,38.96374,11.632537,53.45478,-31.188599,52.563995,37.7693
-34.224773,4.4142265,-23.439692,0.37086833,-13.86615,45.373775,26.248352,2.8192124,64.4496,-50.803017
-40.55966,-26.761793,-66.73122,-53.852264,-38.54453,42.74806,-8.404044,32.829323,-31.875275,30.342703
-38.404854,38.8246,-47.97379,-41.063835,-12.735517,51.883472,30.028164,23.534723,73.80659,-52.479145
10.067062,4.5671086,12.153981,-18.133749,16.84682,-62.110435,-32.763454,54.62283,-25.939909,-90.721886
-7.9719296,-69.040596,-14.1148,-47.15441,18.67162,3.8837943,65.02748,-42.26973,62.542526,20.154642
-4.266113,-50.817253,18.240833,-60.42518,35.476192,7.0345573,57.68413,-40.692566,36.038273,38.088634
41.009483,4.468259,41.194363,-20.205868,8.790819,1.8143665,-47.09447,30.712265,-4.623306,-57.19434
13.697098,4.963323,57.34921,-9.132401,0.8806688,-50.49495,-7.978876,15.610982,-10.466919,-65.37031
0.11848354,-60.641468,-13.339693,-18.714941,-14.584683,-72.11093,61.53735,-3.9500804,-35.52799,-28.18888
5.2392755,-45.884106,-6.2527666,-16.329428,10.604696,-14.35441,10.129261,-14.614052,-56.92268,66.17472
1.5145612,-66.21084,-11.9837055,-22.711203,31.866188,5.1763067,86.13793,-19.292416,65.72082,48.67098
-25.741644,32.45848,-38.789524,-24.908783,-16.124687,71.60548,36.926678,-1.4949726,47.474243,-43.770084
-34.36466,-66.05444,-42.37563,-38.821484,-2.2672493,-49.482933,11.813363,0.082988344,8.364953,-5.8492093
11.684344,-8.288827,13.9854355,26.094002,-12.8524065,-15.650592,-39.301544,3.6947038,-15.276075,-64.9122
3.592728,-1.9282514,-1.0136117,25.534193,3.3153968,-32.654915,-41.544006,9.966134,-7.9981375,-49.682076
5.3630147,-50.62229,-14.2115,-9.340597,44.08045,-3.9269032,40.624023,-44.381348,72.79922,13.876465
-9.731794,39.061584,3.3181083,-12.416258,-72.373566,-22.61222,-7.7809777,15.544617,-36.390038,-92.14536
-42.760036,15.5879545,3.8365498,-23.923988,49.010677,-67.828804,87.211945,-21.39139,-26.81967,-13.374358
-20.261599,-34.156822,-48.528812,-36.728184,-27.152246,8.625582,37.570488,36.638115,-43.723557,1.9011505
4.014812,-55.11518,0.14615071,-54.40949,23.635921,-33.001823,53.254696,-36.00591,39.83412,-8.435803
-38.994083,-32.738113,-6.3696856,-10.711336,24.735296,-52.62283,3.41715,-42.821217,-35.11114,2.924535
-54.46455,-25.344233,-7.5794034,2.1720934,-30.273943,-37.375687,61.665615,-44.508026,-20.55407,-39.496643
-51.099274,11.542452,-50.834934,-20.788977,-7.9527144,48.189022,32.601402,-0.44089624,65.71061,-37.88745
36.750988,-0.25466034,11.922503,7.9495063,-11.775682,-68.21988,-58.484524,-26.556238,13.651005,-66.37374
27.37281,23.310244,3.4191031,-25.311172,-23.47084,-63.579067,-50.70442,-36.283573,-8.17458,-92.90889
16.239897,-31.291908,-20.091112,-59.72694,7.0613055,10.421076,61.49058,16.827124,-15.400045,36.93301
-10.302502,-76.31798,-2.5888603,-18.01862,41.67565,4.7774296,60.088352,4.6517906,63.861877,-19.059513
-16.56906,-69.09119,-27.781471,-11.416541,54.935593,-7.2193956,36.16822,-31.86354,86.39158,12.569057
-10.286034,-60.408768,2.365473,-35.010063,19.341202,-12.723846,62.880367,-12.45743,60.680954,16.244225
13.449982,75.88535,40.8426,-23.155592,9.9921665,-75.15667,-56.897617,-39.972446,-3.5979571,-79.07625
-15.349523,14.560715,-14.066183,-20.725073,15.937101,-64.71679,10.270134,-12.019185,-1.6454269,-14.824243
-43.993027,15.467238,-23.43483,-11.071896,-1.4819236,-31.086521,-89.49154,-10.217975,-39.913208,-67.0334
-23.180315,-69.20931,23.409786,-2.2503724,66.15698,11.662511,31.699827,-10.146478,60.93771,-9.318811
-23.274216,25.992317,56.602543,4.9054384,-12.162087,-66.181984,-31.596815,-1.548779,-8.495539,-66.59717
49.50503,-21.107733,34.44947,1.3626217,-1.0746257,3.7805977,-39.077766,29.528753,11.034225,-46.04343
-42.836746,-68.20993,-21.672009,-22.905556,64.515594,-6.2643886,24.380037,-26.057178,51.722725,-10.963304
-18.652218,-14.897073,-7.2617946,12.873311,16.012003,-21.251589,74.404686,-43.87368,-46.283985,-50.829403
1.0246587,3.404648,-44.30288,-67.8195,-38.37047,39.454716,62.33213,7.713233,-64.36623,55.491455
-47.27545,-31.843748,45.235317,-9.080718,43.71563,-39.416794,47.540245,-58.369465,16.329393,-0.9102418
-25.70486,-39.81588,4.9981685,-8.171307,38.600437,18.702326,70.32343,-19.29648,45.945423,-10.178231
-11.013557,-31.187628,-17.243095,12.775628,2.0389633,-63.438744,45.02546,1.6618812,-57.13856,-6.4564753
-40.619396,-30.966219,-13.317485,-15.684539,-4.632543,12.643686,53.331974,-37.726402,33.753212,-1.5494233
3.2651904,-51.621586,-17.298199,-33.740032,28.474869,41.30586,28.532076,-23.613235,72.14556,-26.932224
-34.546722,7.6292434,-40.81033,-8.201528,10.845884,68.72753,36.75614,2.8062835,44.671913,-35.35362
-51.287254,-39.89242,30.648418,9.977812,-2.7462358,-41.886898,57.964634,-17.745956,-13.682855,-5.3895288
-58.44838,8.072374,18.87601,14.346818,-39.935802,-71.36418,-43.12118,22.1514,-1.0835199,-83.9718
-21.623192,-49.38133,-43.778767,-15.454669,37.18096,12.864339,27.48648,-27.209597,58.451843,-8.238995
-29.058857,-20.130127,-35.52515,-35.33897,26.08448,28.541368,44.75645,10.545384,51.34234,-75.682846
-35.41195,27.511932,-55.133377,-42.739445,3.4597955,35.47153,24.299547,-0.24356718,45.52283,-50.852703
-46.617348,-34.15078,-39.140488,-9.156299,44.261505,12.525575,31.79672,4.7067943,65.17342,-3.9455397
9.012558,9.110857,9.750635,-23.961353,2.2691314,-59.715153,-39.397495,60.925045,-6.3827868,-82.15893
-11.053018,-30.172163,8.555371,4.009923,-0.75967926,-58.28783,39.32029,-72.77797,-11.165111,-12.038877
-50.49363,-44.305527,-6.484053,-20.470005,3.4553323,-66.299706,8.226875,12.3103,-41.72116,12.47483
5.0021973,-54.061928,-10.377904,-21.893976,39.924,7.331751,42.305557,-26.596418,77.723206,12.974383
-5.333462,-53.16516,-2.9482553,-55.927612,41.770664,14.297228,65.70078,-56.426655,62.437294,21.942793
17.407131,17.627937,4.4470015,7.3823247,-15.294799,-15.223455,-65.44633,29.10527,-9.102562,-5.6999373
-18.878662,-14.310698,-9.453591,7.103952,11.130516,-65.514336,69.09676,-41.01506,-7.443159,-20.292511
-43.356647,15.036476,-44.976593,-0.13330851,-2.6021173,35.77668,44.380802,-43.121983,39.390594,-35.718323
26.691116,8.153027,26.269363,39.950256,15.689997,-45.22267,-28.69652,32.321995,-11.745398,-49.527782
21.24827,3.9767587,26.58112,22.959318,7.6261034,-80.37794,-31.339996,19.050179,-15.815088,-45.218845
19.893785,17.23693,-12.797293,27.739183,5.0832047,-41.84363,-37.57523,22.791018,-2.5464156,-65.6188
-18.92679,-67.539566,-29.996708,-33.529434,26.048649,9.997724,58.258686,-7.0433383,13.4110985,6.274123
-48.125282,-10.929111,-14.906804,-4.9892373,7.19481,30.802605,52.25219,-44.044586,25.990671,-30.01648
-56.263874,-31.22337,23.53577,2.1028423,42.728115,-76.50442,25.520222,-8.791845,-38.659626,-20.432718
-16.902927,-37.830612,-21.312069,-37.536816,25.532043,11.811152,41.81671,-33.290066,58.6397,-17.94251
-42.059288,-41.972385,-30.413147,-16.08925,8.952546,-36.066933,-12.784772,-33.793198,-12.377095,-2.4934003
-2.3390505,-61.822357,-18.792725,-55.4804,18.590395,8.022668,62.344185,-35.89247,57.613922,15.995836
9.575036,-9.447512,35.45481,-32.767254,24.295088,-31.171759,-52.32563,40.331764,13.689486,-70.87903
19.029074,-48.468353,10.510442,-6.0401006,37.54672,13.824042,64.000435,-66.424904,46.44744,9.199848
-34.54292,-42.2459,-80.61244,-16.159573,-10.011153,-23.14783,-35.534813,-6.874129,-39.374863,37.54643
-28.482738,-31.479853,16.086964,1.3908275,-27.866173,-48.065697,68.54354,-35.772278,-49.314655,18.388227
-25.969751,-61.29067,-34.854763,-28.274572,45.450172,0.041172385,78.8333,-17.344027,62.72632,32.66119
-18.723259,-70.8098,11.713512,-45.338043,49.63939,-1.2464222,28.039106,-36.402054,68.2822,7.817313
11.684231,7.195526,23.385376,4.6835856,-1.4889157,-64.45113,-36.33627,-19.560959,14.499753,-58.852177
-12.522243,-27.8495,-27.947483,-9.234886,-2.0295098,-62.75794,36.748196,-0.9207558,-56.82364,-42.06525
-57.916943,55.967518,-57.798737,-37.617104,-4.620591,50.849483,28.324814,32.192547,46.874245,-21.088448
-32.44179,-21.443594,-24.789644,-45.42414,-28.963524,27.104448,29.198982,-32.488235,-57.672432,53.22394
-31.541285,-60.85883,-13.479289,2.1847792,15.944694,-62.67401,36.92729,-8.155457,-41.0025,-16.309885
-53.04977,39.250126,-29.651957,-45.829113,11.026719,48.34061,24.294743,-10.334519,27.880741,-29.665363
20.738775,-15.103308,-67.3967,-90.630135,-25.062471,-11.814903,-15.368334,4.669305,-11.180891,13.141877
26.169752,-39.79171,-7.8582683,-27.570942,45.98571,12.506234,30.058428,-32.44452,61.72141,11.163036
-1.8656682,-8.904588,45.082256,14.583544,-18.878046,-70.38993,-48.880486,8.665906,7.9344573,-48.483746
34.856895,1.238118,13.055953,-36.74637,18.909885,-39.63084,-6.8277836,11.475262,38.542393,-20.119905
-28.08678,-28.112679,6.6537595,10.837959,16.491121,-23.80444,61.614426,-60.554977,-28.764788,-27.98656
-0.113444924,-16.62152,-29.157242,-47.391094,-2.0200899,27.877949,43.770245,39.37284,68.598885,-57.203568
-33.058296,-54.140385,-9.38485,9.689466,15.125553,-50.596443,61.36786,-22.384642,-19.947964,-55.98517
-14.670957,1.3060404,-8.59537,1.8820692,-7.012229,-38.845524,-31.953001,-31.677938,8.489003,-69.90179
17.089544,-25.662231,-52.083374,-20.839094,-14.292995,-14.634486,22.353865,-1.00716,-27.285946,56.633907
-32.886387,-16.964954,-34.48232,29.196215,-12.076521,-30.783749,43.334415,-15.058042,-9.203886,-6.5009956
13.044098,8.804155,42.89425,0.60135424,-8.369715,-13.751455,-40.480045,-20.865534,-18.775671,-84.30219
13.050355,33.67797,16.750141,-1.8607475,45.00539,-63.72829,-47.252438,58.64564,-43.953316,-90.76752
-25.71817,-31.277512,-41.896965,-28.875206,-20.86411,0.34877062,34.04288,1.9047215,-54.2713,-17.351566
0.08381355,-87.769394,-42.74895,-23.101583,-5.907389,-36.452896,34.315815,14.888156,-13.055738,26.500921
-4.261435,-40.695415,-23.1064,-46.994396,-4.8337893,7.0992947,24.823221,32.489376,-28.275234,29.744944
13.221278,-0.709451,29.244198,-14.795268,-11.769169,-38.907707,-6.872919,26.352224,-9.638822,-99.16908
-16.950443,-53.840748,-12.862502,-28.987877,45.56006,14.460593,69.23983,2.0676486,55.214684,42.1245
-48.050606,-35.462708,-14.6768465,-33.670593,-28.773952,10.0509,-1.3019233,11.5492115,66.54315,-48.245792
23.601803,-11.559066,-46.790123,-31.077759,-7.3722763,1.8859392,15.506352,-13.7970915,-52.976444,76.9011
32.18727,18.898378,-3.424322,-30.788626,-24.099888,-30.541288,-49.770245,-9.969143,-23.741686,-111.51493
-5.9875116,1.9437104,-9.217291,-5.988629,19.818798,-41.961723,-41.930504,-33.425674,-18.97801,-18.576733
-17.343777,-40.08704,-1.6233562,-8.280597,35.998993,35.800213,47.569107,-45.8953,55.23403,-6.5851407
-17.133825,-20.693611,-26.982021,18.637241,-15.999115,-33.97116,73.219536,-42.20617,-15.371051,-46.174145
16.242233,-6.466672,19.578205,25.289137,2.6470573,-54.169376,-41.759586,28.068356,-0.6989536,-36.46129
-27.779545,-36.74657,-0.5518793,-13.739009,4.903704,-67.976234,50.51654,-60.011616,-3.0531523,-38.346024
-41.953934,-37.972637,-74.26604,-66.435684,-52.702183,-2.2095797,-16.461626,34.042194,-33.02241,7.3757973
-61.870445,15.831484,-33.539104,-43.999928,21.369785,52.716457,28.365597,-6.655637,38.25348,-33.528137
-47.528557,-58.08957,-16.687477,-41.665432,-40.504158,18.301342,25.869818,-1.066642,-59.11719,44.728855
-27.065916,-22.889887,-51.770683,-48.77455,12.416555,-2.0180957,-9.43181,-4.4439473,-37.18527,25.348345
-11.061045,-12.626306,-44.604267,-94.35276,-38.44348,-6.2121863,2.4157648,21.192562,-56.366997,35.858418
-11.128875,-20.206337,13.058179,6.2134147,-23.116156,-51.386913,40.974846,-71.42346,-16.881762,-14.1325445
-38.709805,-45.313004,11.544509,-12.433988,3.3926115,-62.22448,44.15482,-23.32593,-46.62612,-31.495075
-11.942243,-9.815575,-5.7461853,7.747274,8.316983,-44.852245,34.43702,-35.059944,-21.84082,-48.711113
-7.2432504,-39.11963,7.228458,-2.4331923,24.669058,-50.551056,58.223667,-49.61722,-47.959232,-39.686573
19.999493,-36.716877,-44.279728,-82.09882,-30.351814,-29.92265,-9.731433,11.331476,-35.668648,30.664082
-37.148262,-61.278072,5.722077,-17.992744,44.17067,-0.55087286,42.55066,4.5210447,64.281815,26.732393
14.508651,-50.752304,-21.838646,-8.709088,47.933746,5.749089,47.96452,-35.26784,73.56346,25.561829
-29.65684,7.5071855,-31.929516,-44.413296,37.704857,23.597664,33.303787,13.193378,77.03231,19.165087
14.951671,19.308407,0.699584,-10.0510025,-7.6825433,-29.666655,-64.748856,20.678139,-12.233594,-22.640125
9.26037,11.575216,26.870686,2.738092,7.6348615,-61.88247,-19.38842,66.37675,-21.60037,-66.40582
29.84911,1.7975861,6.065751,-34.725418,16.113937,-46.728474,-1.763201,0.41216132,35.34862,-20.975563
-19.488567,-37.499825,-0.9923153,-47.29697,-2.87752,-47.969215,37.757793,-53.470276,-14.606711,4.031616
-6.4161506,25.681858,-15.396095,-19.098372,-15.642233,-53.06823,-31.577982,22.564022,-23.735886,-46.180634
-30.833284,26.259802,-59.88987,-28.86843,31.47444,36.137592,40.53709,9.545733,27.077473,-44.546463
-30.638268,-18.937273,-10.25253,-70.89466,-7.574525,41.934303,-21.991468,3.2803197,-79.30138,50.22524
21.01438,-1.2218746,4.7699337,5.702578,-29.986717,-31.926435,-40.7443,27.088312,1.7995069,-28.246044
-8.18202,-15.811222,0.7900381,8.016038,-32.314995,-30.658236,21.278265,-16.80191,-53.15184,-19.862446
-39.06319,1.2750272,-35.502056,-45.430473,30.085243,39.70622,24.591587,5.9153123,48.970966,-61.499786
-13.186489,39.73741,21.205189,-22.535408,-39.92178,-59.77625,-46.978855,-48.27957,-23.697002,-116.39558
-23.695494,21.076302,-45.552715,-40.074993,16.013184,75.62081,42.534924,14.19784,19.527216,-62.991722
20.595654,-51.131245,-16.142742,-32.800377,17.454144,3.0298023,48.279865,-32.025566,71.59785,30.288498
-10.509142,34.59164,-2.1479158,14.19504,-11.863295,-5.0284715,-23.819853,28.924616,-35.016758,-6.4748425
16.463919,-46.127712,-10.138899,-43.49826,30.050558,7.475911,28.92815,-30.122831,80.89738,30.34764
-71.89197,-23.683552,-17.239529,-25.292824,17.714203,32.23693,15.709175,17.441162,50.937263,-59.86381
-28.65456,-55.932827,-12.829596,-57.185337,51.452774,2.3645391,17.490822,-22.375525,35.94677,-16.556602
31.77815,-2.1568751,49.47009,-11.649468,1.2112586,5.545786,-41.013954,32.326595,2.325411,-53.279964
43.641773,-6.4220166,32.700054,-24.883768,21.907635,-33.73512,-11.572712,-2.3409936,-13.106601,-93.96041
-14.443925,-34.250885,0.07815015,-28.30577,3.8273432,-46.966736,44.826958,-74.230385,-8.812303,-9.76687
-48.95068,-39.557552,-0.54464155,-0.21569887,6.704355,-53.07032,47.753098,-14.653766,-45.15071,-17.547514
12.878947,-55.10411,-13.6645,-15.484103,57.774284,-0.5379262,31.54338,-35.535164,66.349556,5.3245735
13.445672,-33.479195,-43.89885,-15.938292,25.485504,15.987718,35.86256,-35.259155,32.23958,45.760757
-30.047924,-19.34003,-21.0187,-60.137184,-16.567152,13.000339,4.165956,-31.356007,-60.691067,32.69405
-17.45192,-29.92725,-41.499878,-85.916756,-22.100557,9.282439,8.125365,-29.861507,-22.900103,15.966879
-28.798836,19.8969,-22.992584,-17.370478,4.5414553,30.184202,51.51856,6.2275777,54.963577,-70.31276
-55.98986,-34.366447,41.69457,-0.3753495,-13.393926,-42.005825,65.885475,-10.914376,-42.245422,3.2894428
-22.576397,-44.708565,17.067715,-43.522774,-4.042257,-64.72597,29.714907,-27.05808,-43.329617,13.88706
-18.340263,-60.84541,-25.607334,-22.130415,55.140747,3.9324775,48.18432,-28.965801,54.068024,19.372084
-37.547943,-21.89976,-44.485035,-19.622885,25.974808,19.211885,46.66002,11.543486,83.96659,-6.8637753
-19.570393,11.075812,-40.482788,-33.907936,-0.94810885,51.695827,38.700302,0.9072662,21.485939,-62.985527
27.170813,5.709198,18.240574,5.718948,-12.523812,-50.8489,-46.81764,2.3505108,9.000627,-44.01251
-48.950577,7.0111804,6.6267676,-7.0953593,3.2551937,33.688576,26.987581,23.089678,47.97352,-60.11198
-12.324539,-89.428635,-12.803345,-35.545578,-27.61841,14.708617,41.208954,-99.29952,56.047974,19.07002
0.21852022,6.8121505,11.90622,0.66253483,30.700909,-9.708823,-10.837668,23.074883,12.894811,-78.13998
-65.60663,-27.546429,-39.22163,-32.980526,-1.5248346,33.777435,5.0979486,13.545282,77.46628,-43.266945
-40.7763,-53.918053,14.565062,-18.248787,65.42944,-27.82652,39.421227,-29.446983,62.416153,19.083563
13.841722,-47.59961,-6.4976645,-28.522606,41.987564,-9.100201,34.635544,-39.253174,54.127434,12.357748
-40.22506,-17.82602,-22.627945,24.91892,1.114038,-34.112747,54.659637,-20.185501,-12.780294,-46.032124
-50.303253,-60.19295,17.36993,1.6748546,3.9588838,-55.966152,63.363453,-23.963364,-35.32766,-36.559513
-6.8999763,-17.549505,-41.8578,-55.012924,-36.41483,22.104576,35.300602,1.2442131,-32.701084,42.703457
30.842718,0.7513701,20.370693,-8.325469,2.93366,-66.09528,-27.266584,-25.942068,11.468299,-72.75948
35.798786,24.407902,22.181278,0.31771636,15.2126,-49.061977,-6.6932735,41.389587,-7.2554727,-77.89351
-1.8743227,-56.17939,-28.708237,-8.715776,46.17269,12.137525,71.15664,-42.378963,63.81711,33.771084
-45.18547,5.092296,-45.556343,-17.65572,4.513577,31.63152,32.637264,5.111116,47.86434,-52.712738
-40.804703,-8.434953,19.0737,-8.154294,11.970084,-38.51592,39.402847,-59.787796,-58.30459,-11.384898
-4.724113,-10.328682,24.072166,8.379279,-7.069328,-57.70652,57.912865,-64.52305,-39.235584,-4.629953
22.545256,7.76743,-31.285015,-80.96082,-13.006117,-6.3938074,23.352434,-35.627625,-67.26603,15.589102
-47.34404,-78.17297,-0.40143958,-39.932175,16.063015,4.472967,71.984825,-56.127678,100.01263,29.749523
20.442442,-15.541778,-35.75817,-75.676186,2.450741,9.480039,6.868851,24.646734,-77.98572,34.116116
-16.254456,-41.643547,5.86974,6.061896,37.969223,-70.14581,35.809433,-44.581104,-57.461197,-22.496075
-27.622217,-29.245575,-15.479902,-12.338684,-2.7037454,24.757303,46.540657,-21.406134,23.528126,-24.773731
2.168757,-48.37641,-27.114298,-50.96925,34.641407,-10.9633665,0.93894315,-22.990541,26.274216,3.181359
-8.819023,5.190706,-28.73424,-54.232944,21.813017,18.687714,-2.4155307,-25.951193,-32.659576,49.69631
3.2811377,9.472145,48.059315,5.8642654,-14.046186,-58.026802,1.3385605,22.550379,-1.4026873,-63.652935
0.26301306,37.37927,38.025845,0.8501519,-0.7727552,-61.24913,-43.013718,-25.659018,6.0650563,-64.49017
-35.210613,-20.604626,-19.615154,-16.343668,26.045612,9.939287,51.626232,-4.7729254,58.7603,-36.86159
12.106698,-28.886215,22.838661,-6.22089,7.0641522,-48.6374,-5.687543,39.539295,22.204264,-22.202597
10.92562,42.457985,32.89433,-14.780565,23.4798,-37.944798,-17.639294,37.227097,-25.478436,-81.14024
-68.76089,-38.610256,-36.319244,-25.624352,6.965056,-7.541041,28.08816,-20.777025,26.850786,44.724636
-5.2475452,-64.399666,13.471036,-0.2612565,52.455376,18.330061,30.97442,1.0867069,55.65148,-12.840432
14.749582,2.1000166,49.594852,20.227705,-5.2603245,-85.73188,-5.040748,5.970034,-6.7869706,-65.8194
-28.124472,23.536497,-56.21143,-53.659878,-21.636742,52.10665,31.20142,15.204076,74.66755,-67.052826
3.875674,-5.4758935,-12.937627,18.618784,12.116184,-24.232008,53.080353,-60.085987,-22.294657,-70.14672
10.419576,7.4343266,12.551938,-10.764881,-29.919825,-63.269382,-25.643837,36.45406,-10.387427,-84.716705
17.52388,39.099117,10.918592,1.5077132,27.403645,-56.36721,-44.826817,-4.0582604,-37.416935,-72.30181
34.847824,24.885147,26.580383,-0.8308018,27.016521,-16.235537,-24.471666,-4.16667,-20.219007,-96.79814
-10.672564,9.299772,23.096203,4.643066,-7.7915854,-68.94129,-39.811802,4.722178,0.5182582,-33.461033
20.459707,31.277422,55.36062,-27.436172,18.988085,-10.914113,-30.20999,17.956644,-14.615536,-79.05935
-51.43699,-54.28604,34.490757,-7.0839214,24.926579,-73.0374,48.029194,-28.068216,-9.466987,-15.5088
-2.9943953,-5.002553,-75.02803,-18.784729,17.225445,-36.584023,14.192208,-20.303234,15.421262,28.567846
-24.721716,-52.7456,2.0370488,-1.9035981,-23.10112,-42.979424,57.338074,-19.086819,-51.296124,-36.834053
11.0132885,-35.890842,-38.385185,-35.913467,33.70033,19.282034,21.243052,-34.137238,-17.699223,55.820614
-13.168613,-16.722347,-13.91269,-41.315636,-32.8847,-34.42643,25.967894,4.7168164,-43.60818,46.82087
5.3564987,-33.4056,-68.9968,-36.1526,24.19285,-3.8697958,-5.775545,-24.26563,-55.203114,34.359097
-17.043955,-45.231293,5.344462,-21.399137,-33.37963,-60.65685,66.181725,-6.4269643,-67.76952,-21.022274
41.752743,25.692404,12.780043,4.2934637,30.46289,-67.02617,-17.742853,0.47807154,-4.7019963,-65.378204
-1.4361125,-43.408073,-1.1684767,-25.732885,44.274456,3.0194912,55.1724,-45.150494,63.54602,28.58675
-8.81973,-18.445822,-31.927666,-63.6038,9.710462,33.47755,1.2050362,-20.413904,-42.97622,18.567926
-49.886307,-55.59257,-28.812626,-7.2248936,9.764507,0.80776656,39.89873,-57.426643,98.21792,5.6230373
-20.762445,-78.51167,-4.5862136,-3.138599,47.587025,11.913113,77.2646,-26.764145,36.505848,7.5535936
-33.086052,-49.735947,-49.220123,-6.80175,-9.335075,12.100927,4.234737,-39.088295,-8.13064,0.6138475
-37.34269,-12.21893,-26.586876,-32.43293,20.889482,29.707247,54.706154,-9.573473,46.426083,-75.65251
35.36245,-18.140007,-86.27658,-72.01135,-44.256824,5.230564,14.153349,10.280086,-15.751287,17.948246
11.637479,-6.738214,1.2873552,-45.65066,16.675007,-46.979237,-8.202932,-10.253086,65.47831,-13.991736
-15.605566,43.709877,-5.1461062,-51.664597,15.11503,6.056071,23.531599,17.01124,24.332556,-61.637527
6.9543805,-20.834324,-12.925901,-42.693592,35.630276,35.85435,35.475666,-36.20486,11.405245,54.190456
-13.737464,-41.168404,2.8725915,-6.824588,11.948051,-65.57306,20.864567,-38.774918,-52.92803,-9.322901
46.18764,6.761229,15.967277,-3.3198156,16.195026,-40.48789,6.068753,17.137896,3.0256174,-49.21864
-13.813968,-35.8774,-15.893627,-33.816914,-1.8904479,6.230199,39.333576,6.576806,-26.906948,30.082577
-2.2424939,25.969894,-18.265604,13.052364,0.23571211,30.018576,7.7104907,-9.712335,47.908154,-59.448883
-14.005972,-44.11332,3.942336,-0.1905684,-28.105833,-52.01592,58.627277,-18.276335,-74.85321,-22.967108
16.915985,20.37747,-1.1174729,19.67378,8.735578,-29.008827,-51.116245,45.90659,-4.076804,-45.162094
-44.353493,-12.968344,-19.098837,-3.7259371,16.571033,73.13264,43.98685,-1.2696029,46.058613,-27.053719
-37.620052,23.033258,-33.734303,-27.713774,6.7864647,77.39352,39.555035,0.6942531,58.09198,-49.243538
5.032474,-18.79065,-12.372327,1.5557517,-5.8342786,-61.798878,21.109865,-11.431135,-49.086624,-11.530579
-25.381409,-26.820204,-26.341375,-19.691826,24.511211,-13.263378,26.254002,-36.16436,-7.870512,59.31036
1.8842692,17.421095,42.54704,5.935284,-4.544305,-77.5343,-38.655403,-21.49292,14.356555,-49.425694
30.128216,-6.722644,-26.118229,-37.952866,-9.457029,-33.75431,8.949274,-36.389957,-59.70231,64.49798
7.76044,-64.77081,-13.440882,-30.139488,25.747438,8.239284,53.894012,-25.54043,77.785286,29.470037
-20.584822,9.158516,-7.4858713,-35.5715,-17.56912,-52.90903,13.013418,12.218002,-62.179306,-48.020958
-47.12368,-22.169779,-36.646122,18.406488,-20.681154,41.192608,47.815155,-14.434918,18.533136,-46.252987
40.062206,9.619642,37.25791,-6.952123,31.586851,-36.696335,-5.897767,41.161694,13.822474,-18.686575
24.350866,39.71785,21.973816,0.7176584,4.8461313,-55.08454,-26.090376,44.118767,-48.64379,-67.605156
-31.020012,31.230171,-49.824345,-12.759082,-25.854916,23.10131,19.330957,-14.212374,68.2931,-58.985905
-16.103407,-14.609389,-7.7025247,31.071188,32.048775,-36.772995,31.10956,-33.874577,-10.540285,-50.892788
-26.391508,-6.1091433,-46.71271,-42.44024,-30.750149,45.0803,17.579302,-2.9884222,-65.72266,69.499825
-44.52108,16.527767,-40.38122,-34.758945,-8.196848,70.37047,26.894676,8.911733,35.900917,-47.754467
47.991302,-27.650759,15.199538,8.352675,11.078724,-39.16411,-48.903103,16.403017,9.038264,-50.608196
-43.19204,-38.41293,-39.830357,-65.89699,-13.23297,32.586666,-29.166256,42.317787,-75.971466,36.17669
-19.472656,-7.566431,-47.090523,-26.085886,-18.74943,-8.804128,-3.4443457,-3.5839193,-17.246092,77.37469
46.198734,24.44111,12.809421,26.166594,10.828233,-42.55176,-22.596783,28.740608,6.771481,-52.839012
-54.47473,-23.013544,-55.60221,-39.58896,-50.817772,17.958422,-44.79163,17.454596,-43.692726,13.062496
11.749639,6.871083,33.61337,21.076881,47.10737,-30.603554,-9.133981,32.2807,2.6060536,-74.456
-45.379063,-38.828056,-24.642885,-49.523476,-23.09059,34.27788,-12.526261,-0.0012887464,-35.12645,41.819122
14.776518,-5.5798106,3.0565689,-3.5084248,-19.123613,-22.132036,-62.254837,43.27615,-10.544664,-25.230476
4.6944976,-27.150234,-29.596752,-15.948881,23.125008,-22.417307,50.104843,55.843735,-17.80211,-21.433083
2.021164,-44.51442,-7.4657445,-48.12726,33.081173,9.808997,42.219315,-30.345127,72.45447,48.66379
1.894584,-2.6866617,-29.767912,-62.79428,-26.511719,17.310768,0.90367794,-10.214435,-52.442314,74.217125
-17.73119,-72.766655,18.148476,-10.945757,55.53388,10.451366,72.34549,6.9329267,19.51485,-1.9751865
-42.260326,35.36118,-38.59938,-37.66888,21.078642,43.841568,23.89647,-9.980025,35.24701,-41.86871
-27.938856,22.32801,-64.723854,-47.32688,3.6882286,2.176083,25.952566,3.6587648,74.60659,-33.88318
15.942326,19.67212,-88.92863,-61.662987,-41.830486,25.43777,45.2654,16.816422,-62.423515,17.339167
1.8809469,-31.976974,3.7006254,1.3705477,41.290752,-42.149605,54.42367,-60.709206,-22.6906,-39.336006
-44.83034,-4.2168236,12.5996275,-13.051313,-3.892059,-71.01926,60.952217,-22.138203,-37.783962,-30.007622
-14.827044,6.7892647,-5.709513,-33.522896,11.776515,35.138275,53.577152,-18.412205,81.5584,-68.9412
-30.293718,27.489836,11.796879,-40.046246,8.450272,14.830712,27.21156,28.44144,14.574927,-48.343597
-44.270786,9.882069,15.396289,19.841377,42.220287,-50.462914,73.84316,-36.87709,-10.512926,-20.571844
-23.773054,-44.228317,23.228699,-9.419393,-9.20487,-69.375694,69.77003,-25.744673,-41.549915,7.924119
-11.618544,33.446712,24.820293,-19.324417,-30.314672,-39.17228,-45.574356,13.658739,-29.068058,-60.386593
-45.033344,7.9428487,-22.04984,-20.13175,-30.81049,41.33417,22.739826,31.4273,-21.281502,-4.3912687
-11.607623,-30.387247,15.219746,-8.684277,22.458508,-52.18014,72.888275,-60.727135,-71.08789,-32.911144
6.4960775,24.468508,6.111126,1.1963538,18.955172,-4.835606,-6.0339866,-0.0316761,17.526878,-77.754715
16.838678,28.831032,9.903994,2.956523,13.031097,-72.98538,-34.243996,24.243496,-25.858866,-92.99501
1.4064255,16.753368,-3.377867,-21.383924,7.2102723,-50.534546,-28.439808,17.41751,0.8098643,-96.85539
-28.84099,-34.098507,-17.615753,-6.6797156,2.672755,-69.56448,56.485332,-38.04743,-43.649044,-32.554276
-0.28185245,-52.175068,-0.58374906,-19.834793,38.380516,-22.102016,43.097164,-23.33381,64.00642,-15.104839
-7.755432,-25.226357,11.532179,1.6059026,40.281864,-65.433525,49.671986,-66.64041,-31.855997,-10.464571
-10.850021,-77.01495,15.581573,-12.062223,43.31399,4.389799,69.39992,-16.112726,35.760906,-0.63193274
6.1155324,25.082438,-45.887604,-83.70613,-54.043674,29.884264,37.735497,4.5526323,-11.427949,69.56976
-3.1849396,17.422628,42.199142,-7.0698953,-9.147156,-58.473564,0.27894443,31.22162,-21.785355,-67.17518
-25.775562,-1.1285065,3.5927,-8.27,3.6554875,-7.119384,53.97088,-25.525358,-39.8575,-57.092342
-38.960003,20.971558,-49.338783,-72.76986,-38.16834,-32.261032,-11.754776,54.723206,-21.5315,24.930296
-30.822609,-27.166595,-25.361637,-12.955448,-21.327696,15.4725485,49.737694,-45.745872,61.45379,9.521811
-39.01295,-7.366171,-33.247112,-50.319664,-43.71745,-4.3988633,10.325936,25.186663,-18.185297,53.020885
-2.5679681,-19.015507,-49.38257,-47.801548,-14.947161,-12.530122,22.83176,60.339382,-57.801662,15.024376
-3.4656932,16.89913,-26.857336,9.217935,6.8902564,23.849894,11.26104,-4.0108557,60.34685,-55.756676
-44.29835,-60.060875,6.949056,-39.451496,-17.731554,-66.17759,-5.4823685,28.75309,-26.672281,14.318949
-31.399048,15.977367,-31.739697,-31.130095,2.2049603,36.587727,36.590435,20.111238,-4.1633415,-69.600525
36.24473,-9.69276,48.79797,-15.338441,-2.123126,3.901391,-13.414551,19.341902,13.090339,-64.06707
-20.769247,-32.17996,-36.5639,-35.98236,21.27167,23.033487,31.145664,13.379449,63.455147,-36.592033
-24.857277,-62.891693,-21.881407,-31.975986,-51.41623,17.195883,20.756872,-24.12373,-25.585007,42.075634
-46.57141,8.8594265,-9.309145,-56.14676,-51.277515,18.442966,-8.412988,4.619035,-59.874725,50.51891
27.914095,20.256817,28.918316,30.61331,4.5215473,-50.226574,-32.352425,30.975006,-24.580227,-48.13369
-6.729936,41.247654,33.147964,-8.679892,-10.749347,-53.218983,-31.095737,-12.31303,8.719825,-57.76248
-29.441467,12.028109,-52.52249,-37.66701,-13.145445,31.891708,44.780544,29.532736,64.09925,-80.97585
-79.89207,43.16525,-38.72398,-34.95767,17.767065,64.684135,49.454357,10.345709,34.46443,-8.474124
-30.18737,0.2380859,-9.831003,-32.839634,-49.90716,-28.411379,5.2431583,17.823248,-43.372177,27.03023
4.337064,-43.007774,-13.80249,-25.431038,14.023544,-2.277555,50.678036,-49.010685,51.584366,29.914799
-27.97461,-29.48017,-43.510353,-30.372753,-0.021685148,-32.6342,28.768742,-43.09356,27.993279,47.64198
-6.447488,-47.94962,-1.4350175,-56.210854,37.898624,9.503809,27.404837,-26.659733,32.976154,16.887089
28.864174,5.3871174,33.697666,-32.585426,-15.547624,-32.27199,5.5215354,-5.9494343,-1.3532368,-93.04129
-33.309807,-31.67634,-28.867281,-38.729374,-8.092245,6.167491,26.830492,18.173265,-72.28749,-3.6097097
-19.282335,-39.54002,-2.7990956,-0.9452028,33.409,30.060833,62.829338,-6.947232,20.941214,-37.459255
-72.67467,22.99234,13.853285,-22.285963,35.559086,-83.986404,82.44422,-25.807945,-35.858826,-50.980736
-24.066355,-83.5429,-11.71692,-55.369625,34.206352,1.244069,43.472294,-3.5918915,26.292036,36.501835
-17.73939,-33.674206,21.919666,4.2331614,-41.17775,-54.16781,49.30435,-38.757156,-36.14408,2.6136258
-48.870457,-17.526087,49.945183,28.889494,18.320005,-54.049503,55.080532,-38.56603,-27.77537,1.9617975
-1.7933508,3.2151139,-66.91208,-46.931076,3.5082686,16.680683,8.424752,-31.7147,-71.51509,47.10745
-7.232211,13.47554,-33.558723,-57.069992,-5.047093,48.731792,20.883194,-2.2586534,-51.77053,59.961094
-27.467068,-49.928257,-20.76192,-14.180974,36.081383,7.1280317,51.584488,-33.65982,72.140564,23.182688
-39.709602,7.7094483,-52.1971,-3.0672276,-0.16728514,89.76072,36.034275,-22.461067,54.964455,-34.72418
-37.860996,52.881104,-32.753403,-25.521633,-8.376377,53.903225,19.743866,23.710836,21.951387,-18.583754
1.8655348,16.918865,8.126059,14.864199,-6.292227,-48.71245,-37.549755,-20.064709,-33.454147,-59.066254
22.227537,51.334877,24.358551,18.740093,18.773989,-28.376604,-19.574785,4.269953,-10.4416895,-16.071154
-0.35076502,-55.63895,-8.334328,-25.965141,45.533024,-1.0933139,48.943584,-33.700035,65.54973,26.862118
13.211115,-61.332645,-23.535038,-38.452087,31.270931,0.41957414,28.662935,-20.431444,66.108604,-14.357284
-13.063011,-52.124542,-25.871126,-10.59971,36.69368,10.693561,70.1483,-11.48165,67.6989,33.80817
-0.35526323,-64.528336,-12.92244,-56.286465,43.260864,3.3719978,14.782177,-23.076761,83.92079,34.49267
8.529672,14.595896,23.339035,0.53259647,-4.891993,-61.38524,-35.403168,-8.93719,9.046494,-48.540157
-21.63038,-11.509469,6.4086933,37.707733,4.404986,-51.44768,72.17869,-20.626646,17.448174,-11.564383
-10.184004,4.8528633,-57.573315,-26.115854,32.18968,33.575985,27.398489,-18.86759,45.01287,-24.52347
-23.50615,-37.87661,-1.9931352,-2.813094,-33.787468,-47.966034,38.440918,3.4066575,-53.81109,-30.16897
-11.591769,-33.927948,-26.842028,-25.890755,-25.862087,48.50468,50.806618,-33.10372,12.977689,-11.910681
3.5054767,-72.90527,-57.73884,-11.14223,-30.930027,-2.2102797,10.691902,5.38435,10.902474,41.693005
-13.923751,-59.43397,-26.515059,-6.2708173,12.331655,-17.047974,41.531612,-20.310963,64.3511,-3.3158484
38.871937,18.89081,22.577557,1.0935203,31.648394,-55.743816,-10.268878,41.042824,1.1338832,-46.79356
-53.953777,-22.150839,12.411543,12.319872,27.85384,-23.327974,66.026306,-49.069897,-27.987349,-27.27946
-21.969828,-55.965313,7.687661,-45.499607,46.65285,13.827182,65.39635,-47.519817,52.11154,37.20052
-41.635567,-51.61121,1.904726,-26.857573,0.0952819,-64.73155,54.257553,-38.0647,-54.512943,-35.925255
18.817757,1.1644632,57.80241,-0.48969296,-11.470324,-10.8713665,-2.8461208,-31.557621,4.520267,-52.28941
9.341455,20.548132,50.207,-33.919724,3.3754318,-11.001285,-48.120026,-3.6913316,-18.252783,-68.02603
-26.868908,-64.755936,-1.9012716,-54.235004,19.026176,5.198344,62.147957,-35.37452,62.01655,33.910202
-3.89619,-73.2018,-5.697304,-14.023362,80.35963,-9.532203,23.005726,-12.06526,65.6193,24.319172
22.341736,-9.661121,-74.4872,-83.301056,-24.30498,-7.9611735,13.177179,2.5918062,-50.042767,4.615032
-13.782075,49.496017,-16.971315,-5.983606,-0.8845203,33.126347,14.181436,5.336793,50.78801,-51.95317
-29.827297,5.5300965,-42.87502,-41.94641,22.197426,46.736183,21.192148,35.381367,51.936714,-81.25715
-41.611702,-49.01668,-5.735961,0.9894639,-29.571686,-41.46152,57.448,-19.400633,-26.005444,-34.040222
-35.21775,-12.21719,-19.272856,-74.77145,0.021499574,25.205698,-6.158752,-27.82681,-76.77929,34.914562
-24.880306,-61.52241,-24.420124,1.5319065,-18.031889,-71.3184,59.27237,-20.00251,-17.902864,-42.652046
-39.945816,-55.942387,-40.813572,-18.31224,-29.15433,-45.070232,-23.730309,27.956625,-38.5901,47.86739
24.829401,41.79793,7.8765354,-3.907585,18.918905,-40.295387,-41.759987,0.5756213,10.665493,-34.284496
-20.726809,-37.00275,-17.979658,13.956972,18.96809,-42.769955,61.506813,-28.322794,-38.369225,-53.496056
-10.06352,-18.398449,4.8540316,10.509296,63.930298,-46.275936,31.525152,-53.45038,51.19771,-4.7099195
-30.54654,-11.6808,-1.995763,28.834661,6.586166,-2.324317,31.570858,-13.457998,-22.011215,-36.48323
20.257778,-8.482761,33.268696,-12.764914,37.522606,-42.800915,2.7544737,16.184107,-6.3349695,-93.679344
29.155533,18.340506,11.958524,8.798836,4.73498,-61.76468,-54.691986,-23.955202,-13.15288,-98.747116
-2.7850525,20.035446,22.133362,0.7503866,4.135421,-84.8527,-26.302328,43.097603,-44.17474,-83.632675
-5.146575,-53.883175,-20.463867,-28.550554,31.713932,2.2567368,28.31077,-39.47581,73.58222,12.598392
43.502907,-21.34714,16.776272,11.900887,9.45329,-32.666264,-28.78272,36.282345,13.176523,-66.19747
-34.37996,12.834779,-43.516045,-34.479576,29.283672,69.48197,36.567326,-51.930122,39.069992,-20.882986
-56.456596,-34.578766,-68.07553,-69.60514,-15.261639,7.150709,2.468503,4.3199744,-69.107834,-30.640123
-28.746912,-48.405285,-21.996798,-14.660596,-27.921497,-30.025532,-6.665579,-44.999504,-34.21888,13.840339
-36.729805,22.684902,-14.962941,-32.690662,-22.78015,46.05612,18.337866,1.1449829,58.375183,-37.75886
-32.756676,-42.01032,4.6648784,0.4704678,0.39352185,-55.141773,47.072346,-47.372723,-47.504276,-18.73704
-23.41142,-70.63838,-12.006594,-51.58199,32.548496,-17.562426,34.64396,-32.2659,54.98982,13.10704
11.361444,23.020739,32.510826,-7.5598764,-7.566575,-65.93242,-47.436405,-17.703535,16.375568,-51.6777
-24.965239,13.11916,-32.07993,-15.9299345,29.044132,40.61348,40.84509,-4.3201675,31.950974,-33.98617
-20.742773,-75.91919,7.274352,-39.24631,17.39006,5.0547323,41.00016,-74.76115,89.78376,51.240852
-39.657124,-39.400257,-15.873888,-20.330986,18.95552,-34.73848,46.95297,-17.663267,-9.867064,-40.69355
4.7576876,29.748444,19.305878,-2.3710463,11.388437,-26.583097,-53.311584,25.842478,4.992375,-36.561985
-7.336879,-45.895824,-72.157555,-21.299078,-13.4682045,-11.442931,3.4394817,6.067807,1.1177967,64.05583
-28.68975,-39.500977,-13.341974,-18.335932,17.276491,20.42509,61.72639,15.95951,48.239815,-10.200825
41.21136,38.534443,38.216328,-18.253853,21.876472,6.6305494,-11.459597,8.625463,-25.33243,-85.48057
-50.176384,-53.812927,-12.457605,-13.89646,56.12256,-12.068503,30.022842,2.3453395,55.74297,-7.2323127
-7.5965266,-57.562088,-29.902903,-27.1837,-16.203009,7.775834,34.5937,-31.347836,-5.4305663,-8.718881
-16.247507,-53.710472,-17.372654,-23.044292,46.275517,8.019554,61.500153,-6.8939223,43.36666,-0.85073507
-38.85988,-43.0802,-45.43622,-26.23053,53.77104,8.897439,35.61981,-1.1378665,47.412548,-11.384153
-34.55856,-56.62963,-20.730663,-64.06375,23.27521,17.897089,49.11152,-25.488817,20.391626,20.746035
16.265856,19.485533,9.575871,4.726765,-12.60415,-49.64835,-41.370815,-8.74019,2.7819507,-44.587025
-8.748033,-36.353817,-2.8626227,3.2955823,39.470924,-60.084286,-0.005605328,-29.899708,-23.817394,-38.8627
-29.880869,53.95961,-50.78919,-46.013115,-4.420564,77.32272,42.00559,19.790985,34.83577,-30.778374
39.153034,-4.0520267,51.448822,-34.387627,-4.441545,-2.0598664,-10.214939,40.886066,2.7101247,-51.47246
28.535343,14.124521,17.155544,-13.232817,-22.978798,-46.821293,-46.382545,-8.770749,6.821394,-57.500267
20.86884,5.8862157,21.122051,-0.027688192,-14.266944,-52.469707,-26.921118,9.731598,-23.296558,-78.93356
-14.1217,9.081078,-51.18004,-68.02495,5.2362113,25.763079,5.7497435,7.8435154,-38.36575,6.521372
-58.522087,7.2408752,-28.46002,-38.895203,-2.7676072,38.962482,30.791555,22.732416,54.30871,-58.42904
-41.867092,-37.189922,-26.324585,-20.244234,-33.34295,44.29841,35.882084,-38.197414,33.954254,-13.724973
-20.98709,-35.90876,-50.71344,-73.7472,-18.408413,-1.7530019,-12.009119,-44.71742,-19.26349,26.008307
-39.41567,19.232967,-47.6974,-30.252228,23.33988,28.15439,41.414314,-3.62189,31.624483,-44.669807
-32.148838,-48.24344,-60.258194,-62.811985,-4.5134115,5.720012,-16.967249,-20.12141,-13.436597,9.469113
-37.83251,-43.125385,18.459648,8.394958,45.037785,-45.355972,38.417793,-57.926064,-12.9265175,-37.37021
-13.988128,-23.403425,1.9009273,-52.316532,-36.04046,-15.9009905,-10.609644,-22.820417,-24.936005,15.031803
8.669202,61.300877,24.994411,-16.945984,1.1726453,-53.616894,-49.416027,-26.781555,-6.8823347,-82.878235
-59.791573,43.50004,-17.798084,-36.600803,4.5806775,56.320087,53.999687,1.5789791,40.744675,-23.581118
-28.204676,35.06642,-49.150806,-17.7257,-4.765096,64.272255,47.663326,-14.950464,77.306755,-45.181458
-3.2691891,13.271743,-66.979294,-41.176384,-7.4549847,37.328114,14.637685,-28.68578,-56.900425,36.281273
-62.90689,22.268192,-28.474518,-38.92675,0.7051855,40.235184,21.254396,11.401146,13.875815,4.8473215
-20.676212,-40.01215,5.0287952,1.8105897,-15.053382,-55.85387,46.36099,-61.509453,-37.553314,-16.034187
37.585945,6.2063217,2.6362922,27.17881,-5.3757343,-28.408607,-39.05724,6.088462,6.1196256,-81.01768
-32.10348,-15.910012,7.413782,-49.986355,59.26713,40.521137,40.593025,-31.052738,54.99839,-73.40568
-16.558401,-26.057886,-45.422535,-28.604626,-4.1841865,-9.913806,4.9817505,6.98061,-51.64982,53.40439
-45.466614,-32.829197,-54.61225,-30.720118,-7.409564,-34.708523,-29.151388,-4.2809668,-46.35853,17.823488
-23.459263,-14.55698,-30.456963,-18.820929,-13.508089,46.463,49.648155,-26.175499,41.51805,-42.876526
-16.800945,-75.07962,13.824618,-19.854164,43.977875,-13.286882,59.902,-10.792882,51.55671,7.2848816
-14.071599,-37.29338,-24.589062,-36.08541,42.448048,-4.009743,86.028435,-44.035286,38.103966,14.931887
-1.6266974,-71.03996,-30.67634,-29.56434,55.216633,11.1039715,14.491234,9.219965,78.7867,21.17208
12.189353,1.2246944,18.151775,16.522894,-3.7189806,-44.033493,-52.88915,24.288416,5.1867504,-21.010986
2.7347493,-10.847669,18.062176,10.780351,-28.591982,-36.253914,-30.861435,-7.245299,-20.85948,-35.79071
-30.226473,-10.900016,-4.582274,-41.647583,-5.280359,7.4300404,29.837654,10.186299,22.812609,-57.912376
20.455017,-60.81182,-4.996931,-61.74445,30.535013,-21.010626,4.2775517,-48.39111,65.75711,-4.5704093
-19.9007,35.19951,-30.772205,-26.280085,-14.039343,60.758743,48.971867,-28.833681,60.331398,-41.878113
-32.15166,-44.067337,6.480787,-17.454275,9.569221,-73.59949,38.29601,-21.459541,-15.258393,0.014058828
-1.6028492,26.64264,56.99945,4.842219,-11.567836,-75.77064,-43.066914,-32.951916,11.08023,-56.088062
-46.3505,-54.293602,8.199711,-4.7670417,-35.518074,-40.287792,68.230255,-30.167261,-21.659164,-41.368343
12.112685,-38.577282,-38.359913,-32.76419,16.663746,14.6423025,39.848824,-39.97116,12.691665,52.940166
-25.773788,-77.56094,-31.155947,-13.555562,49.984497,8.970603,44.449875,-38.337086,85.64286,18.804035
-30.539688,9.633245,7.817168,-16.66398,-2.9861677,33.32737,11.542585,14.347497,48.895935,-53.32785
0.35768872,-46.57769,-48.499718,-30.386194,6.5592723,-9.533177,36.724815,-39.74661,74.70826,5.3483458
9.179206,-12.468146,-6.4618387,8.585705,-33.175697,-39.56703,-20.792059,24.538383,-13.352745,-35.99841
13.848222,-53.17362,-17.44852,-5.808503,58.47563,3.5374088,47.031036,-40.171673,66.095024,18.605577
9.248651,-37.99676,-48.909107,-35.897846,3.0170422,-10.790375,35.030075,-40.56051,55.897934,35.63209
-26.860062,-33.616417,-59.05021,-60.6881,16.636164,-27.302977,-20.57459,-8.791213,-19.134901,11.8911495
-46.713352,-57.60781,12.889656,-22.951883,9.491529,-9.580233,46.936733,-26.877806,-49.60832,11.35583
-28.647816,-42.810318,-1.0265335,-10.013379,60.99008,7.628442,45.806347,4.7530413,70.48818,-14.98762
-8.084436,-54.893265,0.11926222,-33.317635,47.228302,-9.841983,65.47141,-19.85537,67.88378,31.008268
-40.48927,5.173101,-26.219837,-9.2141,3.0987372,66.52177,42.259308,-14.176794,62.33865,-23.36694
-56.433903,-36.81248,26.495731,19.150738,7.791074,-48.359955,61.824974,-19.660013,-6.0561304,-6.768253
-16.146055,25.529516,48.76645,-21.272583,1.5934012,-64.52982,-55.04118,-2.291604,-17.138906,-55.142586
-18.445715,-12.668897,4.219023,4.688904,20.352938,-48.97232,11.19187,-19.52838,-12.526672,-28.260126
-1.4482031,-19.204578,-59.281708,-27.63511,11.425719,29.25942,4.8925276,-33.939674,-54.936954,34.138348
-21.982714,-19.773056,-41.747242,-6.9569197,5.695543,36.276432,36.54305,46.61437,-20.486425,-38.881443
12.378716,-65.146866,2.952177,-42.927498,31.911362,-16.576778,15.437298,-43.66131,55.006485,21.38406
9.596591,1.0676733,-54.96471,-46.987896,-8.652558,9.4386635,27.908514,16.187445,-60.702515,56.772152
-29.106243,-20.088095,42.834312,0.8713678,30.217709,-52.677933,17.6898,-49.308758,-32.906628,-35.679714
-2.3582847,-49.077744,-46.294716,-26.897474,47.54487,13.967955,43.00122,-10.935555,45.431206,5.896985
-33.0538,-9.66662,15.6976,3.2103586,0.2500649,-57.58394,59.021835,-31.117435,-58.0592,-6.6724687
19.07643,5.4591403,24.485043,24.952848,8.420818,-72.63935,-31.228056,20.392952,-16.64948,-38.79274
-30.554544,-22.578268,14.396631,-11.180723,27.071217,-72.498955,53.992985,-50.207344,-58.029636,-22.95931
-63.50035,43.290634,-24.854147,-50.215008,-2.5773668,45.82339,64.85793,11.594185,44.266006,-29.353298
-66.84951,-54.179832,9.01033,-3.850093,32.277428,-79.33433,12.180747,8.731105,-20.523096,-22.278708
-26.770716,-68.94243,-47.184494,-7.8708825,-9.803079,-9.299501,19.365396,-25.853792,22.025665,8.234253
-0.974748,-30.282984,-49.09964,-55.959866,1.6963046,17.012701,4.092926,-11.253857,-65.56917,23.059174
10.389857,6.030769,-0.6341058,16.245447,15.968476,-76.86988,-60.67719,24.993145,-11.401853,-61.537075
-52.098007,-56.603046,-10.867888,-36.66553,-24.256712,-50.591347,-43.76419,32.098522,-6.087539,26.960115
-0.09552316,4.8130913,2.596942,22.961475,-0.7896603,-34.98543,-38.23219,14.37655,2.5556226,-60.0582
-35.782265,-30.10551,-50.73384,-53.134327,-4.67331,26.289385,0.32540768,2.1958587,-49.242714,-16.115522
39.396626,3.8549216,15.182063,-11.733092,-1.3779114,-53.494827,-35.725365,-20.858809,12.486732,-76.55506
-29.92966,17.431507,-3.5828595,6.521655,5.6844883,18.803947,17.31718,33.108006,29.292234,-56.25868
24.629827,0.06949559,25.36214,7.521236,8.464702,-23.339651,-34.839245,31.727163,3.6451004,-49.727562
-38.113285,-12.2332945,24.565323,-19.640493,-14.966394,17.631296,30.314886,11.883264,27.593613,-49.415054
-21.215654,24.25572,-34.857754,-17.830996,23.763355,70.20384,26.086275,15.128703,56.02243,-35.012047
-79.426636,-35.336895,27.045437,0.63812625,34.606308,-63.576313,57.842213,-26.355635,-17.216242,-9.704146
38.18738,-27.593163,33.31071,15.448011,12.108186,-17.39382,-33.100243,36.84145,14.052438,-55.208282
13.71465,16.46629,-58.382095,-104.59689,-16.594276,33.36306,85.35424,14.941378,-80.232574,58.50086
-3.0589185,-10.122764,24.664932,8.176218,0.043487847,-55.288437,43.152824,-39.926754,-24.572474,6.2264404
17.793829,-3.9845273,-45.57302,-68.56044,-31.164425,2.3647966,6.60421,-18.517733,-42.497852,31.248297
28.185177,-72.4688,-3.0267003,-41.004803,14.838517,-12.090418,2.4407601,-50.037395,57.40853,9.726863
-44.086033,9.479362,-22.616747,-46.553066,27.089779,52.39055,25.37995,17.662722,55.334686,-58.873707
18.115768,36.338524,20.147305,-15.274217,-0.47807217,-67.66028,-45.58435,-39.23602,6.334808,-73.96128
-26.759106,-16.66865,-9.513254,-65.458244,12.264253,34.503174,-18.76704,-1.3531067,-81.00218,32.83662
2.2376738,8.451488,40.075577,19.044273,4.000035,-42.097637,11.803666,-45.30928,-1.2828094,-4.2023087
-39.69879,-58.0601,9.342537,-0.8954568,1.1301398,-66.79229,56.116787,-7.5759306,-41.363026,-13.2287655
5.3434753,-68.47578,4.1011386,-15.050246,54.05954,6.3392353,62.33306,-24.300825,45.092216,40.02348
-54.642918,-59.071545,-24.901075,-33.155827,-23.223335,-29.125153,-14.626625,36.104965,-41.17358,43.622726
1.3355427,-57.856083,-9.812111,-17.281538,47.085373,15.344996,38.493595,-36.540646,91.21431,22.184969
-19.523626,-42.446716,16.551212,-7.5739512,40.66846,-76.363525,51.818844,-33.760616,-36.00842,-20.91672
26.584875,-45.3596,-33.286003,-21.886932,20.701283,14.998639,61.186592,-56.484455,65.92521,36.74445
28.1637,7.351628,20.545097,23.31551,13.001913,-1.2377259,-35.638287,-4.449543,8.337986,-82.469475
-61.986156,-51.972023,-33.729507,-17.10593,-3.9458387,-76.42776,53.90523,-23.6936,-24.1197,-0.05449579
23.294493,19.662077,38.79559,0.23393023,17.201593,4.2460074,-29.970129,-4.746359,-15.482285,-88.13018
-18.88846,-32.24757,12.150902,-3.3798673,24.9042,-29.666145,39.266224,-27.838465,-41.015278,-20.044392
16.836054,35.230934,41.123207,-12.923592,46.103874,-38.512115,-16.77706,40.20138,-36.212852,-92.38569
21.604376,-42.4494,-43.87864,-43.56192,0.97513777,-24.88312,-16.03197,-39.9008,22.113083,17.335194
-49.582798,-64.10669,12.698449,-1.7215769,-49.034496,-50.22583,60.15466,-7.8494215,-41.0435,-13.9268465
-28.32714,-57.687653,-28.685593,12.742665,-24.823904,-60.216038,66.35997,-15.016285,13.393048,-31.260036
-44.80458,-28.158924,-23.361677,2.0844283,7.8190837,19.780443,63.26898,-9.851177,24.344906,-24.011766
-13.504826,4.598684,-27.580446,-29.219542,25.405533,37.7326,28.925371,12.074339,-1.267772,-79.427216
-6.800414,-80.10727,-13.476108,-42.159542,44.56691,-0.25333932,44.792557,-28.352789,25.94043,28.521345
-3.635491,-72.488,9.809963,-25.929918,42.950897,-2.017355,53.16693,-22.417904,34.457375,3.8047497
-23.861038,-45.187325,-6.4163303,-24.079016,10.8459015,-58.937626,12.6684675,-30.141603,-27.324696,3.0047128
-20.764355,-76.14544,-7.976945,6.9731927,-38.907166,-51.196907,55.230404,-17.927446,-9.945273,-44.656746
-37.62819,36.36394,7.510456,-55.58348,-6.887421,37.872013,40.907204,6.5451627,2.2480667,-27.962893
-32.978344,12.633464,-13.573476,-50.035877,13.387953,43.742794,48.741707,7.737301,68.89017,-84.617256
-3.7440317,-37.063957,-53.378624,-68.56945,1.4159918,18.63124,3.597293,-25.118458,-16.090113,2.0472736
-28.206184,-39.461994,-43.88377,-70.825485,-39.718998,5.644807,-5.813367,-34.71984,-25.057941,35.333057
11.810694,7.2442303,-5.105612,17.746721,-3.9305677,36.18263,-8.927942,-32.816452,37.296318,-51.894733
-5.9550495,8.097541,-50.100693,-43.08615,4.293834,45.600346,20.198061,19.203453,69.1491,-64.48602
-27.489513,-35.574318,12.788786,-41.217125,7.7970204,-43.43075,30.060434,-33.04711,-32.648106,17.299345
-36.507072,-55.395275,-16.512197,-58.79594,-53.042164,10.230019,7.512994,10.629657,-63.817608,35.341938
4.6881576,-36.858215,-36.20577,-37.740967,-7.542904,-29.629107,-3.337624,4.7648273,-59.38314,63.333378
34.57512,33.31416,3.1231432,-13.124486,28.056623,-41.50792,-21.054617,13.217808,-13.034362,-84.86124
30.251097,30.483706,11.682159,-1.3240415,39.433346,-42.661827,-43.16929,17.68615,-21.4971,-75.69166
12.045251,-56.83727,-6.616023,-31.664986,56.395576,10.706286,55.257698,-18.271173,58.32019,35.108345
-36.148426,-9.358386,-67.784966,-8.377804,15.423035,-23.037502,9.22998,-8.373357,42.404194,60.325085
-18.609306,-23.97913,-33.760883,-17.451256,18.297632,47.417767,54.239227,-53.667377,55.96136,-25.036812
6.338986,1.198221,-11.465268,19.111504,9.402617,-75.871315,-52.908432,8.258463,2.4237754,-61.30297
-8.503762,-17.76944,-38.90944,-89.91279,-16.692081,0.59376144,5.3267508,9.953966,-78.57286,16.934042
-33.4917,37.939297,-44.888912,-27.579163,-5.0476193,84.90777,53.4226,8.334112,23.247858,-29.626373
42.66144,17.701622,6.4011636,-4.2877107,26.718092,-40.467842,-47.194412,0.31282815,-16.758043,-60.027073
31.317184,26.51734,-6.037893,-12.859639,-6.199716,-26.684526,-41.753136,14.477962,-16.333906,-57.236324
-46.22253,-56.615,9.871064,-13.24409,53.252216,3.2876587,51.657284,-0.6480416,60.406334,16.38537
20.823093,-6.090668,22.4277,20.16024,23.285116,-7.475419,-42.317795,25.363506,-2.0798748,-59.031696
4.5014753,-7.4279647,32.186413,27.45216,13.246831,-26.449648,-33.11572,-36.19241,-21.890339,-79.3952
-14.8106365,-32.940742,-31.712671,-41.289356,16.737963,12.991397,24.137966,1.3790834,73.66808,-10.44746
-32.81231,40.065426,-40.342667,-32.660633,22.717157,47.158363,46.065617,-13.960174,49.820137,-39.334476
-21.77993,8.958974,6.018826,-9.511524,1.556077,39.89832,4.878581,12.31988,51.58436,-53.66773
-37.231285,48.322174,-45.657227,-11.118583,-5.2897854,65.54005,45.50099,-25.108595,58.206062,-45.056885
9.726818,-61.266327,1.8418016,-47.22443,63.64894,4.205703,33.370113,-24.041153,40.961754,11.307385
18.319424,-52.974285,6.0227365,-25.163757,57.48281,11.140494,33.837837,-32.085495,52.146828,4.1048203
-14.01738,-38.080708,-60.00861,-71.44106,3.4502878,-25.817541,-10.437325,-12.307152,-26.15432,19.456196
10.672321,3.8587291,21.15778,-14.679332,22.828985,-45.876602,-17.478136,38.985607,17.931318,-42.347397
-42.902157,-12.71067,-76.266945,-16.50087,-10.940468,-14.013012,-9.308772,-17.112175,-17.21445,9.180036
7.487504,23.59618,25.672794,-8.157334,-8.55444,-67.56495,-35.59785,-16.705582,1.0838978,-58.318237
9.815394,-43.328545,-41.66707,-29.455112,49.95102,16.567833,14.985038,-0.88460296,66.94873,-5.158662
17.029202,19.704504,0.77665675,-7.018674,-14.192299,-32.314594,-62.034794,24.703547,0.74775195,-21.103685
-4.2640314,-8.924602,0.046247423,-9.502754,19.307682,-48.779495,5.144871,29.072147,27.668041,-46.26929
-54.08533,-36.55527,-53.79558,-30.97115,-35.85798,-20.4586,-45.688145,5.410361,-22.655443,11.925173
-28.906128,-23.538265,-40.386925,-14.704016,-6.1054544,35.424484,57.67156,-26.899426,68.86338,-41.824013
-13.180645,-58.999477,-6.8259873,-19.431797,64.06125,19.381458,31.297915,-17.519838,67.091995,8.000153
-38.46837,28.567322,-40.419018,-43.721992,31.380825,44.490173,27.05692,-6.4573402,29.580322,-43.115273
-42.31436,1.507739,-35.240902,6.1097603,13.247171,30.512299,49.492172,-37.621902,32.403004,-36.34221
-37.01116,-10.409737,45.496986,28.329954,28.620943,-33.30865,48.053837,-55.307045,-33.41901,-40.52315
20.34634,-64.55998,-12.890609,-40.968346,20.687393,1.409362,7.103669,-22.46863,75.79542,17.732504
-4.3237796,-75.66337,-5.543924,-8.318373,47.767,11.351007,60.41574,-44.09074,42.809135,-15.012732
25.342718,-12.627924,-48.28609,-21.479055,-2.2916327,-10.277693,12.63572,-15.036938,-32.07115,54.132267
-23.904074,-9.771839,8.760073,14.0509,21.724411,-34.480186,33.74648,-66.9454,-16.164373,-50.86771
-73.895615,-12.296095,-20.095901,-30.520334,10.485236,38.76237,5.657949,19.538992,58.90041,-47.282063
-33.133663,-7.0541115,-30.88593,-32.552593,52.16109,35.736534,52.792713,16.89707,44.959583,13.499345
-35.68049,31.340918,-47.222317,-1.1030027,-12.290271,69.21281,19.397175,-21.399693,75.65967,-23.133947
-14.954595,-43.28473,16.214699,-42.876877,19.127462,1.6629063,35.576015,-35.54184,92.99314,25.00089
37.51223,23.172632,54.49732,-20.94505,4.828762,24.200836,-31.027514,16.08848,-13.055884,-69.10396
8.320325,40.111153,14.79159,-5.957955,31.6093,-62.353867,-39.922337,23.829493,-35.076057,-90.018745
15.921126,7.1779118,41.93015,-4.2527122,14.238197,-57.328148,1.5755917,19.68827,-10.133156,-77.592285
-0.48525915,-0.6473195,-45.33476,-77.69937,-37.621582,13.587637,37.92156,24.4073,-48.92011,31.642496
-30.6188,-42.614758,8.863401,18.924768,25.439703,-32.79149,46.965145,-54.38672,-9.343083,-47.11942
8.908908,-7.4474535,-49.735043,-90.34543,-17.630587,-4.5805097,-2.8957243,37.092064,-66.561264,24.21479
-18.110495,-34.741695,-27.638964,24.384525,0.6072257,-40.303196,44.561455,-16.510592,-12.086472,-55.638706
-47.13053,23.205688,-78.855194,-47.09733,-22.313923,21.67897,21.231495,7.7512593,19.751928,-30.715855
-42.814426,-62.64102,25.430767,0.7588531,-17.137127,-66.84627,64.15393,-13.564487,-38.290207,21.702883
-45.607327,20.745176,-52.704556,-28.242638,45.52743,50.271957,49.160717,12.068296,42.435364,-42.72105
-24.003702,-41.61736,12.700173,-10.346075,9.865075,-15.990119,77.17923,-65.91745,-31.77194,-45.81087
-41.365803,15.145795,-7.275367,-30.496696,-6.875431,73.10598,35.87087,37.895782,40.258537,-55.960377
-15.145932,-18.04853,48.178177,-6.163713,20.651587,-60.03566,62.559525,-44.91693,17.1545,-26.040756
44.10694,22.320372,7.979912,-33.015972,-25.362703,-41.389244,-49.573326,-15.811362,16.406885,-59.55242
58.914574,-7.1386433,7.4015265,-17.207825,-12.357142,-11.623929,-49.216995,24.411661,8.860711,-40.28219
-2.2416186,-43.410686,-17.911867,-25.969212,16.39549,-4.8730745,10.219539,-44.487606,32.09363,9.341647
10.362346,-6.5015645,-47.522778,-24.772589,7.843034,-21.20118,10.537775,-9.565562,-54.166153,85.1689
-24.660595,-26.746227,-50.810802,-10.0233,5.5514593,-6.0279083,14.088963,-15.270047,14.800821,-6.6630197
-10.989217,-9.001973,13.356492,2.9880967,23.095333,-46.839508,61.083088,-56.4009,-38.429176,-24.920483
-33.908054,-22.416826,-22.52538,36.13445,14.529511,-37.297985,56.182915,-28.652456,-22.039028,-42.479958
-47.23239,26.24285,41.440617,9.920691,69.84858,-21.332493,71.21513,-31.612392,-10.256363,-9.112762
8.762007,-11.590148,5.7292953,-3.2396007,-28.875109,-49.58443,-13.7897215,-37.992474,-14.867137,-28.650263
-53.478027,12.863548,-14.482614,-3.9116144,27.054022,25.918543,82.806885,-35.069782,5.625077,-41.793716
-33.27888,39.382145,-25.83596,-38.974476,-9.034709,44.5848,26.626286,36.21463,44.136147,-34.81707
-19.781515,-33.4161,17.335766,10.399166,-12.811807,-71.42698,65.02682,-14.601586,-36.617054,-18.428879
-53.514347,25.090843,-35.126606,-33.37271,34.363186,41.190735,44.81544,-18.385632,37.24709,-51.09134
19.805122,20.434607,5.3769636,-23.780424,5.6162753,-35.519333,-39.222828,23.594208,-26.37814,-82.9213
-24.801249,-65.79145,-9.49855,7.5890565,-30.563944,-53.536873,58.35235,-19.812849,5.1550727,-33.327427
-16.50084,-57.32862,-6.488426,-6.7885356,30.799725,1.068415,54.564133,-19.541864,72.07044,2.4423473
23.824432,-36.384747,-29.108595,-33.86542,-16.970339,-22.864935,1.2238615,-9.918103,-66.02548,43.38023
-13.220876,-57.554707,12.953021,-39.387527,54.253754,5.7814865,39.828297,-43.30062,40.830833,-0.26895216
10.248945,16.122448,17.624378,3.731501,-12.374411,-42.909027,-47.15279,23.364828,1.9887083,-29.548355
5.111597,-36.194984,-56.32057,-36.529137,20.958624,8.397012,8.726392,-27.516167,-41.50055,39.771618
-28.432869,25.859863,-30.222267,-53.755714,3.6322086,34.677044,64.75288,5.9429307,65.62246,-66.300255
1.8966405,12.836655,-64.88271,-82.356544,-60.150013,-16.260544,33.70784,-11.289348,-3.6471276,33.141537
20.022146,23.378412,0.26100916,11.277138,15.306577,-71.941475,-54.24412,-19.513391,-9.86973,-87.181206
-61.515816,-10.859112,47.73831,13.4092865,18.345486,-48.61372,5.4001055,-2.3214731,-35.324554,20.984467
-21.856627,-18.536516,-39.747047,-29.096083,-18.211058,-17.074505,-2.3575897,5.281276,-47.970737,62.344654
-43.931805,17.718555,-44.25994,-42.320522,19.39807,32.58725,35.549522,-0.3359287,43.037727,-37.38294
-32.153774,-17.384018,-15.078029,-41.74533,25.576513,46.381615,46.51003,-12.29026,35.539024,-99.33165
45.794327,31.792355,-6.933138,-2.2812011,-1.6703469,-37.335827,-54.79675,-1.4023482,-11.707893,-27.390871
36.19267,-3.6497288,-96.98685,-81.94996,19.833178,17.936462,7.151412,-17.55387,-29.537195,12.053394
-11.756573,-39.68468,-14.320486,-47.185627,-1.360926,-19.936577,14.7416115,-6.5587664,-32.674374,54.414017
1.3921465,60.421894,-9.499604,-17.307259,-2.7631238,30.477955,11.572817,6.8389816,18.49948,-42.33716
41.816956,0.59512997,14.30145,-22.392353,-23.98452,-33.583366,-30.422205,4.125056,11.258905,-68.6654
24.583897,37.771053,38.616383,0.116356134,12.252195,-2.877133,-34.53003,-21.86831,-24.321587,-89.94216
35.40209,-22.210768,39.09137,1.7507967,-4.5410748,-9.063418,-30.61438,35.665707,9.256163,-41.797977
35.150486,-10.926855,14.934758,10.390207,29.683529,-23.994604,-30.815346,30.619026,1.2070441,-87.54063
-7.06932,-6.8865724,19.070545,-6.640942,-29.345638,-44.71811,33.91702,-67.60372,-36.662838,-14.01478
-10.400935,7.6432233,-59.732327,-20.835974,11.9635,-42.49761,8.560518,13.042292,-56.797653,72.03161
-0.32040128,-28.42033,10.516626,2.7033267,-22.838577,-58.12605,49.8327,-60.490543,-36.907543,-20.450947
1.5982914,-25.231983,0.78115654,-5.803434,10.246438,-70.52226,47.694714,-68.40486,-28.42481,-4.3814425
-20.110983,-51.55281,-2.1540914,-15.259746,18.624275,-96.95849,55.316406,-2.292778,-46.876656,-14.331344
25.301704,-68.81413,-28.908632,-34.61129,-17.996296,-44.020863,18.853971,19.058342,-38.36851,35.634335
13.102177,35.32711,-0.38516095,22.182833,-6.44234,20.80495,-13.351593,-39.03278,38.573944,-58.219925
-9.688447,-2.5991924,-16.585863,21.237322,-19.755165,-47.054707,-9.674198,1.3981829,-21.02138,1.7505946
-4.4671183,-36.67233,-44.2335,-78.65781,-47.12756,5.1706257,19.02131,12.602732,-29.990053,14.340729
-37.873592,-63.22748,-23.953451,-24.609821,37.72396,16.283054,52.2146,-38.51414,76.410446,34.878063
-34.816772,-67.5242,3.6049666,-7.5526066,5.428846,-35.749126,-12.466944,-14.888429,85.112526,-13.558391
-8.996055,-26.456251,-27.249033,-51.869698,12.146757,46.38419,29.677996,-17.652592,82.80154,-19.895342
-7.040077,-68.22845,-0.7071297,-50.756504,-52.650692,-6.055469,37.525387,16.504438,-4.453086,44.958073
-21.320623,-5.6368084,-32.616344,-8.048951,16.611547,44.740307,40.657307,-11.119649,8.726413,-71.09375
-19.076933,50.715767,-56.64111,-58.01942,-12.515442,42.697594,35.294262,0.7580368,31.057543,-16.322453
26.933096,-10.983926,17.829529,-35.460464,16.65587,-35.65045,-21.497728,7.5287848,7.6043806,-52.77112
-32.672234,-5.2962737,-7.64532,5.630074,29.295635,-4.9510727,77.67909,-60.18692,-19.81895,-69.63664
-19.32564,-45.101616,-36.352814,-15.539514,3.5882812,-0.7973143,21.331974,-7.988008,-11.142638,40.000935
-14.319321,-65.25332,18.708435,-29.177362,29.135668,-13.882582,45.62735,-17.869541,45.850677,-6.7081456
-22.703644,-23.122057,-12.942314,11.431166,-13.436285,-59.06158,76.147156,-28.162476,-15.002533,-27.730791
-39.936775,9.352883,-38.62034,-31.984612,34.88028,39.106224,54.57142,29.376234,43.106888,-75.22523
14.129449,-19.404661,4.8759403,-4.4874163,19.09641,-45.09668,0.6173641,-24.953722,31.4842,-52.368744
-24.903816,6.848417,-29.76022,-46.364986,23.095516,19.778696,34.77752,-39.047073,71.93191,9.931606
-26.279776,-9.80546,-39.188545,-20.05837,6.0082746,48.838463,49.355133,-5.5945606,16.782694,-45.12262
-8.823872,-53.507866,-30.168709,-12.287438,56.41546,9.834886,53.531445,-24.360687,54.52082,15.18247
0.040703833,42.68792,-2.248766,2.2513905,10.054905,26.312706,11.109409,14.426823,30.233776,-68.7976
41.437202,0.24677101,-74.11313,-72.721664,-29.389889,4.3659906,-4.865145,-9.110932,-37.01122,36.966927
-57.43525,-43.89684,20.936008,6.9059215,-2.1114614,-41.180428,66.05519,-15.091906,-31.311573,-16.312529
10.3195305,-35.68899,-22.773891,-65.5505,-22.133669,11.674406,41.881863,-54.484848,-57.5522,50.155773
-18.820507,-81.90169,7.4376116,-14.254113,-40.007153,-19.051098,5.054805,-54.911716,-19.72445,52.0229
-49.514473,-14.701146,-15.584471,-5.0102572,4.807166,44.165848,52.39696,-39.39931,41.801445,-32.67874
-27.979452,-9.182189,3.122159,8.233474,-8.83739,-29.201302,24.921185,-36.849705,-51.350864,-17.891407
-34.735653,16.802088,-13.212468,-32.4352,-16.201424,-25.36477,-34.064796,-17.97271,-0.05839475,-57.011715
-6.6429844,-64.08065,-14.25177,-13.088637,82.8734,-25.479275,21.137165,-0.38223058,62.37674,4.803441
-17.589638,-34.830936,-29.996214,14.532276,-13.126738,-59.597904,57.537228,-24.502254,-14.705245,-42.402477
-29.826866,-56.81741,-5.452201,-16.49588,58.607002,6.3284683,81.30486,-4.1076665,70.89645,35.396847
9.641499,-45.46992,-36.469124,-18.687727,37.634476,8.046864,32.508617,-54.15697,55.4096,13.019762
-31.030413,-50.99976,-3.6358132,-8.45062,-13.268757,-62.747604,52.76926,-32.125343,-45.317326,-35.24829
12.033164,9.117116,31.889599,4.890785,14.990013,-65.540634,-11.136826,12.84861,-7.576456,-66.17611
17.041393,-10.782586,-50.561363,-55.67836,-46.66812,28.925365,31.537945,22.866863,-12.365341,40.992878
8.750639,-58.591564,-6.9188375,-32.68992,46.87749,-6.734862,47.177597,-23.09328,42.696938,21.997225
-52.886856,-46.903477,0.8263943,-0.6701385,-12.837263,-38.76554,65.86976,-50.10713,-10.177211,-53.75918
6.7113323,-69.86962,3.9936962,-7.506451,50.924377,3.9991064,69.49949,-43.184383,39.654995,18.803782
-18.693525,-53.473385,-6.6744018,-29.005474,14.271475,11.202182,52.940228,-54.059517,49.88605,26.369707
2.244629,-86.50161,-31.0499,-13.949082,9.607649,-27.414803,42.57956,2.5288434,-10.333058,24.925184
21.556211,-31.139545,-48.041866,-13.035707,-26.560207,-24.377771,16.304552,-14.968101,-37.890305,57.95185
-1.2294682,-70.341866,9.203921,-20.808184,44.604958,0.5141829,69.07569,-46.489777,29.423618,32.557156
23.857718,-0.15682077,29.796986,15.149561,0.3694901,-13.502262,-43.32517,25.018555,4.497772,-59.57679
1.566226,-2.9392383,-13.813334,-15.375261,25.327255,-14.712507,54.74652,51.676876,-9.432724,-42.367626
-37.38878,-27.447588,-38.82518,-67.19674,-42.20149,33.74381,-45.926357,-9.636354,-25.091785,27.469437
-56.914555,14.3793335,-42.476933,-17.778519,5.048572,47.649746,12.767338,-7.5622706,42.014534,-39.855774
-17.186287,-51.678883,-25.094671,18.994694,-3.9564927,-42.964977,79.53479,-37.230225,-18.46172,-63.434814
-48.255302,-5.860981,-5.380801,2.6567054,2.8000443,41.513474,25.514574,16.975004,59.856583,-60.229847
-20.189617,67.39355,-70.576935,-49.16192,-3.8199813,72.202675,19.076147,8.232588,18.868423,-26.549604
-21.120733,2.5269516,-25.154491,-27.404804,27.18256,35.21601,42.435387,-33.11018,44.173847,-6.94769
0.5671369,-28.904427,-7.0341287,-14.233869,11.422075,-38.3514,74.3938,-50.203842,-44.57408,-51.47185
-2.0859556,-55.242653,-35.29927,-17.240452,46.22792,12.2796335,56.327866,-37.759342,57.341484,25.518099
-33.64545,-49.08859,-6.3327136,-14.246107,7.1698065,-39.34509,28.845018,-47.75105,-28.684978,-44.484165
-9.926257,-40.17656,-13.316572,-10.124722,-18.594944,-68.07439,61.215218,-1.0513532,-58.16733,-16.760124
-19.271275,-48.128872,-1.878546,-22.572159,32.107143,-6.5261517,63.706497,0.24785277,63.98604,-12.202618
-18.284603,-44.374737,-0.87478095,9.765806,-19.241184,-51.401405,54.620235,-29.033764,-53.5672,-28.947508
-24.26067,2.8118584,-38.549786,-20.261312,23.130434,46.454746,52.802486,-17.960443,30.614498,-46.181885
25.411829,14.788685,2.478074,28.836498,7.9431767,-36.79443,-25.244602,-17.973492,1.9770353,-82.50133
21.132494,-0.7247873,-35.025894,-58.798378,7.3621826,16.28494,27.443287,-36.951412,-16.668188,59.28181
18.96182,13.641106,18.148907,13.035606,24.94273,-64.20309,-24.10565,30.757162,-11.105412,-47.078842
-7.9211164,2.259885,4.9776444,8.926133,30.441038,-48.254974,23.097769,-40.005863,-28.815079,-29.981499
-3.3824852,-17.70918,-12.161012,-84.698784,6.807697,15.116153,0.32720768,-13.034062,-69.566734,7.2089205
-48.295254,-88.47767,-8.597531,-28.256674,28.209156,-15.447295,39.206505,-31.5147,38.167294,1.197355
-13.508775,-78.322556,-17.548216,-27.141203,29.907928,-12.386118,42.63748,-6.060751,24.154001,18.02522
-21.05703,-57.954403,19.33004,-8.396118,-39.14513,-50.6633,61.402126,-15.33381,-56.317924,-21.90394
-21.663631,-85.857544,4.4352503,-39.013218,34.191593,-8.683964,58.607933,-30.242075,26.829268,6.7699623
18.956673,24.030792,17.975128,-0.89162576,-6.3718677,-59.269073,-37.327225,18.881409,-2.3071582,-83.405396
11.621202,-38.353313,-8.263294,-62.921173,-27.04611,-30.425514,11.693514,-28.074268,-43.76663,63.25455
11.389174,-47.416157,-23.716797,-52.37171,15.630308,-33.40449,19.503809,-2.0758555,-39.97623,42.142086
26.969814,-32.684513,-25.934244,-76.261894,4.614742,-54.4996,19.761297,-31.304838,2.4406254,25.477745
-13.558508,-24.160013,-24.838789,-13.845558,-11.181242,-72.94746,54.793392,-48.10892,-43.839504,-37.369354
13.255572,20.249165,25.214474,4.306619,47.702522,-62.593452,-9.238475,29.714712,-19.782001,-74.490105
13.772206,-11.333465,42.36197,16.813818,27.41802,2.4239955,-28.995087,7.6007943,-6.723266,-84.48622
-43.275993,34.82958,-32.703003,-42.803444,21.478653,43.464657,61.11868,1.9708066,69.390465,-47.064743
-12.926628,-25.542315,-1.3000814,-7.908733,1.2049813,-71.181786,40.216766,-63.79029,-27.034174,-29.649279
36.89033,18.135077,14.479641,-25.11091,1.1106343,-48.995968,-38.58031,-38.649696,4.6337056,-94.29432
-47.46816,10.453913,-5.241862,-34.74201,-9.349278,33.91329,28.95996,7.3292646,46.195107,-59.201393
12.869504,7.034287,-9.402837,-84.74686,-30.642645,34.781757,46.69549,-32.09431,-64.71421,61.24629
-22.97819,37.999012,-27.343164,-20.19071,-3.8287785,62.495754,50.451805,-5.2413692,50.42247,-52.012966
44.89889,15.854176,7.1123857,-32.71873,-8.747788,-37.39348,-48.97639,-17.71123,9.557376,-79.71071
-50.34256,-6.878014,-9.273243,-89.586,-11.18723,9.518552,-15.520945,7.8401604,-71.1158,0.7643409
-19.853668,-52.913887,-20.608725,-22.179836,51.38116,21.573702,55.562378,-11.651967,48.775837,-37.423626
-28.928663,-42.026134,-20.74181,-56.528328,-40.86233,-34.47851,-13.546828,32.427273,-16.919462,35.90549
-35.464046,-30.333984,-27.36533,-2.2884753,9.617511,-32.90128,-2.7527273,-50.78051,-21.71316,-11.724298
-35.194386,26.905302,-30.389048,-31.12922,-8.061321,48.719025,39.220623,-42.04382,72.320816,-24.964354
-22.024637,-10.141117,-24.00517,-29.642647,2.3280463,9.124291,47.55871,-18.227953,61.858307,-42.89875
-12.236611,-14.986027,10.3796425,2.6254282,50.406563,-51.068512,46.630047,-59.971237,-21.893877,-19.447874
-53.430237,28.191442,-32.146023,-38.104122,9.584745,45.783318,16.606733,11.213256,40.42585,-41.105576
-9.85764,-20.645624,-47.76555,-52.77693,-22.292597,-18.709938,6.1777167,18.10596,-33.63309,41.212975
-43.11514,-38.26759,6.643035,14.62381,46.41865,-60.365253,16.036516,-46.703114,-9.417267,-38.5702
-4.0315127,-17.353252,-36.471268,-88.40948,-1.7554345,5.664819,4.037152,-11.027621,-56.995667,0.36855078
-33.43257,-39.250317,12.413296,-19.232853,-24.729357,-61.40442,43.059624,-22.909279,-38.663994,-4.1427784
-10.631337,-62.509846,16.571915,-34.994125,32.612343,-25.033524,46.91475,-22.87062,53.510857,1.7359195
-39.458893,12.898139,-19.827164,-30.457378,14.209832,13.190769,18.43434,-48.146244,2.742316,-26.81539
8.946159,17.072556,8.339539,7.259005,23.39269,-54.32906,-17.632702,-13.704613,-13.836474,-46.86876
5.9714017,-7.638699,22.714684,17.760174,-38.37877,-70.41478,-25.442362,35.75551,-15.890208,-76.385994
42.096317,3.1369438,14.434641,11.103381,-11.2018385,-22.47239,-50.76171,30.391302,7.7467,-29.664904
14.094636,11.803365,11.8784075,-2.122837,-6.690107,-40.181595,-44.237587,17.453384,-31.80113,-86.2234
21.909912,5.872121,-1.8837907,-6.787492,17.68971,-40.956425,-30.840548,12.086757,-18.135336,-64.56713
-17.661623,-38.445053,11.96222,4.1724234,-21.431198,-43.23501,64.23748,-62.263702,-13.816474,-49.007725
-35.14682,-27.345049,-73.74972,-21.364388,-27.51946,-20.916838,2.463677,-29.117176,9.70232,0.8470161
-2.1777604,-4.4523215,-29.420258,-30.39144,5.8825135,8.07565,40.367393,30.596157,-33.897297,-37.379883
-31.161766,6.285443,-31.572748,14.876846,-3.662274,28.716644,59.49946,-27.841124,12.761404,-53.85355
8.607791,57.3708,30.833477,-31.580902,-11.900522,-67.40611,-60.93825,-17.048676,-11.553571,-71.82042
3.6745977,32.951706,15.710725,1.0959266,6.2749944,-31.586174,-44.793854,24.75723,-1.8933127,-31.494417
-7.526105,3.6718643,-13.507535,-12.322809,-6.8843875,-68.117935,16.262375,-33.06766,-21.546131,-41.545116
-24.986351,-25.194775,45.90444,-7.239024,6.528006,-15.307802,19.700596,-48.575764,-25.229996,-35.781605
-34.26116,-72.03117,25.728748,-44.534023,57.15899,-2.8101816,38.490803,-30.104052,32.05857,2.37559
-26.652082,-37.982723,-28.286251,2.864534,-15.354953,-49.45278,74.57686,-43.480766,-8.46333,-56.38064
10.8366375,-64.68828,16.741093,-37.239464,18.857777,21.283852,54.72313,-30.814537,47.568214,-2.0512745
-66.1612,0.8292502,-34.582573,-15.90579,6.8817124,55.42716,21.024984,-13.187238,68.48112,-41.996964
48.14767,-5.209323,26.697926,-14.491706,29.781834,3.548397,-35.6911,26.078835,-12.694557,-67.349594
-50.228752,-43.208347,-15.507351,0.52505696,-15.800066,3.678265,36.342888,-1.1345493,-57.174274,23.647343
-47.764305,14.903776,-40.582615,-32.336674,7.5751786,37.63424,36.782845,-17.175337,51.035683,-58.23623
-29.634434,-23.123775,43.65577,5.6073236,3.6103828,-17.769377,22.997538,-61.891144,-45.469604,-44.06226
31.30086,-44.6782,34.401398,-14.788974,48.003105,4.5699434,14.888386,1.3855455,61.634872,21.774755
-39.300735,-11.510885,3.7015166,12.739137,22.008993,-43.461555,50.99896,-43.237034,-31.15618,-11.454482
-3.1607957,-39.8708,-44.20382,20.309902,-22.997131,-69.70785,57.202843,-14.998224,10.364312,-19.970774
-8.223984,-2.6235604,5.7681613,3.4010153,48.019035,-47.05057,37.858215,-81.03905,-25.892368,-31.548557
3.3572605,8.15405,45.93995,7.8608966,-19.24222,-51.86922,-3.4070923,13.835754,-8.314435,-62.72366
-29.437098,-6.865351,17.064465,7.4540715,17.864664,-41.207474,28.42085,-44.886036,-47.766884,-18.49104
-55.368526,-34.308575,-16.893787,-0.734192,28.498701,8.881145,51.182697,5.7678785,74.58491,-15.0849695
30.858156,37.667686,19.45617,-5.4801407,50.346226,-33.7492,-36.157845,24.675589,-38.460545,-72.41057
-34.894764,-25.133797,-52.733807,-26.887568,-2.6699386,21.03627,10.063614,-39.03305,-6.954132,-13.950765
-12.382398,59.22347,-58.92576,-31.93861,-12.173667,76.24178,42.727398,4.763457,33.48983,-30.424633
21.965412,-2.752298,-26.82899,-76.51555,-0.44828448,17.417294,29.536163,-15.29085,-24.829248,49.952175
-4.655618,-11.914235,-45.540718,-57.494667,17.937994,2.6128292,-0.074043445,-18.332472,-61.473446,33.419617
19.817118,5.9045258,12.052677,0.5099441,16.651613,-65.45662,-22.87769,18.285458,18.823122,-63.964123
-18.794289,-60.555588,-39.468285,-43.1607,45.8648,0.6590501,77.60953,-22.452919,41.50283,40.904346
-6.90757,-9.273117,-9.875707,21.481047,9.3052025,-13.759074,67.143936,-60.549053,-29.37211,-63.16058
-39.458057,-45.44021,-64.78107,-47.688168,-13.6554165,-13.149467,-19.833385,-22.996128,-5.91167,30.943377
-5.2265587,7.228459,-2.7618208,39.909492,26.913284,-30.383326,52.55196,-24.021126,-21.963734,-43.018574
1.6364429,25.018236,-11.730415,-6.6528068,-6.130842,-48.38723,-36.4395,2.5038393,-21.166819,-24.664564
0.439476,12.581583,7.286354,-2.2607188,-16.941713,-50.560215,8.106287,-27.502293,-37.43458,-35.75041
-38.07442,-42.732315,-17.667814,-46.81674,-33.83747,16.826672,-44.081165,-13.314441,0.08754608,26.283127
-14.348074,-37.25506,-26.071281,-13.709753,37.417297,10.866117,54.779602,-39.362476,54.289944,-33.637035
-47.720592,-50.676517,19.397774,-24.413054,2.2214305,-48.23383,8.880112,7.0524974,-41.544537,22.607681
69.13259,21.56489,-0.5564881,-18.757683,-6.5035043,-38.654842,-62.026836,-14.136441,3.168147,-41.858276
16.489767,-61.21733,-16.193642,-22.688847,30.019905,-11.758254,32.733677,-17.636671,78.39528,19.044355
-37.382935,-64.17782,-8.2998,-18.779366,-13.5769825,-73.97737,-1.9362862,18.633955,-20.383818,7.09431
-29.177746,7.4283934,-65.36756,-31.35819,3.903538,-0.66219455,22.750198,16.853321,60.17913,-38.896896
-32.917477,-52.819855,-11.41573,-16.971498,-4.367658,-71.35386,40.5091,-24.884853,-41.606735,-23.83058
28.4774,11.505243,-8.7831955,-28.889711,-35.33559,-17.118101,-17.964586,22.632353,-27.43926,-105.37252
-27.372833,-5.2925644,-55.99961,-26.580395,22.753263,-16.796627,32.193,-1.0208586,35.91262,-9.015429
-21.225256,-51.769344,5.2146416,-18.700264,62.421944,7.568425,59.300987,-20.881348,74.6217,18.610506
-33.25454,-35.710682,-19.141676,-1.9393617,-12.661845,31.03616,49.713417,-38.926144,76.091225,-31.173378
38.8084,31.083128,5.681134,-31.788832,-28.2372,-33.53512,-56.364414,-12.74841,0.15914318,-69.91723
35.265854,10.79874,-10.747963,-46.905678,-14.211177,-22.738361,-52.20893,13.405806,-21.03423,-62.991158
2.0342054,-76.62108,21.293133,-47.116123,21.95311,1.2252508,57.71526,-37.614532,58.613865,12.479006
-28.52322,-19.158136,-16.616339,20.337143,4.886023,-47.892906,63.60117,-39.182705,-24.983002,-43.00669
-26.053215,45.407448,-59.890232,-38.86267,-11.676649,63.754253,28.971766,2.4769764,42.210426,-28.770178
-0.9747743,-80.97249,17.091137,-10.031952,34.963505,-3.6398616,54.00535,11.039463,67.26206,-17.633347
30.30528,37.063553,41.324425,-3.7522244,4.5346227,-9.589924,-27.750391,6.0733023,-21.462307,-88.1315
0.8880891,-30.71895,6.1096935,-21.515257,38.755535,-29.680193,29.14023,-31.780975,90.99096,14.284441
-54.206596,5.4879994,-39.67741,-23.130926,14.658839,30.145262,39.38909,6.4519944,39.96346,-53.02542
-38.29572,14.705044,-44.56631,-35.318943,12.598085,47.16042,55.265923,-43.720737,51.122505,-30.10533
2.7147124,-62.257847,-24.511591,-10.1383095,28.383755,-6.7701406,47.205772,-20.294846,101.73222,30.668085
14.067595,28.148499,20.176937,-13.43055,-57.13607,-35.33154,4.1811175,27.415054,-31.465372,-73.26481
3.0211635,-50.948643,-18.07177,-47.37023,2.0551805,-28.454294,2.7755737,6.6658506,-57.042423,32.45127
-41.54751,-42.022583,-6.7162333,2.5561357,-27.798687,-41.358696,56.355854,-52.382492,-17.274033,-42.876728
-16.662725,33.144466,2.9172788,-10.503545,2.3125267,-11.892449,7.7688456,39.4812,-2.398213,-65.47592
-40.69028,-5.3038497,-52.944138,-39.968307,-8.420698,-45.57723,19.56059,42.37162,-55.629417,5.1730576
51.532887,-8.4035845,6.2209077,1.6244069,2.7013702,-3.1662924,-44.328876,28.55209,-6.392356,-49.447727
-29.635834,-47.742912,-4.4198394,1.3443829,5.8312116,-66.31718,65.20222,-9.904484,-42.05529,-17.91012
25.079391,9.29232,-22.69893,-76.12676,-17.492006,-5.8839335,27.032557,-37.0525,-77.78905,20.300743
-23.162344,-62.389896,10.099542,-43.839928,71.34903,-0.95389295,43.18753,-26.794052,33.68079,0.105941534
-12.371215,-21.63381,-42.93252,-20.851448,5.732854,-35.358902,3.1277409,2.3840153,-36.587593,70.14593
-29.132217,47.043213,-54.183525,-40.255424,27.127605,45.31369,41.950924,-12.286527,24.53419,-39.064
-27.838772,-44.665833,-64.972275,-65.19463,-17.475256,23.857983,-24.551935,-17.62604,-37.951664,9.955053
-33.796238,-1.426566,-27.765463,-9.572123,25.92277,27.454477,43.740406,-1.8239493,40.180763,-26.214666
-26.147371,-40.57028,-33.436996,-29.023268,-8.790676,28.439177,65.39612,-61.38196,58.96715,7.763768
-31.506086,-17.136583,-15.738265,-37.81607,-23.305292,3.340814,-5.0927715,-34.112137,-57.983166,48.324894
-3.9036605,-64.06328,-9.535292,-24.46213,52.086594,12.417771,62.5339,-28.87546,43.54873,6.1852283
-2.7456524,4.895165,34.67932,31.882467,-1.8899995,-84.5309,-42.04606,7.991646,7.44543,-28.89928
-24.595638,12.729927,-52.04806,-72.04339,6.4018226,12.396862,-1.4761837,-25.461302,-83.373405,31.046057
-29.358593,-59.674255,-31.453978,3.661519,-25.644148,-64.31526,67.543015,-6.5042048,15.421116,-13.629012
-20.192844,-4.514372,-10.380824,-15.687195,31.585245,33.260994,57.183228,-21.209227,25.138214,-14.382955
-33.553238,7.8019347,-25.919193,-18.559406,5.7032733,75.13123,35.860786,12.213301,39.912125,-43.600918
-33.358,-10.040204,-69.05596,-34.7536,3.4681559,-14.6261215,-3.8649535,-40.7541,-30.25636,17.825552
-14.4101305,-52.94638,-39.95946,-16.947489,7.183676,2.2628398,37.430103,-5.3733773,20.692934,53.65881
-24.280432,-74.10285,-22.294447,-37.75416,13.426825,4.0505733,1.1710799,-24.60276,22.267189,7.580907
-47.70302,-29.254896,22.625282,16.357445,40.23116,-40.93975,54.668125,-40.57926,-27.104765,-32.104656
-9.82394,36.447365,-71.84812,-32.938953,30.950659,56.427086,10.539431,11.876192,48.90649,-71.32869
-23.07023,-56.655487,-9.6356735,-37.216526,1.3142939,4.082566,31.480259,-18.32401,0.7203131,28.76449
72.80122,15.138632,1.0377187,-32.33963,-8.799075,-17.881731,-52.875015,-3.298181,-24.387184,-47.251133
-27.297937,5.146091,4.3311243,45.342354,29.498865,-22.483847,71.746735,-22.44202,-44.779984,-24.439032
-35.500908,18.922539,-46.941544,-8.409979,-18.23464,69.663605,32.74225,-23.868956,77.497856,-27.40562
11.44497,-64.80521,-14.633438,-3.125639,31.220161,12.547474,61.601078,-66.85454,50.618477,2.694644
12.958807,-2.6948767,-31.61813,34.10727,-28.059698,-38.733604,3.2860417,-6.9262695,8.287014,-38.659588
5.4758325,7.428053,18.115017,12.530599,9.388201,-18.043146,-17.922058,-43.539375,-3.0350971,-77.5482
-36.524925,-49.129402,-44.32324,-4.1227016,11.983377,8.588456,28.552866,-21.99576,54.054558,22.349203
57.71119,5.8775115,13.430313,-2.4629655,-23.347752,-45.679577,-49.352074,15.323514,12.472389,-27.902084
13.9123745,-0.31925666,-43.5017,-73.27416,-25.72427,23.745499,39.13259,-10.021764,-36.33927,36.901577
18.833729,-59.741623,-0.07978242,-43.243332,13.444323,8.330159,32.15829,-50.412716,70.15957,28.512644
-38.27442,15.818718,-33.613335,-21.223404,32.658077,38.479874,58.03019,15.468021,45.349266,-52.306232
-53.059795,-15.899185,35.67157,7.1418815,26.671452,-64.2234,75.05794,-33.166866,-6.9972315,4.167099
26.598768,28.194138,4.1678915,-13.546764,37.36494,-61.69193,-21.851978,17.850908,-26.36945,-104.02043
15.12521,15.756311,-11.037634,2.143745,-8.497629,-43.895927,0.69562817,15.223204,-29.701105,-30.530027
6.658926,0.14106312,2.3176742,7.0394683,-22.512165,-29.444447,16.326853,-78.09418,-63.68815,-2.7248044
24.746668,34.11966,14.185493,47.155926,-7.5058875,-77.77241,-19.17349,-52.24606,-19.63603,-62.100773
-27.742876,-14.015582,0.2274915,-8.877861,33.368713,-49.666252,59.382755,-38.400402,-26.896572,-29.430702
-17.104916,-39.41668,-25.415522,-43.351112,33.131317,28.582989,22.199638,-28.91742,70.03916,-33.873146
-20.598667,-49.76036,-34.178574,-36.127136,-27.5569,-17.068819,-56.070473,-17.686293,7.2262344,12.530493
-58.369877,30.57246,-49.18109,-17.209942,34.02296,53.005096,50.87109,23.321737,34.066494,-21.055775
12.25464,46.385983,23.92234,-6.2185955,0.8171087,-37.861477,-25.617046,-2.449864,-13.168309,-101.778725
-43.806835,-0.8690823,6.7508626,-3.446679,5.4652095,-61.7819,59.494724,-23.376661,-46.83285,-27.598478
-17.798307,-15.105456,-29.35591,-16.19187,17.279064,14.671065,43.73376,-27.88599,11.682229,-51.446716
33.999622,-21.574455,21.219593,17.599222,14.347967,-55.94754,-38.7503,15.138413,15.125777,-46.561096
-64.68571,21.028852,-38.1459,-23.180582,5.4340653,49.972446,24.600203,1.5129435,48.237568,-42.042934
-22.43864,-38.46842,-21.626753,-11.11326,-7.109951,-31.832794,30.872917,-10.25453,-4.7268186,-47.8511
28.759314,26.289991,7.1451344,-49.74594,-34.855347,-26.635803,-56.39563,1.6896026,-17.558979,-51.463436
25.491785,3.803665,18.312893,-2.829009,28.902607,-53.844753,-12.868262,15.791562,-9.292512,-79.98035
-15.936455,48.100235,-68.723404,-21.68558,-24.72152,58.505814,13.292646,-13.841836,47.7078,-20.809961
-6.1297235,16.378633,17.523666,16.922441,-9.083747,-54.441315,-50.792038,12.700089,2.3894782,-44.213352
-47.12099,-50.224773,-23.088043,-1.0309548,19.589554,5.2057867,25.575508,-8.198708,24.228802,13.40253
-34.093216,14.553246,-2.766979,-3.116104,-1.760611,31.945267,13.989843,19.13621,32.77951,-57.36274
-28.878637,-54.58671,-28.808645,-46.168755,-34.854168,-27.902061,-25.69066,-2.4859762,-18.616491,1.5313227
-52.99108,4.081886,-7.334765,-8.013793,-9.37895,39.841427,24.84278,18.6289,60.269066,-41.413204
-20.5187,-57.939526,-0.6878714,17.912357,44.223587,-52.872364,74.103714,-62.030773,-15.8255825,-79.33374
-59.84877,-8.184594,50.990547,-3.1818542,47.291092,-65.72824,87.47938,-29.602367,-18.7043,6.167617
-8.303444,-74.52584,4.6326,-7.4851246,39.125725,-14.396665,79.83058,0.062676154,50.55628,20.195702
-49.000748,8.391524,-50.906895,-32.174385,1.5310185,33.26148,32.865284,-24.008142,40.916847,-35.278828
15.3739195,1.26495,46.716396,10.447432,-29.611322,-76.54574,-17.583052,5.419044,-24.605906,-60.33556
-0.74663234,0.14143583,11.647938,-5.654769,17.506323,-27.283634,-1.9819895,-39.5736,-6.9918346,-39.557533
26.347607,-8.240858,42.89518,1.0415691,-3.2356477,13.529855,-44.949024,14.181731,-6.676198,-56.985672
-16.801891,-48.31472,-67.8013,-40.36774,4.86128,-9.947894,-27.774626,-12.579164,-28.887476,26.220861
-53.238792,4.720102,-40.84489,-21.757244,5.126009,35.517567,21.755594,-1.4813275,48.58059,-53.843475
-9.951543,-7.694807,18.904194,0.918836,-5.99784,-61.829926,-16.308746,30.590378,-12.854465,-109.16679
-38.897224,10.764885,-14.244477,-0.10702905,16.17116,6.110862,22.673662,-24.697311,-1.48342,-27.74357
-3.811252,19.915518,20.999718,7.8223987,37.618702,-57.2587,23.555807,-47.032154,-6.4283295,-45.89802
-31.050592,18.051546,-64.29664,-10.5820675,-8.9786005,63.338657,24.523964,-8.733343,49.470375,-30.25257
-34.479763,-22.902529,4.561143,-0.56548154,45.01465,-62.40728,44.224426,-65.52207,1.5507476,-41.726295
6.2038784,21.876297,53.44985,26.92874,43.418625,-30.134941,-12.943468,-26.69038,11.534943,-3.342884
-27.473507,32.39061,-2.8262053,-5.5727143,18.549393,-49.450974,31.527235,-21.702028,-23.944279,-50.714767
-26.217299,-29.203781,3.7336082,-13.634603,-31.32933,-55.498287,61.72171,-8.782541,-66.67531,-14.187412
-50.483475,-0.024781592,3.302113,-64.92976,-4.789198,30.448227,-13.820289,-20.182253,-31.707607,20.385662
-35.906334,14.709232,-53.94548,-29.578978,33.269306,31.609985,43.93495,11.086609,39.791447,-48.171143
36.957474,-5.066584,12.940345,-0.5731695,13.593641,-41.36519,-34.288155,4.456694,2.554318,-56.797768
17.604239,0.87837553,36.04356,18.148119,8.848834,-7.1874757,-50.658363,-18.556591,-12.133012,-82.312996
-6.023726,-70.6054,-4.5409036,-27.558031,28.60186,-16.678131,32.94247,-56.14484,58.987503,6.694764
-33.904144,40.15965,-24.979296,-45.165913,-13.01681,61.417946,33.0558,25.237085,66.69866,-39.024025
26.370888,-12.804579,29.556873,22.628845,20.900072,-50.065147,-15.518569,35.617893,10.941081,-58.82251
-34.91073,-29.727398,-33.260094,-19.779161,-0.99425757,-17.212036,8.934361,-37.729538,1.195008,2.6747596
-34.57197,-24.86712,10.467349,13.295521,13.597358,-13.797651,56.06345,-38.99005,-32.330746,-44.199974
-28.382898,12.400308,-62.989243,-41.32406,-24.197666,42.65053,17.802763,3.5232584,-37.109673,44.849728
8.369293,-14.615103,28.260891,-26.734095,33.127205,-32.375618,23.646088,-31.846127,-42.003944,-24.717236
-11.628495,9.764582,-51.735744,-36.183125,26.275885,34.60132,-8.750283,5.345847,-59.49701,41.047043
11.792574,-6.8720045,2.256696,1.6677755,-3.576822,-75.06453,-66.247444,32.461124,-1.7929276,-84.26296
-47.59119,-2.7882578,-23.32295,-1.2398232,-0.9412549,29.093374,22.520702,7.1725225,94.07667,-35.18363
-14.974626,-48.748974,-31.322008,-41.85932,47.2453,35.100117,-2.3626468,6.0427327,74.099304,-5.893861
-76.153175,15.934034,-39.231106,-8.60466,4.1463637,74.551216,29.272919,3.2386773,69.147285,-18.618938
-40.772263,-53.33224,-3.4821413,14.567438,-19.591589,-60.64543,54.869267,-1.0950316,-29.144466,-4.858338
-20.130596,-12.064939,-54.87729,-70.26396,14.011212,-9.324341,-2.860153,-22.831358,-59.51246,33.171726
-39.94118,-20.724586,-83.285965,-23.454844,6.7924724,-19.546822,-17.098354,-28.525597,-29.951103,8.574022
-22.19433,-7.464644,-27.300861,-8.321703,24.433504,56.86165,34.36585,9.613665,18.308865,-71.01015
-22.789896,-24.140398,-31.922533,-36.913628,46.9135,29.733028,39.857643,13.602573,47.867348,-37.370434
6.8418946,16.005339,63.51049,-23.287676,6.2639246,-11.266119,-45.804146,-11.681727,1.7863853,-65.33272
30.294367,5.8734903,22.448593,26.072632,12.405477,-45.822342,-22.468447,36.639656,5.019839,-56.094006
19.526402,20.987282,23.214516,6.727594,25.179474,-54.975384,-13.56738,29.793423,-24.113554,-65.98879
-22.734467,38.156597,-39.535675,-47.419487,25.550402,49.07148,43.90266,2.0854447,49.941536,-69.62596
-21.525576,0.17121437,-57.29733,-14.3601465,12.146385,73.82708,36.231148,-0.8541993,30.298119,-54.44012
-17.735537,14.129372,-48.980343,-38.066227,-46.288067,16.793524,32.428783,6.554139,-30.33597,42.526913
-13.22719,-67.88142,-10.198025,-26.15793,9.447487,-2.3410158,49.979588,-23.117514,38.9351,4.8563766
-58.759453,-43.05871,-41.326504,-33.918194,-39.976376,-29.069578,-19.698183,19.440008,-36.661213,34.69605
-52.20465,-25.256044,-9.878472,-9.640017,15.651826,-2.571365,64.50105,-40.756668,-13.529736,-17.965193
61.462563,9.12864,-14.132163,-38.100815,-21.442703,-21.912672,-63.163853,10.271081,-26.689453,-87.10116
-13.733141,-26.472507,45.49653,2.4453802,-18.684872,-22.710112,-25.436785,29.434793,17.752422,-64.66555
5.6540675,-27.974327,10.959204,-6.352246,-1.4770036,-78.307335,42.448067,-62.679455,-30.394121,-19.799467
-24.126001,36.870476,-26.543459,-30.865969,-18.98798,67.40267,34.516106,15.715247,46.742325,-9.345293
-7.9784527,17.46938,-44.070007,-72.56041,-51.070557,2.0226007,6.444568,34.695866,-22.975508,68.84858
-47.001408,-78.009384,-17.53738,-35.968033,31.90078,-21.76967,45.61596,-29.340574,87.53487,21.001318
-29.5964,-25.322933,-38.871048,-13.807205,-12.769562,-69.824295,45.523727,-13.34091,4.6968083,2.439551
2.3442364,-72.58807,12.297482,-49.04625,50.113506,4.9374084,48.16444,-17.288433,46.75343,54.327045
-40.763218,-42.767582,3.9230366,19.903866,34.80094,-41.18135,54.865437,-39.870953,-22.920946,-48.501877
-22.16058,3.9367301,-26.006706,-27.322784,31.247522,22.519983,49.3269,-5.5638814,58.171158,-45.71369
-65.67909,8.333812,-37.930473,-34.597973,0.017871678,65.082466,24.128208,-2.5513294,93.12807,-16.205046
4.6446815,35.34126,17.443829,-33.862373,10.845396,-8.462094,-4.4138017,22.153124,-15.420769,-75.90232
12.979243,6.48544,-16.004953,14.076846,-14.5102625,-15.697374,35.342297,-49.83823,-10.497994,-54.269825
-13.347413,44.458282,-0.7686287,5.0855083,4.2059283,18.648521,-0.1537692,28.448559,-19.450191,-35.66705
-59.304783,-40.25333,-26.567265,-5.107215,-22.128435,35.17023,43.17937,-43.70282,24.594284,-11.684151
-1.6554897,40.81526,19.600147,-32.666607,-18.931965,46.27783,-0.027278434,-31.838993,32.51254,-38.608826
36.425835,-1.1388845,-32.026894,-56.916096,-19.442312,-22.837667,8.327398,-37.579006,-38.298557,54.562855
-62.899025,-16.982813,-52.052704,-27.410847,4.0945463,-32.671463,-37.34981,6.408001,-25.290691,33.483128
-2.4738822,-35.04627,-46.692486,-83.10656,-2.3290496,6.0343194,17.760942,-36.24703,-41.43611,17.545391
-11.709282,-16.646135,-25.123043,-51.622627,-38.204353,-43.878544,11.609462,8.97528,-44.252476,45.966427
26.560844,-4.8408833,2.543469,1.9280514,1.9441512,-29.220417,-51.016483,20.39059,-9.497852,-42.08791
3.1496918,2.9291265,3.140964,-38.38448,31.813097,-32.42198,17.88457,22.261929,33.74401,-9.185306
-21.651955,-83.53039,-13.567849,-19.002535,30.630905,-7.0207553,70.59134,-3.7263672,38.4745,14.94112
-61.789207,22.333914,-32.98466,-38.019302,12.265477,41.554935,64.40628,9.473561,56.613243,-37.668163
6.137132,-47.837444,22.1021,-51.001083,65.91017,7.49294,26.81908,-24.996607,43.217613,2.61675
-29.27401,-56.885906,-30.004702,-35.183956,-2.316726,-41.348873,8.43546,17.1702,-13.392748,39.99383
17.69749,22.888895,-2.181416,-18.472742,-31.614523,-29.395166,-49.116825,8.798698,-23.174967,-31.769825
-42.349754,23.959143,-35.80731,-42.21554,3.6125402,73.462006,34.52533,10.495747,31.678722,-48.334602
-22.954681,-30.071535,-27.049623,-31.002928,47.10787,28.854391,68.12525,-2.0465722,53.72819,-6.552468
-18.041513,-60.242477,-2.4505615,-38.76673,29.97894,-6.265073,66.81847,-24.790895,69.28139,32.879967
19.453188,-24.172998,-42.622143,-35.24592,37.542572,40.193775,20.407223,3.9962232,60.55446,-53.309242
-30.59252,5.6430964,-15.993949,-58.332664,-10.89051,42.280186,29.344587,-20.284649,44.57514,-50.81738
-1.1028525,-36.825558,-55.47487,-31.883415,20.273655,9.758461,40.09738,-11.572627,19.576729,44.689713
-72.78442,-34.34651,-44.90749,-70.15133,-21.011494,7.380129,-40.34813,-5.56753,-42.154854,-16.360273
42.083702,13.867903,12.265339,16.711323,28.015223,-26.694113,-19.283506,8.139293,4.8253236,-95.29887
19.713638,2.9619944,54.089626,1.0817083,-24.308851,-3.4642124,-44.02012,14.230845,-3.7982442,-71.02573
43.283245,-29.32959,43.830795,-16.539003,13.814177,-19.541996,-20.710596,5.126661,8.656621,-70.56203
-46.99369,-52.816505,25.859371,13.0487995,30.47393,-32.98844,52.438343,-51.221188,-41.98334,-38.190792
-15.146339,-28.322433,-30.185,-29.94089,16.450062,17.774038,45.22073,-34.531376,63.34515,-33.927895
-11.780168,-7.900188,-33.354965,28.7291,-15.410671,-45.94517,33.66715,1.9566803,-7.59047,3.4582374
-41.84244,-47.94171,17.790867,17.330149,11.242946,-14.8857565,38.76285,-22.289265,-52.74084,-11.870427
18.91976,-44.527485,-11.404094,-36.57662,10.24564,6.8610535,39.479305,-37.51885,83.425934,26.446463
-25.992771,-71.659836,9.629367,-34.738316,14.324286,-3.234758,42.151,-41.418346,63.60856,47.528965
9.382853,-73.22414,-10.645342,-30.209167,48.68197,-6.2832184,27.549473,-16.702135,71.94604,17.20762
-37.44492,35.341698,-41.701664,-24.309937,-10.441852,58.231693,43.778515,26.791067,59.999737,-43.693512
-37.758537,-37.104706,-17.145449,10.455852,-2.0300875,-8.456831,79.2879,20.279825,24.213566,14.140623
-25.428928,-12.551678,-9.825696,-21.137875,11.691014,33.328773,71.488556,-21.708223,46.28196,-29.943422
-40.008682,-11.790613,-5.990356,26.001915,-11.367808,-33.009483,17.974566,-16.520075,-9.577817,-46.090252
-18.266676,17.810284,6.9016337,-2.4908588,-47.824165,-41.319187,-26.12765,32.750187,-30.73846,-100.608925
-19.65616,7.1549926,-38.8652,-47.595676,37.34816,48.528095,34.88919,-14.479997,58.299786,-40.380383
-32.08906,15.589347,-32.028797,-38.44347,1.3517859,47.867355,20.780941,9.911043,6.9153266,-24.241547
-30.703318,-35.687866,-71.53279,-17.493208,10.251837,-23.008568,-22.10372,-34.433933,-42.160133,26.05137
34.315105,44.464622,47.769924,-15.026465,19.858324,7.7503233,-17.970512,2.657614,-29.458601,-78.113045
26.201117,30.693363,25.862362,2.2445936,18.069057,-9.445356,-35.51284,-10.4942045,-6.3968663,-86.343025
-48.34386,-43.648563,0.19040596,-47.62197,1.2279148,-29.517199,21.40029,-26.840118,-50.736637,15.961309
7.9659986,10.36453,12.415062,-19.541534,9.375133,-43.738163,-31.124502,38.10791,2.6586182,-80.791985
6.1361628,-1.2148666,-14.894842,14.96847,6.1139135,-75.7312,-68.05186,8.054111,-17.824604,-53.761333
-52.018738,34.947018,-18.254139,-53.992523,8.888608,50.64598,52.638405,26.719532,66.85087,-41.853035
-12.993338,-81.272385,-36.327904,-25.470638,-14.195856,1.0581876,30.512657,3.6418378,9.926646,37.307003
-55.82541,-24.97408,-74.90865,-53.15235,17.77554,-15.691535,-1.67037,-21.571404,-86.97026,-10.391266
-58.033142,5.670082,-55.920036,-24.696737,-82.469345,34.075127,-23.100368,31.807825,-9.704883,-20.664614
-45.046993,-10.068138,-27.11264,-13.749353,10.50268,20.056047,54.85731,-15.3194685,65.50035,1.6630762
-37.148296,-50.32202,20.754635,-3.6287246,66.40346,-34.98132,27.474257,-44.11382,55.62317,2.4782546
-32.7878,16.304367,-20.90229,-35.072784,-6.040955,69.71043,22.217815,33.384182,15.912591,-50.23009
44.98992,22.325304,-5.750077,-9.21091,-2.1359951,-35.2345,-56.928375,-1.2954308,-12.724215,-31.895657
-41.20552,-26.372423,40.414143,-8.344685,32.209843,-73.15428,52.611553,-41.012436,-32.638573,-14.549501
-55.346775,-26.536806,-18.16826,-38.99502,6.870079,-19.74753,6.756583,-10.418595,4.9623094,24.781876
72.93888,20.770418,38.308487,-39.654873,-42.000416,29.452213,-7.9436636,6.9158783,-0.21129012,-43.25188
-24.857721,-26.461718,-39.770565,-78.085945,-31.975515,43.302498,0.2349168,0.31646857,-65.76675,33.179127
-26.831182,-80.91825,2.4886453,-51.55768,27.748648,-22.948902,33.25181,-102.13421,61.98455,-8.958857
4.3743176,-58.826847,11.822096,-18.96206,12.12247,-81.13954,65.53986,-14.449857,-15.511214,-22.320576
20.030584,26.253944,-62.137135,-95.304245,5.6144834,7.903552,64.72823,-43.53077,-55.218575,15.072029
0.023568451,-57.5043,3.294448,-44.351654,40.222836,0.009160161,43.45527,-41.829765,71.3065,9.22097
-2.555772,4.736012,17.699371,-5.14249,8.37864,-66.47089,-17.550058,28.1101,-8.138007,-110.23847
14.319791,-70.66473,-15.346838,-21.269548,53.75362,24.282068,23.6923,7.134176,76.63143,36.27448
21.281378,2.6062064,33.366222,27.417297,33.4052,-55.604916,-19.545853,46.791927,-9.488845,-60.735134
-31.753635,-10.048428,-9.126294,30.96205,13.936902,-39.9738,55.785908,-15.315633,-19.08848,13.372591
7.496414,-42.212387,-22.217516,-40.685642,29.769205,-0.09762146,31.683115,-23.015245,76.36641,18.280123
-13.508119,16.149773,-44.50474,-102.30133,-20.91245,12.689676,1.465491,15.226428,-21.238682,28.333635
-12.888932,41.543793,-8.618249,-0.558485,6.9576335,33.361977,18.71286,7.5440445,47.352753,-52.74581
-16.25304,16.48903,-44.75997,-11.44821,0.33793193,46.97561,58.00001,-42.142483,23.854183,-40.822365
-17.884418,27.686716,-37.502842,-24.134583,31.845873,47.26639,42.174202,-0.5170346,35.790207,-42.31842
-23.231209,-70.50189,2.767194,-26.77167,22.94642,15.440167,67.79088,-34.333538,63.443043,1.9882896
-0.10682252,25.78185,32.824184,-32.59745,9.782679,-39.27587,3.8527212,34.24412,-30.454716,-65.34433
-22.348465,-31.112497,-57.24565,-55.45506,3.3308566,2.3676872,-4.7124934,-6.9139447,-40.65691,56.22047
-34.245785,33.812984,-36.053364,-19.357273,-19.88661,40.947712,31.17976,-18.112783,56.125114,-13.14614
-25.091702,-28.920591,-3.2746782,-64.54766,-30.290552,-8.12253,-21.394281,3.6861067,-6.0120177,31.180471
-8.18611,-26.05161,-31.59531,17.310366,-11.938235,-45.124607,69.55471,-30.946178,-16.64264,-62.68535
4.1045885,-43.352924,-36.569496,-54.351402,-11.681509,-48.464924,-9.149732,-3.4983382,-42.31243,43.99165
34.766716,4.0632477,-54.97915,-91.72598,-29.544016,-0.6979104,2.5326495,-21.750458,-49.49602,1.4310257
31.73564,21.088865,11.663827,26.045204,-3.0781589,-30.577417,-35.956253,25.249979,1.3577688,-40.96122
-18.744207,17.573166,-39.454876,-14.813081,17.343151,47.078835,21.385895,14.908872,68.79905,-29.011845
-45.287796,-21.825966,-49.73991,-11.91338,9.715127,-21.284468,-39.167828,-18.843994,-8.622408,10.966571
-1.5665431,-75.29591,-9.759175,-28.534159,-9.877372,-14.85935,39.540695,10.526004,-17.963705,39.44782
-57.16445,-32.078396,-14.126206,-31.352442,-13.632259,-4.5177484,9.353324,-22.776335,-52.120953,15.85401
-14.893081,-40.916767,-4.430668,-46.66397,2.907489,-5.2404075,25.938019,-13.429457,-7.645182,34.558125
21.058172,10.053943,27.91962,2.4437695,0.6170221,-65.58984,-25.121727,34.412304,-9.192723,-49.30119
19.091896,9.378637,-65.793335,-67.82669,-27.72353,8.667105,34.21529,12.879833,-90.37892,38.849365
-53.867104,-20.350727,22.50861,3.2668052,-5.5034122,-44.245552,61.24845,-7.5217333,-28.8884,-7.443581
-2.118251,-53.6948,-33.380493,16.38691,-18.173388,-52.574177,68.498055,-23.940575,-1.7201837,-59.852844
-43.30882,10.285448,-38.127792,-28.432714,15.408836,74.275276,38.10999,2.9799774,37.16694,-64.35727
-5.5116014,18.668287,-4.8091345,5.437798,7.2403054,-56.098293,17.496258,-24.843424,-23.602463,-23.010468
-34.519283,-58.67911,-10.273308,0.3840977,-18.35618,-38.69841,61.041355,-48.16468,-1.2669644,-52.687096
-42.168705,-15.3686285,-35.926125,-28.419355,54.074577,32.290943,46.150658,-6.435368,45.52794,-12.490437
9.284117,-2.5232747,27.392014,-1.8006527,-37.10358,-63.411102,-30.407034,29.82636,2.066128,-67.23051
-45.50426,-57.72432,-21.608774,-21.492378,-1.5626583,-19.55305,73.97326,-29.037033,21.404242,27.069555
11.338611,26.2889,44.696724,-15.700656,9.052252,-59.974865,-15.188802,66.4658,-35.74244,-77.22567
-7.1744514,-46.816715,-20.903336,-47.6132,-49.6809,-29.24471,18.149153,0.01190182,-51.86552,23.65042
1.6084819,-57.55194,-37.121426,-19.402798,42.44286,11.072808,60.152206,-29.848225,53.142418,17.605368
-7.0198503,-60.631454,-78.25354,-75.714935,-24.663746,60.152973,21.899008,-19.561869,-40.017532,36.587276
9.958123,36.858635,13.542592,9.455923,10.941244,-32.06324,-26.610826,-8.9041815,-18.809765,-64.81636
-30.19768,-45.052814,-1.1547079,-42.65755,9.97087,-53.43041,12.054953,-37.233185,-22.814085,-25.014132
3.6898174,1.9481934,36.50259,-43.414753,14.883774,-9.057682,-13.321253,20.478262,12.924832,-44.80984
12.857052,13.929077,9.324586,8.785765,-24.67085,-37.469357,-45.806507,35.356777,0.7141397,-23.569918
-56.687187,-7.0159206,-57.0194,-16.731722,-17.169111,-30.504583,-76.16201,5.8830166,-31.656254,-23.123299
-5.1379447,-62.319736,-15.413116,-29.834513,32.629005,-0.7234269,51.52213,-31.58722,59.257923,19.264357
-90.6276,-57.153576,22.220306,11.260307,67.91887,-41.558437,30.857756,6.6629076,56.48729,16.979723
-45.879665,13.219702,-33.090576,-44.102173,8.708099,67.272934,30.925112,-4.5330076,30.508802,-45.327255
-68.36123,-84.990265,-12.497803,-39.95587,47.867825,-31.881126,24.00643,-23.65596,83.10554,16.355753
1.0241082,-77.9175,7.685463,-11.489151,46.7696,8.875431,40.51164,4.5941496,57.827816,-18.654444
27.713806,-2.405415,-40.640625,-59.05886,20.002169,40.527473,-11.073078,-28.69797,-81.901535,43.937767
-14.140599,0.31170318,-36.297215,-37.45968,16.672876,13.011549,38.020683,-3.6052725,56.073868,-47.160843
-47.07396,-35.208843,7.9182243,-0.70201427,16.73041,-27.518253,61.206123,-24.49948,-41.836147,-19.163012
-1.555686,-60.850517,-3.365055,-19.248991,53.565907,5.0572786,29.84158,11.160889,68.95618,-12.925623
10.3202915,-39.167526,-32.2331,-25.16388,41.456696,4.4796124,63.891365,-33.856735,47.020473,44.279507
-0.98230547,-48.391285,-57.34038,-63.58477,3.361929,23.092394,14.28556,-24.99341,-21.593592,10.193098
-46.32942,-85.87297,-13.885155,-9.249582,21.741337,-46.65771,46.512913,-24.21137,51.594315,-12.482684
-2.332823,13.417313,-35.61843,-44.5162,-25.55294,-11.727884,18.049112,25.468792,-8.662102,40.411747
-2.614493,-46.59827,-23.478897,-28.36578,23.351955,21.384148,56.35222,-7.7054105,73.50752,-28.20427
21.993824,-3.5685232,-74.1211,-46.4022,7.9073524,12.926656,6.862913,-14.720332,-24.873215,5.187929
35.951252,33.477863,10.753575,22.034678,4.453514,-19.414103,-14.147887,13.94789,-2.33986,-61.97427
-14.240883,-22.332903,-28.501926,-42.475113,21.263815,2.377614,62.675964,-38.62877,54.471046,-1.4872018
-39.363075,-43.12173,6.816651,-12.024305,37.712532,-70.83574,52.879604,-31.306894,1.0238593,-44.014084
-11.760785,-41.260506,-38.808582,-68.59267,2.7588081,13.304633,1.154144,-15.841822,-53.725273,-4.1384373
-8.0113125,-70.57375,17.120853,-39.666176,38.30472,-10.372615,32.004948,-29.031511,65.58277,-11.351496
-9.169055,-7.4163523,-4.813361,-1.2934562,-10.851187,-60.695652,51.391323,-68.587494,-34.33631,-17.365433
-48.386,-30.985195,15.211949,-16.743706,-21.438618,-56.366177,74.72555,-15.566878,-52.191223,-13.181219
-24.796354,-22.111654,-26.748066,-29.891634,35.463764,36.324467,49.248436,-42.85555,38.534363,-15.499234
23.641226,34.9829,20.31894,-32.61637,-25.555328,-41.9178,-11.365198,-39.325535,-18.362856,-96.89621
0.25157386,-49.992275,0.83610225,-31.489498,40.6131,0.18759716,75.08582,-32.13094,79.863976,34.333664
31.295786,14.9595785,31.561836,-18.901724,26.080198,-50.611965,-2.1081226,2.7825534,-20.10038,-94.320946
8.463101,-57.03524,-0.9648815,-43.890564,25.49215,-1.0883449,58.668774,-34.600624,46.892822,12.301395
19.693087,21.945705,0.6811917,-28.185766,-2.2458344,-22.65882,-55.963806,-2.725303,-15.673428,-61.237392
-19.613588,-35.144985,10.573321,-16.503239,28.648718,-44.28541,53.41152,-60.376247,-9.190684,-20.699652
-12.010941,-56.744415,4.0951004,-47.50162,48.1532,4.076671,35.836533,-5.5411243,61.668755,54.012417
15.175955,0.78829575,10.4519415,11.283662,-9.016116,-47.26002,-43.716587,28.684622,3.256293,-36.35321
3.1087456,-30.072113,-9.7714205,-31.075912,16.85516,-3.3265753,53.917908,-50.422073,55.650703,30.25369
25.374784,-44.97043,-5.1195703,-11.481548,31.305458,21.738417,49.367435,-37.411102,80.56001,36.64745
-38.96142,13.7658615,-23.600227,-19.569305,17.188187,59.68,58.116707,-16.829851,45.170963,-33.1454
4.114401,13.660009,-26.851805,-74.86034,-25.778448,21.664982,59.032017,-37.49543,-59.419277,32.88856
-33.969494,-16.977062,-45.460217,2.9593358,1.1661525,-58.3671,-42.058388,5.271349,21.146067,-1.450706
21.254076,-25.960766,-24.493206,-20.737713,-32.531986,-30.690983,-5.876807,-26.654177,-69.95086,47.93356
14.877553,0.49695447,30.579529,-7.778515,-0.3005036,-9.911334,-35.928745,8.351604,-19.536242,-76.29761
-9.823789,2.1025856,15.837878,-20.790142,13.603777,-23.585218,1.7261539,0.5702335,29.161469,-30.681677
-64.691574,12.4308,-24.798647,-39.8853,6.0863123,58.608665,20.112,19.620867,54.311787,-42.24539
-32.79762,-82.6262,-2.98137,-20.716763,9.175101,-8.974901,51.68502,-32.201263,61.63012,12.7844305
17.477997,14.343891,23.256573,-30.164967,13.751108,-40.38397,-30.318336,34.328568,-22.218987,-93.24697
-22.78756,-33.31946,-22.40776,-24.627806,49.601536,46.25257,49.936977,-31.395292,48.669838,0.7347686
-18.539303,21.386934,-66.82352,-55.757317,-23.671316,24.331259,19.614826,-12.39725,-45.054474,40.33619
5.095806,20.215986,14.995056,0.67811644,-5.499924,-44.521103,-52.202587,10.90985,9.004907,-35.113705
18.12564,-0.24247777,16.789448,3.2285328,0.07047981,-39.7048,4.3094015,16.666742,2.0929496,-55.34572
-66.95747,-17.101385,-22.293308,-20.75415,4.0984654,52.963833,20.129534,1.805711,46.362686,-50.317802
-23.47336,-39.21787,-0.3024529,-37.06985,-16.419321,-60.57384,9.24578,17.726162,-28.428274,19.845453
-22.244831,-20.30993,8.229662,14.931425,44.906757,-73.3431,-19.531073,-1.1234349,-17.42296,-46.197517
-29.56987,6.8963547,-40.93591,-33.58817,18.984747,64.921265,40.838036,-0.82260174,41.469334,-60.425556
20.389038,-3.5606315,-45.359432,-75.47012,-10.320547,4.31773,-5.9356833,5.240547,-49.001232,29.998697
65.35116,-6.079181,24.377346,-54.294556,-6.0296025,24.977324,16.769907,20.333385,33.570637,-21.727228
-58.418755,24.377235,-48.833965,-9.451667,-25.474817,34.785316,29.084587,-11.992841,76.19018,-18.205753
13.902837,-39.342617,-14.147551,-17.921455,-11.721918,-47.072605,37.980762,-6.5877156,-21.191072,-74.77924
-36.317963,-11.705659,-26.80664,-11.655389,15.305524,57.675983,51.99009,-9.2132,37.36634,-20.86409
-48.93057,-53.863255,12.732515,4.476158,3.3812356,-20.310125,49.623077,-22.586386,-65.56191,4.303384
43.42611,40.672207,-52.41672,-89.70542,5.510811,38.176647,73.80551,-52.88573,-93.12028,55.35034
-50.98132,6.116312,-40.26048,0.49576545,-3.7940736,79.53613,20.958654,-23.211878,74.32433,-21.051455
0.3941664,13.732646,12.430956,8.540942,-28.868013,-29.488703,-38.792435,10.558662,-9.55095,-4.308668
-22.247025,14.637088,-61.14826,-81.36394,-44.68218,9.511828,24.559212,3.2744956,-24.869108,38.915134
-36.98281,-70.81869,-10.755475,-36.588043,35.866417,-16.7484,57.899956,-38.115345,54.501442,28.783995
-15.176965,-59.777725,17.66837,-29.418474,55.265656,-10.507308,39.67083,-38.18077,36.43965,2.7889736
-38.74174,-16.750536,-11.667126,-7.031081,1.4928188,1.0323044,51.058876,-15.032172,-17.28762,-48.638
28.956081,7.4239316,-13.220758,-35.723095,-38.673714,-22.590508,-16.385307,18.910713,-29.191788,-100.88507
6.551532,10.012873,29.390022,-4.4469676,3.4759486,-45.08997,-16.143204,50.17231,-27.602837,-93.558304
-32.21304,-9.869232,-14.559404,-16.989653,4.5932145,-31.88036,4.3451777,-36.2637,-35.231853,5.3791018
-34.552265,21.867878,-47.91537,-13.959414,8.325752,73.8804,46.869473,-8.305479,57.266655,-59.129543
-34.12961,-16.19495,6.3376904,27.037834,19.281279,-57.470932,60.504875,-29.291672,-33.295017,1.4531085
22.035648,9.3301525,-38.200726,-50.5906,-8.722703,-11.690083,26.897987,-9.311059,-74.61625,63.31792
-3.0099828,-47.582382,-29.566584,-32.897903,34.713657,12.838086,45.734756,-40.719936,57.342968,21.138052
-39.61377,-57.657196,3.5111227,-19.338306,1.9796963,-62.348557,36.77754,-24.510273,-5.959342,-20.261515
-28.779728,27.000338,-35.739197,-32.221096,21.361826,37.71092,46.88715,-9.336095,52.730354,-55.144684
-34.095646,-39.271538,-19.1812,-11.067102,13.046544,18.992977,57.271614,22.660482,58.286396,-19.244719
-32.603977,-15.116474,6.922789,-12.300138,11.779198,-19.99097,-6.159573,-40.673985,-6.9788227,-38.375294
29.70934,20.309744,3.073706,29.905525,25.426811,-22.620035,-38.967026,45.79304,-3.644279,-50.854713
25.107983,-1.1867777,20.552586,29.260712,34.32836,-38.62411,-35.272606,48.560802,-3.8962562,-40.830727
-33.88852,25.448046,-29.971245,-12.972152,14.587364,59.345703,49.513474,-14.180334,33.111458,-28.932655
-1.8007258,-60.52427,0.43389845,-14.450132,64.72466,-2.6444385,57.832527,-24.482683,75.4521,28.010914
-48.554764,3.935784,2.9857244,12.410391,23.4538,-22.159163,45.481964,-40.50314,-13.66257,-50.124943
21.208723,-20.21657,26.041782,5.317433,-39.80564,-17.715527,-41.2469,21.581995,15.492074,-25.525087
2.3830645,-9.217727,-96.38697,-70.58772,-4.2240453,36.09352,-2.0314946,6.064922,10.835422,-40.79083
-25.644535,-77.11014,1.3417876,-21.067482,19.37388,-3.450848,63.58422,-30.466896,55.627647,9.88082
1.7627189,37.10359,14.57232,14.769669,17.986336,-33.73672,-41.917793,-10.459262,-13.898521,-55.389053
-5.76396,-64.720795,23.286415,-38.58386,68.136086,-4.9480476,47.096855,-32.157852,18.660446,0.667752
-21.809376,49.50345,11.977316,2.896031,62.707367,-29.944168,57.59947,-23.188795,12.768047,-20.899485
13.4785185,-25.304222,-52.971485,-46.29393,-4.9448442,35.441895,5.290902,-37.828213,-70.60503,42.988396
-36.00646,-11.064551,-14.427228,-7.1414037,0.5511556,-68.94763,3.071713,-42.033527,5.5585084,-57.130314
-26.363647,-50.208466,-23.58374,-47.928402,-31.217144,26.866623,5.1761928,14.816413,-71.70006,28.368021
-33.62116,-17.80325,-20.916346,-92.19853,0.191042,0.7065793,-0.16230972,-10.526852,-80.6982,9.459041
-6.1353884,-78.31694,-6.0341363,-20.69822,39.456913,6.486944,59.53371,1.421108,62.5633,-16.54992
-24.441927,3.8570654,-6.9252,-2.5031762,-5.2609916,28.23465,49.01263,-6.7167807,-4.6592174,-58.486046
-42.38278,-15.851852,11.312638,-9.910174,-7.3924737,-70.9677,59.16304,-14.831257,-37.933174,-33.34275
-18.909916,-49.67448,-6.7940845,-6.5075617,-7.345674,-52.83784,11.878096,-37.69541,-24.35159,-17.268509
-49.173027,35.947594,66.36503,-1.4133018,-19.086853,-59.052834,-22.764248,-19.965998,-20.91527,-83.154144
-5.1094594,-75.41482,-3.8651605,-33.10731,55.320892,8.648364,33.160305,-5.849863,47.536533,46.00392
-29.342113,-45.16525,-44.784904,-69.57522,-37.740925,-47.410316,22.018606,4.232807,-50.09883,40.877316
-8.054194,-53.639782,-42.345676,-10.22681,43.559765,11.97018,66.85128,-34.363922,57.663677,37.439354
-5.8716393,-66.96246,32.211433,-72.799355,46.61479,6.2297554,65.035904,-58.813377,25.537935,31.79193
-35.165257,-0.8098759,-44.83944,-27.521051,35.40745,47.90726,33.72737,-6.4678817,57.81152,-24.265541
-25.516678,-38.409863,-46.082455,-66.863335,-46.746185,2.9862375,13.793561,-42.02264,-5.3524523,32.70248
-40.473347,-8.966779,-70.07976,-13.637083,4.7545123,-14.786983,-29.108017,-0.6011721,-5.0726447,42.047108
17.127134,-20.440516,-22.911886,-41.484795,-12.728062,-28.395504,10.289063,-13.876876,-75.57491,68.86184
-28.212732,-17.370043,5.4732842,1.2577428,25.539017,-53.660713,68.00682,-42.925133,-23.274921,-20.86481
-70.90452,-12.434404,3.6904912,5.203467,7.0333877,26.283226,42.96208,7.1265345,-8.643344,-19.84733
-15.529705,-30.396568,1.5970378,12.916836,-10.104277,16.363914,29.22054,-17.961727,2.2832034,-58.62147
-18.046404,-47.984936,-48.473724,-50.774757,-41.175278,1.2488681,-47.33304,-22.592806,-3.776008,7.4824524
-14.580699,22.648197,9.085237,-2.7461212,10.193096,60.33721,17.046562,-14.588048,33.226288,-38.48542
-6.53328,36.97364,3.216333,-31.255009,24.59028,-41.77368,0.9022758,22.129017,-10.914755,-94.43332
-16.049944,-27.972565,45.09451,-9.327023,27.73629,-51.452297,61.78252,-38.439857,-18.133913,-11.91888
-10.030032,9.1573515,6.142926,-4.036234,25.00518,-40.74379,5.1251163,-63.78044,-32.717438,-26.642971
10.36386,22.567907,29.110214,-23.6604,-26.052185,-46.58057,-58.404507,12.426785,-5.8185325,-39.439857
-26.618261,2.4216495,-6.5757923,-54.957306,20.247,40.297424,56.93606,-28.019918,52.53092,-87.960785
14.554419,0.58764124,3.559044,-5.7226715,-27.434647,-45.829994,-3.3528368,4.0157924,-8.60864,-78.3123
2.251475,6.3218694,33.363068,-42.870323,19.486458,-10.359175,-16.451202,50.455067,6.984678,-30.091091
14.571377,37.13076,29.499146,-22.519497,28.513962,-35.969173,-16.677998,9.650598,-25.898724,-91.253914
-43.28244,24.577976,-18.0056,-54.848915,24.905167,59.31044,42.411617,19.26328,54.848366,-77.349045
11.429339,20.846895,21.398357,-29.360329,26.752247,-57.889114,-4.5257044,30.14272,-28.152544,-95.11155
-44.37008,-46.834106,32.449078,13.741993,27.499746,-41.689396,51.996616,-63.173103,-51.73543,-24.658045
-52.676643,-52.14621,-48.96304,-4.718723,-31.051374,-27.13565,-51.48609,15.192633,-19.177322,39.612484
66.49739,11.623729,50.925713,-33.13563,-14.135277,31.053905,-29.876522,2.5494263,0.29718277,-53.881794
-3.6915596,-83.22413,-1.2822831,-15.171982,44.91849,-4.2582946,83.45566,2.5678647,37.18076,23.042597
-23.18031,-7.28406,-6.0599937,23.050411,14.521049,-22.806585,60.34921,-52.039986,-38.636234,-23.285923
-54.73272,0.6600598,8.388325,11.215263,30.498285,4.2401304,69.4615,-39.875694,-5.959523,-45.434402
-37.73819,-68.545944,-55.13956,-29.875158,-29.961945,-3.4087284,-24.422964,14.913936,-15.788864,31.619062
29.473028,3.0181365,-50.07836,-49.04436,14.908497,-10.678528,25.67982,-28.914232,-68.459305,66.79005
-37.133907,1.6955186,-24.100533,-23.59917,-3.9832342,69.76155,30.343487,9.566023,21.723593,-11.571474
36.00426,3.3571365,-1.1460253,-24.607656,8.471709,-30.317732,-37.59944,25.167585,-13.383036,-65.377266
-1.1394627,-13.878921,-26.24854,-62.107643,-13.467252,20.642212,-8.827238,19.602468,-84.41568,46.772343
14.695258,-38.205166,-35.012386,-40.205704,36.42278,4.9664288,43.056206,-32.282482,-1.2198114,42.944237
-7.94898,-58.711754,-50.297676,-33.10008,-43.71859,2.0962663,20.16316,15.057047,-2.3362093,42.603157
0.045309603,-13.142894,-56.692184,-7.0870886,25.455708,-19.441282,42.36063,-17.834467,35.163452,62.144825
3.7115283,29.34179,21.489948,-24.924892,-17.431719,-12.309097,-32.13046,4.986862,-3.078333,-64.128555
-13.150046,-3.1748579,-11.030405,2.5571456,9.926416,-6.322191,73.66056,-50.883396,-31.957228,-43.799656
-27.091265,-33.649746,-21.794971,-7.7820835,-9.343015,-66.57331,64.812965,-26.130898,-30.877047,-47.599422
-35.489162,-27.069365,23.817951,-4.611503,32.790623,-65.85512,50.43295,-42.674786,-23.132038,-6.5154953
1.8142896,85.3116,46.966537,-21.992504,20.494507,-59.87519,-46.997185,-52.26349,1.1516273,-78.654274
9.6846285,-12.329173,34.514336,9.865765,-14.6609335,-62.22624,-51.14732,21.886112,17.236568,-32.79654
-46.547638,1.2708565,-28.298744,-9.068747,12.193505,82.08482,45.981297,8.719023,43.35653,-31.621159
-22.506773,0.91877806,-15.6931715,-40.548695,-35.77003,-16.571606,-13.271852,21.338041,-35.125317,-1.2123871
-15.615654,-55.341824,-16.925457,-10.027388,52.819523,8.299218,74.438194,-19.627594,64.77459,36.838634
12.540176,-63.416504,-5.1191897,-36.911297,63.262016,23.690681,48.16783,-3.9072635,77.43821,58.85127
-27.994223,-8.279122,-11.119454,-14.427253,26.334072,23.723429,56.03575,-10.640508,34.962814,-21.930628
-5.0165825,-22.16699,6.0775127,7.2173486,-31.03587,-51.532764,6.905509,-31.629053,-15.99282,-19.271502
-10.294617,-25.307,-71.72884,-25.191381,-23.839518,23.779808,6.318065,-54.4067,-62.37927,37.466217
48.149883,-14.161715,30.808784,-26.63175,15.886264,-16.034323,-20.000914,3.2620962,-3.0612562,-85.715996
-42.31414,35.96858,-34.50384,-37.963943,-5.2495737,36.902054,43.497383,20.104473,54.17507,-23.960608
-46.97623,3.1976495,-16.862366,-12.588162,-6.1358423,52.214664,29.052994,-23.604033,30.668789,-31.39257
-61.52905,-59.362083,1.9352794,18.830269,-33.09243,-29.916653,50.02629,-21.040981,-22.636549,-10.882726
-48.28821,-26.845884,-15.059247,-36.307156,-23.030788,17.43338,34.73545,-19.83567,-42.075756,17.248459
-25.487438,-2.6230676,-27.41911,20.897888,11.046334,-44.007095,61.39325,-7.3076506,-5.9928555,-5.4713717
-30.969404,-37.393597,-34.21191,-50.60756,-42.45368,-32.926872,-36.026627,23.134895,-21.60878,44.519352
-47.774506,-43.080326,47.292454,15.064121,26.714195,-42.793312,53.70161,-43.46371,-57.317493,-9.592465
-16.615768,-39.91278,-18.350824,19.285133,19.937063,-53.17424,65.15608,-31.876041,-7.8530917,-51.461323
-43.02348,12.713432,-20.428137,-51.768448,29.119196,49.38026,40.935413,-5.373893,51.68131,-66.38157
-58.788433,-25.216057,-53.360996,-54.54473,-20.14024,9.820663,-30.926956,1.3183308,-67.99773,-14.052017
-23.617205,-17.443808,-21.430956,-36.816174,17.528454,10.364695,41.75291,2.4208176,21.797686,-9.085209
34.456768,31.907513,3.2109892,-11.709522,13.87381,-36.421124,-42.765694,34.88112,-26.713812,-35.246185
10.345441,39.927788,32.501476,-23.716022,31.421572,-47.769295,-4.2848024,42.437275,-30.501945,-88.46867
1.1528428,10.193041,-24.222744,-53.792652,-10.259669,-79.20982,42.39358,-24.591484,-13.165613,22.504923
-43.57989,-39.051323,9.006223,10.206675,31.859968,-45.73131,46.97214,-34.030556,-8.227214,-25.274733
-12.58601,-35.565266,11.088363,-13.817122,-17.825981,-33.855885,18.57346,1.5447651,-35.564003,-26.984356
-38.836933,-33.634037,47.68779,1.888151,29.733809,-58.42005,55.251053,-51.29553,-65.45667,-5.6139545
-19.631348,2.5356665,-42.17673,-41.19432,46.94848,26.369139,26.792765,-27.540876,64.05253,8.75292
-9.219163,-18.106634,-66.288246,-44.363964,22.387657,-4.4862933,-2.310637,-26.278904,-54.599445,26.452017
29.319817,11.53116,15.509835,-21.80893,-5.5948157,-45.0099,-25.202961,-24.514473,-7.3207717,-97.09921
-39.741405,-53.77587,-5.098872,-60.43343,-23.589857,-10.476879,9.613888,-17.92053,-33.93598,33.149803
42.881153,19.736738,-7.1391215,22.68297,-8.919324,-20.98228,-30.644892,18.336885,-4.0180387,-50.329597
-15.459181,-16.650997,8.86493,1.927874,45.453384,-63.134235,54.337425,-48.171883,-30.354906,-20.62286
-35.733315,-37.011654,7.5496264,-35.989,3.3267217,-28.747343,41.794765,-21.094442,-51.526257,23.362398
-44.928814,20.761707,-27.195873,-31.275541,-10.107098,32.610474,35.932594,29.660471,64.65624,-45.84334
-21.919683,-82.20581,1.0392959,-33.680542,46.313572,-17.38088,63.64127,-49.203926,46.58824,8.8272
-41.16914,7.0315037,-45.046505,-102.24656,-19.3958,-22.215994,-34.196526,-24.578184,-14.922525,-4.774692
14.780329,9.168227,21.645771,2.0029616,-13.341033,-60.029957,-44.30004,2.1965919,4.850516,-36.609283
-26.404646,-30.405579,-31.63822,-40.91513,31.24639,27.895157,26.059061,2.9481792,54.65432,-41.99704
-21.755539,-57.542866,2.5265334,-48.70255,56.601223,9.082921,30.028595,-24.627338,59.67205,7.0151224
24.8988,-35.919044,-44.918808,-15.002996,19.917755,12.641869,55.36122,-49.76693,60.459743,45.523056
-66.137924,6.7855678,40.18644,-25.538124,67.10837,-63.88552,69.120735,-29.447136,-30.519531,-3.362084
-48.31211,-13.253677,-82.26714,1.3562151,-12.047853,-45.57745,-27.059925,1.61215,-1.260198,25.676985
-54.565067,42.848816,-23.560457,-21.08907,-8.058428,85.304565,32.19325,43.00018,34.728264,-3.8888028
-10.733858,-25.471592,-0.6795564,0.8403233,-14.105867,-41.322388,41.51329,-17.534954,-39.861794,-26.537807
-30.954662,14.075031,-47.832577,-30.197304,-15.742096,34.657246,-1.8498088,29.181004,13.089026,0.058563948
-29.081903,-24.009882,7.1894226,-7.05771,12.072274,-59.36641,51.032005,-40.44393,-27.51088,-2.2108529
33.83936,-5.410411,34.347218,-16.9058,6.4037995,-13.079051,4.3097744,15.749073,25.17819,-29.860813
-42.530792,-58.377583,1.724267,-20.962107,-12.856607,-73.33655,45.25895,-25.568647,-34.48843,-14.798743
-1.9308183,-33.800976,3.4749594,-7.3783097,14.09026,-32.00321,-12.279343,-36.561596,68.08981,-11.205654
-6.458088,-24.525017,-48.957966,-20.288927,-3.1845894,-20.76423,32.889786,76.26869,-48.999493,8.119337
22.001572,-62.718338,-6.9497237,-52.692684,32.332527,15.803647,21.066877,-6.561902,85.87265,40.84218
-54.885513,22.150751,-27.072165,-38.61781,4.5092096,59.807034,33.332355,-7.924162,38.40583,-10.8717575
-34.808628,-72.9211,-14.155466,-25.70948,-16.62419,-78.88291,63.554302,4.1273146,-28.884058,-38.83508
6.281851,29.701664,21.12698,-0.38284367,4.054999,-45.964474,-4.109641,-30.917875,-13.636246,-58.176666
29.92663,-7.00396,-52.675114,-34.859528,14.453644,-8.023335,24.212107,-12.5794115,-54.170967,68.72961
9.435788,-24.814981,34.33404,6.7636046,-43.855915,-14.8745575,-23.179985,-8.810884,-4.143298,-37.01739
-39.48513,24.46712,-34.394196,-14.292223,8.512192,61.734493,35.009857,10.979182,63.818726,-50.735172
48.30932,-1.5875853,18.78275,-18.215288,23.067167,-15.963879,-32.544716,14.17697,-5.740932,-62.141685
15.99463,31.12245,17.845589,5.0807,-19.555538,-30.864403,-11.4248085,-3.2307515,-6.3670726,-33.888237
-28.914047,-37.13073,9.116322,5.0892234,34.382557,-63.618828,54.640537,-31.145775,-44.268726,-42.883446
-18.230598,45.922424,-46.09366,-35.785355,-24.792015,44.394863,46.992924,-14.841617,63.59645,-50.9177
-43.88304,11.774075,-50.575504,2.6431775,9.038036,43.072895,49.553413,-28.268545,21.672115,-36.396748
-1.222277,9.63146,18.82373,-0.33597574,-25.54872,-45.06355,-21.057922,47.61304,-25.642515,-92.69279
24.630371,16.06237,-34.98167,-71.96478,-6.275887,-8.1425705,26.95074,-31.317842,-75.28467,24.331896
-26.454561,-39.592464,-20.215506,-17.596685,50.450317,18.318682,56.050346,-0.64642984,50.27674,-9.531524
-25.367523,-49.175674,-3.7572303,-35.368355,50.640717,18.523272,60.433693,-42.906677,38.674927,-3.791717
-33.843166,-29.384426,-4.1868005,10.335453,9.246618,-46.461235,32.35446,-38.244087,-15.647176,-31.459103
-4.7976937,-58.212868,-37.15994,-16.44954,15.963116,9.949418,31.175442,-29.23927,45.07956,25.767132
-44.983135,-11.424947,-22.8491,-41.13993,-12.801756,-0.0093913805,27.775137,-34.873642,-24.644075,25.326555
-64.17836,-11.196379,-29.99641,-24.763554,21.622505,58.981007,21.572536,6.241911,50.858734,-59.897358
-0.25285172,-48.851128,-36.893917,19.893393,-21.16281,-68.0958,62.071735,-7.0566673,-6.6881266,-27.726791
-44.260548,-21.368544,-11.097049,-7.900302,-12.7044115,-62.49144,54.96732,-4.3549075,-38.92468,-41.130283
25.836285,14.960676,-7.258674,13.858376,-9.73638,-0.45741808,6.4564295,-37.813705,10.281489,-73.59157
13.764761,-61.51187,-10.689133,-24.358143,51.50409,16.44771,48.46407,-16.370718,76.875565,50.569317
-3.0047886,19.44648,39.642025,-17.837229,16.930979,-29.028423,3.6875806,36.371593,-4.176667,-84.71096
-39.48134,-29.284563,43.015137,0.9650477,19.04068,-30.079315,29.174463,-61.222343,-42.68912,-28.346378
-42.303066,31.03813,-59.984108,-36.449093,15.689396,41.741604,28.313921,21.190067,41.1526,-52.519554
29.076054,10.898281,-10.578433,-32.618027,-9.777437,-35.513947,-50.55589,34.438343,-14.354293,-60.549175
8.716922,42.940044,18.479206,-18.257326,-31.391983,-50.70119,-36.99632,27.066437,-25.63437,-54.721878
-12.1371,-51.822235,-15.113567,-4.5575933,29.59225,-52.055737,-6.906383,4.5540724,-32.39823,-34.74023
-13.307036,-36.052204,-24.747189,-30.647936,-6.24671,19.093689,58.786484,19.937584,-2.4976053,17.500467
-41.381428,-65.11345,-7.6957192,-56.67595,40.84185,6.7412434,26.092867,-22.974651,40.953667,27.944468
27.416544,0.44369808,21.221157,-22.303957,-13.035547,-46.24332,-3.3171785,-20.516792,6.6765275,-81.91396
-3.0871408,-47.14664,-0.32666683,-29.820917,50.439552,-4.17089,42.302574,-20.669016,74.49836,20.134092
-41.025955,5.655316,-75.27577,-63.23666,-34.868572,11.3333235,-14.233334,17.68846,-19.188383,1.3219602
7.270342,27.788616,46.208996,-29.15739,10.337807,-0.35740277,-29.562546,0.4301897,-9.452283,-75.365555
20.875292,-50.242317,-1.81642,-19.9471,53.826214,18.791727,42.08932,10.417333,87.07214,55.288677
-35.04914,-45.489323,1.2493763,17.371542,26.554415,-47.710896,51.45951,-35.51801,-15.381748,-45.021072
1.7105718,-59.577396,0.22272491,-42.03557,39.571922,-3.9685206,30.524652,-40.593796,83.88978,7.882285
-46.43997,-7.734967,-28.743246,-5.8694453,6.495782,59.75902,41.177883,0.33242664,20.379477,-54.157696
7.5247135,5.376556,18.663284,-2.2857997,-3.282242,-34.877815,-0.68311787,18.259527,0.07125136,-46.159546
26.102768,29.292194,41.250275,-11.854654,26.272268,3.2432637,-8.438856,-2.89949,-25.882448,-85.86454
-44.934517,17.406555,-45.586094,-58.125286,-29.115969,64.02193,20.255573,-1.6047701,8.727739,5.7202415
7.1222053,11.9787245,8.936458,-26.736727,-21.644999,-47.516773,-30.176062,-10.862577,-24.637917,-130.05357
-31.838652,-6.065507,-60.49069,-44.243652,-5.995739,21.761072,5.1200213,-36.74039,-51.511127,29.01844
21.078115,17.4185,48.731503,-2.3469062,22.066015,4.9049263,-33.81751,20.12742,-11.391335,-85.920425
30.978779,-17.197016,44.37264,-43.528458,-2.7923872,4.466182,-28.81383,21.625105,21.712297,-41.19181
19.66371,-50.189358,0.6510503,-12.956981,30.924858,10.861059,45.966724,-51.618248,70.02969,19.971315
6.305995,-53.428234,4.9874754,-28.21819,57.245705,15.683574,42.99608,-12.837024,66.71438,32.12879
-25.6471,-30.473482,-34.96369,-31.941895,-52.297607,4.881699,-51.513367,-29.48059,-38.331486,-4.148243
-0.23635805,-53.65007,-26.325617,-24.968569,36.863853,24.17546,29.856144,-41.74641,73.722786,-60.384865
-17.942436,-65.069626,8.744984,-13.31662,53.804726,-11.0839,39.373978,-19.650349,63.666283,-12.120676
-58.09318,28.763378,-24.15681,-42.074394,9.720542,46.642406,33.7261,25.131641,47.264584,-42.305862
6.5331864,17.917019,21.379795,-7.4446764,2.7039928,-72.98024,-29.9307,59.99069,-25.669556,-80.38671
37.77268,5.3000426,19.770245,-32.288902,6.161926,-42.806767,-6.072754,-16.710054,-11.846365,-118.96928
-57.67692,-42.357887,-27.480207,-31.637594,-1.4948437,-38.660698,-38.80179,27.028513,-8.915813,33.08768
8.004456,-65.625824,-4.308165,-40.978817,60.905106,8.7427225,44.4732,-11.250383,50.394978,35.18642
-74.33932,12.5009365,-33.581387,-31.944962,11.134851,55.4594,33.1779,8.231962,62.03073,-41.38855
22.18249,-14.254818,37.08164,30.492825,18.521189,-90.673195,-39.198135,22.606163,-0.41636503,-37.27493
14.91558,-32.592903,35.334766,9.424628,0.59864193,-62.36661,-21.64777,16.55708,27.305767,-44.12545
13.073942,-41.534645,5.255742,2.80977,33.0688,-8.555245,18.79411,-59.34508,44.914543,-12.11548
-28.851164,-48.857258,-32.963856,-25.189533,59.74755,13.839828,22.601818,-32.936455,56.529564,-18.741623
2.1856158,31.81741,16.24456,4.8151774,-17.484919,-32.57121,-35.156433,3.0521586,-2.5874598,-47.806538
-6.872439,-70.29181,2.7659457,-20.598063,59.232456,-18.481356,25.372227,-16.348938,49.885273,16.40208
-26.01429,52.115192,-30.653555,-36.487095,8.57324,19.124737,19.812584,7.7560744,35.538498,-39.75808
-40.2237,-26.00885,-45.990788,-82.02679,-27.601397,3.2987633,-45.85781,24.773878,-33.414062,2.984275
-61.00512,-52.17272,-20.49446,-12.26225,4.546647,-66.65165,-11.308693,25.511002,-31.832762,11.541069
-5.0750403,-14.516743,-18.798119,-34.517662,-41.796032,-64.824394,-8.382247,26.840107,-5.416483,4.6811666
-15.114521,0.56723297,7.1076865,-2.2450957,-6.4477158,-15.277994,35.622288,-81.390686,-47.80631,-18.799501
-27.206787,-29.475147,-56.743263,-61.047806,-15.112455,30.34948,18.247843,8.769974,-64.92174,3.3238719
18.032656,-9.365701,22.337826,24.428928,22.210613,-62.902733,-36.31983,35.26825,-3.2347658,-34.79838
19.39317,-6.2921376,22.98936,34.443268,6.8043294,-37.822773,-36.948803,31.051311,-0.7221028,-41.097134
-22.5314,-71.145966,10.7194195,-31.11119,41.658886,-15.051754,27.929485,-36.682404,63.834053,39.832493
25.152462,2.7943761,-20.262678,-66.90443,-19.60443,-17.550804,16.890305,-16.816166,-62.024223,65.3516
-26.68277,-6.946853,-45.06663,-50.247578,11.824781,41.7728,37.817917,-2.3306856,17.140835,-7.779724
-50.64716,-47.307655,8.55278,15.826445,-11.902496,-44.161636,59.61415,-17.288965,-23.832638,-5.596436
-1.8438995,-69.99841,3.6075897,-14.687768,58.694416,6.2823505,59.84151,-43.626026,34.075047,10.39073
12.794841,-33.389984,42.76925,-11.274083,16.788319,-33.837345,14.660332,27.601194,26.269608,16.432573
1.9051805,-31.259375,-34.022182,-24.441051,-19.96983,51.68619,53.609444,-23.10707,37.426456,-6.9552007
-19.971798,-71.14307,21.634426,-42.089985,58.58245,-2.818694,53.461452,-29.065582,45.078716,-3.2232761
33.92766,21.496696,-58.835316,-48.653038,-14.6167145,8.8163185,32.7743,-6.6441355,-82.32176,28.894123
47.031815,16.60915,-10.658167,-47.95527,2.2082078,-31.325033,-53.432884,21.98326,-21.118694,-64.415726
-0.93847775,8.753214,-17.228373,-40.732483,0.40798527,-45.16076,23.303629,60.187035,-63.479748,-4.7233562
-29.208996,-16.900333,-47.749672,-63.080677,-34.397015,-18.26909,-2.6820047,34.603542,-2.051855,33.382633
18.99615,8.97488,7.6271296,19.898832,15.739571,-22.740686,-42.273945,44.476784,-0.9624928,-62.04136
-12.006846,-36.077263,-7.499102,-24.43743,-28.632288,-25.241812,24.78713,5.11942,-19.566847,-6.7020407
11.26531,9.817726,25.668186,4.5262985,15.609917,-70.49611,-33.90489,14.234158,6.009364,-49.23761
-3.175045,-31.903114,-14.710615,-24.836878,54.578953,34.697456,56.28186,-16.142523,42.14421,34.623753
-66.0354,22.562544,-27.250664,-30.245407,-3.1526275,56.075546,25.202868,15.798746,56.56391,-42.5916
-2.42335,6.0050945,-39.213284,-29.970617,10.295071,-26.57198,22.606813,-7.592482,-49.933052,69.84562
-1.2540869,20.159264,24.405582,16.118563,9.877599,-42.88006,11.602287,-9.448613,-18.938824,1.1706841
-36.41486,-49.963734,-13.281725,-7.7456145,-12.7189,-63.62113,50.898647,-26.98618,-34.77078,-49.951515
-49.759792,39.125034,-25.886189,-58.691074,15.785959,67.03758,44.309868,8.053318,51.463524,-52.103767
8.91817,-60.298252,21.513905,-61.753654,61.322464,-13.029505,12.445707,-41.123665,52.60665,-13.11405
8.817863,-19.994144,-48.28566,-64.18783,-20.027544,10.394573,26.74009,4.944336,-34.22955,50.48174
6.2556586,11.980836,15.358884,42.1761,-31.421492,-49.54706,-66.78691,-31.233057,6.4231687,-43.814503
-77.13234,-44.24278,-8.424124,2.4894,1.8432057,-36.895794,82.45952,-47.262936,-24.065065,-59.687023
-32.784504,-40.22189,-64.94054,-5.8400064,13.757309,20.109886,9.988136,14.706999,35.60267,-24.14185
-11.764834,-60.662197,0.033753574,4.8372397,-20.19151,-64.18916,59.321075,-24.940422,-31.270844,-41.42061
-30.165085,-61.61768,-14.149923,-26.546413,6.964229,1.765288,53.669548,-24.120518,20.040846,24.321756
-35.258476,14.444217,-42.199097,-53.530155,13.841653,57.610657,28.537231,0.046026103,60.33751,-64.00717
-33.634285,-36.500374,-18.070555,29.567556,20.882547,-37.460613,70.411934,-33.765152,-13.866079,-54.119873
-8.4251995,-5.346041,37.713963,21.97643,-5.3202767,-78.06835,-39.83814,3.9141479,13.869353,-32.316273
-50.029644,35.20112,-45.274597,-21.920015,19.613297,42.37774,42.61607,-11.475356,25.68549,-33.947937
-25.320887,-15.4837265,-33.67717,-21.394873,-20.751244,44.13478,46.42671,15.644331,-5.8992696,-3.8883715
-36.596436,57.541344,-60.07961,-31.961367,-8.286279,59.66505,29.459642,-7.459898,58.877327,-24.057169
-44.081333,-25.158398,27.978855,-4.5148087,32.64777,-70.480064,39.293423,-33.361435,-26.05522,-23.049282
4.888937,-47.415825,12.605778,-16.396936,60.580265,9.886527,36.126698,-40.264767,54.860718,4.5130835
-21.840206,70.10808,-53.314167,-49.81679,-23.570887,74.49394,31.164011,17.407667,44.638107,-15.809578
25.616846,7.4215903,-11.506689,-20.759598,-6.4358945,-26.602652,-46.90114,15.465248,-14.754242,-81.42802
-23.235249,-43.359875,-31.523941,20.10679,-23.307209,-35.520103,40.63253,-16.147175,-7.2809,-41.760704
35.54658,-9.524488,-33.717,-47.93146,-10.618495,-22.314867,6.3323236,-22.647655,-58.443424,79.851524
-34.671738,-55.949818,-30.143497,17.598797,-23.888918,-61.50139,52.253338,-3.492064,5.291615,-27.202953
-3.345835,-79.88875,-4.897502,-65.66121,-4.640433,-41.86692,-5.5710893,2.352441,-13.805175,-17.976164
24.199753,27.835733,9.9225025,32.001167,3.3914554,-24.170923,-21.984444,1.729572,-1.8923992,-67.90077
13.965407,37.415897,-1.2073573,27.558247,-14.82086,-43.424393,-47.996746,25.030981,-28.52786,-51.66141
-8.723789,-47.314438,-36.653732,-24.92222,8.157898,23.096224,55.28269,-2.909786,57.114243,-49.40278
-22.385246,-68.43333,-5.2723,-4.4891057,39.011204,7.940819,69.3992,-22.077541,26.679968,0.77550304
-53.631752,-64.1141,8.222658,-5.2502565,14.212206,-76.91711,16.356749,14.836244,-31.496952,7.8185577
-25.916656,43.47372,-40.80224,-4.9722548,-7.5466976,56.343517,23.469727,-22.77367,71.59044,-32.668186
-25.851206,-17.8847,-18.917189,12.167563,6.0987935,-11.665893,70.74897,-53.019844,-30.20026,-45.633686
10.287837,8.102636,9.348925,15.37163,6.1110806,-30.511993,-5.772669,-45.500046,-14.60268,-68.337425
-17.914225,-10.682983,2.9873466,6.3938155,60.13028,-49.962894,58.19178,-82.52306,-0.8773909,-29.969288
9.831364,-11.813402,14.000026,9.499019,-19.967173,-56.340893,-20.255291,-46.792946,-10.866783,-39.314964
-3.802871,25.659874,3.9165354,5.6260333,-12.182689,-39.047085,-44.459156,26.943758,-6.5854826,-23.739275
25.24438,-55.788303,7.333845,-38.163616,7.788596,5.3891134,33.864967,-53.092434,54.50655,19.953192
39.27325,3.2913854,-18.123194,10.204551,-27.50957,-46.58013,-36.539238,32.57646,-11.230751,-23.800621
30.973053,30.113474,-4.3109536,15.031296,-19.741884,-36.10287,-37.364243,26.757574,-8.620842,-4.8746405
-18.15624,6.17053,-35.253048,-28.07819,32.562923,27.253862,50.255116,-5.882385,42.44088,-21.012325
15.912169,36.025642,21.540218,-19.99613,31.290655,-65.71315,-18.612862,31.874613,-36.236046,-89.775154
-9.129211,-19.5585,10.608114,-2.3429961,33.16278,-61.54223,50.437096,-74.418686,-12.215937,-28.69632
-30.200045,12.817368,29.477962,16.52646,-27.400707,-57.662884,-34.365402,55.653454,-9.804471,-82.87994
-45.744488,8.569345,-1.8676914,-4.6571474,18.338316,-70.40198,64.70265,-20.77572,-31.592958,-45.161438
41.376854,-62.650517,-81.54516,-57.99643,-2.7503629,-28.822807,-51.734673,-5.908149,-3.2816956,-11.581254
0.5788155,12.856913,-10.950254,14.494986,-16.856228,-26.024666,-49.868923,31.405283,-1.9417988,-12.57788
-42.71314,-74.769714,4.394961,0.38795078,45.93712,-41.554684,27.199244,-76.15497,47.286537,-25.59102
-0.70902574,-2.2887433,-17.345398,41.194183,-11.063595,-31.085636,-6.8881836,-12.341208,5.7815275,-42.52896
-14.250162,6.6334634,29.656242,13.243374,5.7428274,-6.757856,0.15009928,32.948833,4.938302,-62.144398
-15.456786,-48.821472,-11.864233,-70.558945,13.712919,11.689313,35.29449,-39.63424,3.5517547,30.739424
1.4377942,10.709354,37.04558,11.350591,7.275991,-80.72705,-23.756834,4.406416,3.8467886,-49.482296
-58.918907,6.0490603,-40.167522,-16.477951,13.113864,41.79905,21.12934,2.4742715,36.206528,-44.26272
-40.96702,22.163706,-60.64095,-30.398623,-4.6417656,33.682774,33.305557,0.89287025,36.434002,-31.180674
-30.585365,-12.173295,-28.795841,-35.08344,16.155361,37.499775,32.461567,23.453548,45.404762,-88.44273
-27.289206,-59.682705,-30.95941,-11.701524,23.674429,4.324272,59.08306,-6.413949,54.912796,34.634865
-40.076973,-18.30766,-80.44018,-39.200104,14.646771,-23.633675,-19.382381,-29.603731,-25.45631,24.810093
-37.27615,13.290791,-65.18748,-32.08142,4.3743052,51.625748,18.735401,27.626919,1.9986966,10.720875
-3.797603,-52.85966,-29.437162,-7.70333,25.870045,-26.877441,45.440025,-27.514803,83.68424,24.90658
29.09225,-25.361673,-40.377472,-44.65264,16.8778,16.768526,18.454548,-46.44625,-59.04482,71.08427
0.6598749,-51.72427,-14.74824,-10.3873625,46.44403,-8.409942,69.043144,9.910177,15.284663,-7.277042
-14.917497,-46.311066,-28.439548,-28.882812,39.339504,18.219252,46.694096,-0.5318268,68.610565,-19.244339
-24.66799,-46.897392,49.443275,-14.907364,25.141167,-27.551981,57.755283,-41.535408,-36.295147,-0.65809554
39.816093,-13.381926,37.11545,-11.393515,13.703128,-17.41395,-24.865536,20.800644,11.907907,-60.340214
10.235871,4.0202656,37.89966,-11.77287,-10.799726,15.267461,-40.32114,12.946761,8.040114,-63.092026
7.6254625,33.047394,17.610123,-10.334548,17.90894,-53.18167,-36.606125,6.1179094,-18.341202,-107.03725
-16.26587,-49.71506,22.187279,-22.37923,3.6233947,-62.939682,57.20945,6.171249,-70.582756,30.955362
-22.844925,-21.999594,-44.83051,-26.581448,-8.414107,4.749413,33.70099,-0.87614584,69.99903,-41.57857
9.503172,-66.69699,-19.727083,-37.285267,17.694107,-18.408428,31.353048,-46.059338,79.17158,3.0239775
2.3507216,-42.651783,-60.035084,-12.489844,12.318132,-7.0966463,-15.069051,-20.311308,-53.033768,45.437244
33.76175,-20.219885,43.04319,-19.684338,22.223074,-33.147495,-4.1958346,-1.1274531,-4.341256,-88.74415
-30.624672,-54.58723,18.171852,-16.265387,30.894182,-90.615074,55.79235,-6.1085124,-12.154559,-28.252432
-14.505992,-19.358776,-30.339396,-38.994743,36.656185,38.020687,29.661856,-24.806414,67.485374,-2.6617422
-9.241091,7.7210107,-4.24117,22.234074,-23.594223,-40.186928,-11.8364,-9.191018,0.9301741,-38.106873
-12.425838,-62.835045,-13.147956,-18.889877,40.32663,-2.8746927,34.829964,6.6758986,71.83257,-14.999202
-57.80466,18.641693,-13.329232,-53.17984,19.853062,48.70506,31.085934,-22.817493,28.732412,-45.447155
-15.796928,-3.6382434,0.4312173,-8.671452,3.6404474,33.025948,63.30337,8.308451,35.564644,-37.460285
-29.91712,-49.235817,-20.076162,-8.318727,46.92485,3.2992702,54.146606,23.947618,75.08198,16.737137
-10.525369,-10.962089,-22.866287,-1.9886547,-15.610239,-60.919014,48.265244,-29.90409,6.6336575,-14.330951
12.163014,-56.910015,-5.9702497,-29.708984,2.296959,-15.861452,7.881307,-42.950413,-32.70398,69.668816
-17.913567,23.336815,-29.64319,-35.08916,-44.6015,-25.049282,-2.644196,21.743467,-24.827677,17.300718
29.184166,-0.85062474,4.384896,2.8235893,16.007374,-17.861965,-47.245396,20.29952,-13.099867,-70.67606
-8.390205,-61.09473,5.7130165,-51.114475,61.50004,2.0023513,18.184679,-25.441584,57.152336,11.942966
-36.253475,40.879307,-46.09136,-20.556318,-4.7922974,58.16981,35.78025,-5.2070413,38.234436,-3.2444966
-38.37175,-13.40159,25.292229,13.928349,14.250641,-57.735725,66.470856,-26.609917,-27.66345,-21.232489
9.84072,-33.99631,-26.788708,-26.785051,-7.5447598,-28.713379,33.130116,-56.277637,1.4339302,-12.535439
39.00395,24.773392,31.28038,-24.846436,39.746,-27.33134,-16.31004,15.712051,-32.818893,-91.83549
25.642172,-1.5233983,42.03682,6.0452623,7.4888024,-33.831493,-26.910975,26.609077,-3.4218843,-53.521023
-9.860067,-47.2381,-8.000213,7.3687596,-8.3140545,-69.53958,70.32039,-27.781252,-27.427753,-37.948303
0.88127494,12.6563,-55.422264,-70.89056,-1.3987453,20.821785,22.377136,-32.499374,-77.82019,44.43337
31.265062,10.761702,7.1629124,-13.720949,13.598496,-52.867718,-23.943863,23.45881,-18.790043,-85.861275
-23.557667,9.050653,-44.431454,-68.88019,-0.6949715,37.7641,-11.25045,-12.859696,-70.9099,36.673153
9.987771,22.918663,-10.790483,33.33786,-3.3928423,-37.987835,8.157506,2.2095444,-7.7741857,-54.166893
55.38372,22.724878,-11.681623,17.99628,-29.290974,-26.195581,-26.510149,-28.632496,4.832045,-79.353836
-8.578493,-21.764381,5.893907,2.6858153,-3.1789393,-66.19352,59.942036,-53.018837,-20.892092,-24.654325
23.931755,37.130024,26.308079,-7.867813,18.804974,-54.386814,-21.800047,38.902733,-32.832535,-79.95302
-20.110939,8.640051,1.149615,-6.725416,-4.8609395,33.979565,9.545137,12.27694,41.238934,-64.75239
27.809237,41.70503,16.02879,23.703466,3.3363643,-43.48386,-14.239889,-1.7834948,1.1806586,-21.331562
-32.517494,-39.073097,-29.436035,-65.39164,-60.651608,-27.40645,12.900427,27.325325,-25.412796,43.8934
35.985714,-9.89934,32.787903,1.2989298,24.403582,-52.797295,-19.800854,12.190598,4.1028433,-66.992516
-35.60191,-45.51238,-28.297047,-2.5123153,-4.9550395,-29.067417,-6.4567037,-52.657913,-38.272408,-10.820512
-38.250183,-22.667778,-26.711967,35.516922,-0.9479335,-39.648865,57.828205,-33.802048,-8.7298565,-44.917072
-53.067333,-27.703196,-80.99174,-25.629894,-1.7673401,-21.562172,-30.13832,-23.033865,-21.304108,30.440222
15.178951,-64.67618,-11.505726,-33.935528,-6.077856,7.4731417,20.433094,-25.655447,67.47392,31.112646
-36.803352,6.9228163,-39.66823,-2.7995024,-14.908633,49.586884,16.292715,-10.582266,73.71499,-44.987896
-36.460472,-13.321929,-46.995872,-27.347624,34.8382,20.343903,41.662136,-5.2334027,56.442024,-36.076675
19.477627,-48.340725,-25.657108,-46.822853,1.3496737,-12.514195,-2.1728902,-7.2063375,-83.12417,18.43733
2.2622828,-67.44102,-2.3253438,-38.856384,40.863907,32.784702,66.9393,-51.579983,77.256615,29.692488
-18.260113,-46.88135,-22.93881,-67.24363,-44.405384,-4.911495,12.582466,-47.268856,-18.42103,37.939564
-28.745848,-13.224888,7.7515345,0.11549199,38.147606,-61.940155,49.4394,-43.810585,-38.53342,-12.002676
1.2054322,17.288628,12.532582,4.0102577,3.6094422,62.246567,-7.6639457,-14.341384,57.918037,-37.22793
21.91228,0.003955275,33.741272,35.0589,-13.540171,-79.7384,-38.730892,10.753189,-20.610117,-62.74266
17.43312,19.159153,-10.909253,-20.648901,-14.523835,-54.383232,-34.993465,-12.8314295,-31.295946,-38.72031
8.809125,-56.17579,4.72577,-43.339428,46.003536,-15.808797,61.201267,-46.105244,66.09147,17.499138
-68.038055,-2.5510466,-30.96515,4.900332,-6.213334,34.044395,57.561325,20.130878,-16.073612,22.787855
-37.416313,-20.607851,-5.1441092,17.267494,34.707653,-59.51347,7.9305687,-37.703003,-36.065483,-18.31576
-54.6479,-74.188644,-18.566116,-58.58863,32.79028,0.0673939,13.769197,12.379084,21.432312,8.297104
-28.443329,-35.584373,-16.533731,20.530653,-19.848993,-45.69474,65.99327,-25.117546,15.264036,-16.495552
-44.551777,-43.97995,-52.244877,-5.214974,9.428843,10.777682,-2.0084138,-21.50846,8.76664,37.631042
9.339652,26.285706,-6.3188534,-52.43239,19.873764,-36.787987,-27.415411,24.819216,23.209236,-59.015896
-20.164492,-9.838721,0.022534609,19.83536,27.283342,-45.44993,71.80849,-35.677097,-24.652874,-55.212635
-4.564876,-34.535225,-21.47515,-47.279057,8.654114,-0.7260329,40.371277,-35.420673,62.003433,3.175824
-32.90462,3.533773,-35.557087,19.32072,-4.637611,41.934494,47.76069,-40.959087,32.2426,-44.916176
-10.361867,-68.81319,-1.5739912,-29.363241,0.5702942,-52.881554,49.421146,-14.584142,2.4212806,14.870724
-2.415985,20.695093,23.534195,9.140011,-27.10189,-35.17351,-16.439857,-45.726322,-19.139997,-43.152805
-26.597101,-4.5809207,14.67227,4.803895,33.342304,-39.644703,18.624859,-49.462124,-15.27369,-49.787907
-9.53646,11.882327,24.362835,7.827616,3.1658406,-53.900097,-17.549803,-36.550747,-8.584626,-74.84219
-14.162232,-0.9100899,-30.028172,-90.1566,-42.005836,8.636188,7.050953,21.479712,-29.5428,53.218143
-16.967684,-47.1626,-37.217903,-28.229742,-5.7316303,-8.137266,-6.2049823,12.413888,-39.657787,27.63444
-12.331332,-56.836884,22.892097,-51.15964,32.35941,-1.5902711,61.105366,-38.861263,24.067944,11.555176
7.9013886,-44.046448,-6.193472,-23.824135,5.1465178,13.212346,13.5673895,-25.234749,79.039406,-5.3029313
22.094795,29.321718,-55.436867,-82.069565,-40.74812,46.267902,38.501606,-30.953142,-71.72804,55.736225
-18.449558,5.043317,-9.454739,15.680353,4.204038,-38.008972,21.151402,2.3259232,-9.834309,-3.9129055
-38.519676,1.6895877,-38.259914,9.937016,-21.90325,65.681366,44.347145,-16.423077,35.613533,-36.083652
-54.378,-35.455452,27.394924,3.4441295,42.500336,-77.81991,36.78154,-11.00254,-27.565935,-24.00595
26.443611,51.411823,9.971907,-30.141897,-1.3794812,-47.688545,-39.864437,-0.2792418,4.398172,-45.42634
-25.60679,11.872219,-37.961346,-71.08667,13.499043,12.849367,17.624357,-11.071098,-20.932583,8.15974
6.0259423,-77.57073,-14.110875,-31.030142,30.130505,20.85547,39.28327,-56.120575,71.20584,0.9124973
5.7740884,17.922834,35.89048,16.314796,0.89366704,-24.963697,-39.969406,2.2549589,-8.87079,-80.40995
-28.416359,-45.34157,-0.3692321,1.7991642,21.534239,-61.226852,50.3142,-37.48898,-27.960354,-50.720448
-19.34692,-40.278084,12.106748,-31.977982,6.751163,-59.472095,44.317413,-40.975746,-25.301804,-2.3172226
-42.587166,12.243415,-29.364513,-52.165894,26.733217,43.95905,35.96919,-7.555992,77.146416,-44.638687
-55.057976,-47.47347,-2.6644979,-20.931969,6.328794,-58.712223,87.65259,3.0296366,-32.386257,-33.66284
6.753261,-34.791252,-7.752772,-19.693785,-25.054327,-38.69461,40.831352,-56.70821,-80.35955,29.588366
-15.424913,-22.526741,-57.306698,-10.382697,25.99634,4.2107944,48.472153,-31.472214,94.30819,66.10759
-39.651237,-44.419304,4.8641424,-28.091507,2.1517296,-71.91254,42.860577,5.8138723,-35.866592,3.9391382
-40.482765,3.4820468,-52.726246,-49.28888,-10.114559,33.945354,21.254776,-44.185978,-13.730934,6.3886757
-15.163391,-1.4680828,-43.138683,-8.179088,27.233175,68.55625,44.337322,3.0266974,25.364653,-56.655823
-22.89137,5.054806,-5.093997,17.461964,20.95238,-54.63275,55.93247,-22.808254,-39.832764,0.16456437
-42.533215,20.285097,-33.46351,-31.374474,-22.21528,35.37563,15.051044,26.626945,38.21031,-13.214702
-22.411665,-64.173134,-22.127321,-25.498518,40.524708,-10.549859,49.603714,-29.215504,62.51645,16.240177
6.3387065,-17.618153,-52.00426,-61.148655,13.819827,17.668541,10.603428,-38.452667,-52.961945,41.351727
31.235514,9.262993,-16.67154,29.985085,-15.077729,-41.416637,-16.948864,0.5591237,2.8022506,-55.9016
-39.591854,-47.620785,-0.58108604,6.770087,-18.607727,-24.641409,50.777023,-32.044937,-13.963034,-43.68734
19.121387,6.890822,-36.107395,-89.44118,-12.036289,-17.61098,7.6155977,-15.036759,-45.07256,34.54536
-51.42896,2.4262583,-44.44654,-11.915842,16.707924,15.161376,21.630692,1.5165846,98.10429,-7.1648507
-5.023511,-45.99226,-25.95397,-44.149136,46.54512,7.3413906,44.89347,-13.0083685,67.39594,6.4351654
-18.597897,-4.532251,43.59283,4.900528,8.740995,-66.41812,-35.960087,-4.2496734,-7.860709,-51.59613
-46.85713,-17.191484,-25.934437,-10.143791,5.4403334,62.378006,24.748617,26.404991,21.22677,-37.40241
-31.591373,-76.34611,-8.606042,-27.793594,74.13538,-30.376802,3.075202,-9.009382,70.73745,20.801052
-17.683317,17.10936,-0.43823817,-7.051428,0.9523459,25.14611,50.637558,-27.531172,-2.2013106,-54.369022
-45.284325,-47.418476,5.3794947,-41.850906,4.519002,-33.042515,29.822336,-32.58288,-29.911364,11.436338
20.628038,3.570679,-43.528557,-67.145874,28.932713,7.556608,10.980576,-13.52094,-96.67144,40.781853
-35.36682,-10.74964,-27.632084,-83.17241,-35.374386,5.2984214,-49.494312,22.61427,-1.6598635,11.726109
-52.495018,-43.277725,-18.94101,-14.588878,-1.6254843,-60.28701,13.403214,14.404218,-22.336077,32.146183
-29.812363,-26.54764,-12.930585,16.203102,7.967506,-52.518032,63.182236,-39.316525,-33.57758,-43.004196
-42.642258,8.112616,-55.52794,-28.121693,-26.059517,40.058853,43.80901,-6.4023376,61.266663,-54.932186
-63.04318,-18.745796,-28.167091,-58.00959,-20.64451,28.685429,-27.339798,-13.353569,-42.7534,6.394416
-26.127213,-33.766262,-32.063805,-82.491905,-30.585718,0.26953435,-36.112305,21.94932,-7.7683253,6.890071
0.93959576,-62.34887,-26.10882,-29.614538,14.920113,-6.430642,50.957516,-74.62316,63.55526,11.614544
-0.37543342,-39.4936,-27.528082,-16.667925,-1.245539,-3.6140664,5.0398297,-9.276695,-56.180374,74.70379
-3.2982233,7.969709,21.808777,1.534985,1.4791894,-66.87375,-19.067547,61.041786,-25.771902,-91.50342
24.591074,39.38896,7.0085955,2.2685246,18.795488,-63.921333,-34.50344,18.20799,-42.954166,-79.7766
29.64763,6.3909087,51.12335,-24.303513,-25.26712,3.5483198,-19.212595,30.919498,4.43967,-48.79287
-18.716171,-30.968029,1.4287789,-22.104101,15.978303,-47.914703,26.017517,-50.971333,-34.011845,-5.476121
-0.105490215,19.473682,6.5859046,27.602243,22.867903,-20.375526,29.270164,-53.59915,-24.014977,-62.844196
-19.54663,-33.669518,5.657384,-4.9838605,-5.6860523,-59.215607,59.29753,-65.063416,-33.142338,-9.454356
-28.777555,-41.386898,-18.589495,-39.486195,30.12711,12.700603,36.995144,-30.448774,65.92788,1.4080765
11.192628,9.991573,12.466651,-24.062883,-12.129244,-61.724117,-31.56652,-6.635801,1.6272566,-62.313835
-34.901276,-92.50028,9.359765,-48.040123,36.02184,-14.658134,47.500267,-20.1883,23.226366,7.7031784
-53.054058,-17.3348,-53.43795,-38.343586,2.252766,-25.322697,-22.268024,2.8567421,-56.010582,26.029242
-31.114605,-52.795334,1.3234274,-28.460203,57.900852,3.3946714,53.767223,-37.74897,58.95435,14.650539
21.1858,-55.4377,10.793085,-10.610492,42.214584,7.8125734,73.16536,-47.247044,47.882042,33.0919
1.2624807,29.768919,-0.25185254,3.6989737,-11.378195,67.644295,0.1590867,-36.157467,46.551167,-25.377306
-61.264935,-53.89359,13.751372,10.262585,-4.5321107,-42.94043,38.12086,14.991907,-81.165375,22.063042
0.3304244,-19.497118,-60.276672,-60.965965,15.653087,-33.122448,4.220576,-18.842985,-38.069492,31.38595
-37.622288,3.480692,-65.912315,-31.979544,10.674518,9.906166,5.976288,-13.563692,-0.49825904,-24.3657
-49.97237,-56.54769,-13.934124,-29.57439,7.596355,12.087112,47.766098,-79.828964,78.32023,35.31412
-26.430962,10.246119,-29.292227,4.581484,-7.6401105,81.219154,13.255894,-17.873857,76.37241,-12.490532
15.071574,14.085639,38.47373,12.157816,17.725098,-79.791,-15.722031,22.840038,-20.420866,-66.47583
-42.61394,6.8028936,-19.60401,1.8434895,-0.5341933,40.49047,37.294044,12.376599,56.456963,-51.818226
-40.182297,-58.31087,-41.309486,-18.287735,17.694687,10.083674,8.769956,-34.043633,47.21357,10.650875
0.45978558,14.225016,-47.271957,-31.445147,9.910291,76.232025,29.359676,10.109712,17.690977,-57.1952
-56.360455,27.148224,-45.919193,-40.4895,-7.7734966,28.693638,45.730087,28.225977,40.479683,-70.89019
-38.7653,29.491274,-44.47962,-24.037966,36.79967,45.140034,53.636074,15.0292015,32.6623,-44.095417
-21.848988,-57.06759,-11.857756,3.4732232,10.942328,-68.236115,56.031525,-18.023582,-22.185268,-45.48193
0.0538401,-78.30576,14.953069,-24.20038,20.478666,4.461557,41.62588,-43.826763,86.12768,-3.2717445
-22.210384,-2.7300215,-36.429203,-6.4900737,-9.066457,40.751343,54.262455,11.368971,49.54581,-20.525572
-5.7592373,-62.13978,-26.606955,-39.550453,-39.792976,5.819852,-3.5591636,-25.332352,-36.207985,58.63279
1.8728349,-66.49545,11.092529,-62.39488,31.387785,-13.886015,11.548313,-78.57168,69.53809,-8.458256
18.877098,-59.4321,1.859292,-58.01927,27.357304,-2.3581471,22.323017,-35.872612,54.48692,31.58241
-35.49976,-28.794537,-13.783667,-4.336727,2.1888673,-68.86942,55.91645,-33.490208,-45.751053,-33.86891
-46.942257,-47.847916,28.825687,-12.2534275,17.93071,-54.38925,23.589478,-36.770424,-25.795532,-4.7951183
4.5595326,-15.691178,35.616455,17.963057,-14.145758,-35.255764,-33.008587,0.599466,-12.641984,-68.86392
-14.297635,-69.3849,-3.3512967,-50.061592,29.662336,2.3853712,16.27499,-10.890252,74.96162,46.881275
-36.11005,49.53972,-48.29137,-46.10464,-8.660559,45.60747,14.746657,-8.420952,34.662773,-30.165308
-7.652802,9.339466,-2.8934078,3.7661624,-24.167713,25.627483,-9.391444,-0.18944101,37.930096,-53.668285
24.060455,-40.61588,10.222091,-15.247063,28.580395,-11.772669,45.279755,-63.654892,57.62628,0.8668568
-6.4706817,7.8300242,-8.200184,-32.890545,1.1084657,12.284224,34.570553,27.814594,-29.711668,-74.94079
-13.075957,-46.497795,-57.979156,-60.97387,10.897243,3.4507504,4.0256076,-25.479347,-13.085336,10.807152
-52.10398,-65.18966,12.453673,-21.08837,-18.269447,6.2749434,35.990112,9.057779,-59.939465,27.132471
-24.989101,-16.496243,-82.3531,-34.093266,-35.62062,36.471863,25.575819,15.436717,-18.719143,40.763016
-23.678543,-23.029455,-20.01039,-17.657732,3.6265712,-2.772868,34.227947,-7.2655864,13.366514,-23.041555
-33.284546,8.457544,-46.527584,6.9671063,-7.4487333,80.186714,28.943417,-28.303492,67.62987,-26.401176
-25.189692,-2.9676192,-31.536388,-7.2070947,16.820316,64.70264,48.771946,4.044341,36.819984,-58.18123
-64.83532,-14.572012,-29.352158,-27.97119,6.5986934,42.259808,13.593007,7.2053056,39.22637,-49.9118
15.89764,-32.507076,-2.9577885,-16.218237,32.540264,-9.370807,48.810593,11.528215,59.312683,19.83727
26.20156,26.191475,14.161041,-17.105564,0.45529562,-35.82231,-41.56093,22.638432,-7.7852182,-42.617626
11.264409,11.013053,4.829141,3.4928179,31.116531,-62.1726,-13.370792,-37.94208,6.4979086,-33.757206
-37.993572,28.152245,-77.588196,-30.478527,10.288431,23.773,9.496506,28.095442,1.9462979,-4.1916146
5.1916323,-72.07879,9.28758,-37.492397,42.520546,-10.22805,35.758427,-19.056377,49.38314,-8.756761
-36.798595,11.403794,-36.742958,-40.90438,43.812344,47.132355,41.79968,2.019709,39.731415,6.3056116
-26.506725,-45.85155,-30.016666,-10.515628,82.69449,1.5887045,26.524128,-26.587729,64.61367,-21.264277
-22.493107,37.83502,-48.564598,-34.888844,21.273624,57.50727,45.43967,-12.435829,50.890015,-41.51443
34.520744,47.494682,10.523482,30.208246,-3.430044,-49.118202,10.706569,-5.346464,-25.410725,-52.641766
-35.452522,47.703335,-58.700485,-43.12646,-5.132015,77.34499,41.899994,14.388039,25.302032,-25.446634
-15.385598,-29.720104,-55.87682,-75.360016,-29.44602,0.5982126,10.049884,1.5963309,-34.88484,18.834785
15.991224,13.67267,52.294018,25.94527,1.1128662,2.922461,-43.6394,-46.102924,-19.302149,-75.26832
-17.693205,-27.971334,-43.19606,-27.81661,9.399591,14.405142,47.505543,7.4666266,71.125854,-53.16726
-28.020033,-21.987139,-18.73807,-4.1047635,25.870913,34.81889,63.92039,6.7535954,33.176548,-29.149788
14.222372,-46.25052,-31.157171,-34.32984,24.164646,11.018569,59.359043,-48.165314,14.332726,58.52577
-34.229404,-74.129395,-4.766623,-43.582657,27.009739,-0.41578412,78.1965,-27.64753,43.30417,17.73068
-45.605347,26.567368,-48.541283,-42.342525,31.981462,46.915367,40.597496,21.05371,40.71608,-55.16281
-32.357685,-6.674956,-3.9939706,-57.6282,-16.769403,-35.27731,26.695395,35.07271,-38.67476,40.18105
-8.738207,-72.07978,4.2501736,-50.073853,54.227394,12.150532,13.314369,-9.4086075,90.98379,48.467995
23.114191,22.332367,-1.2881228,1.8989195,19.395025,-33.534245,-41.439182,5.480071,-13.3718195,-52.67581
17.720966,-49.40747,9.283994,-33.468708,22.228493,-17.872145,38.92932,3.4176457,13.316608,2.6282938
-37.855667,-22.041752,-19.088793,-24.751421,33.81035,27.988327,49.15175,-11.263159,21.186794,-27.753023
-8.094247,-39.34499,-44.89229,-13.633959,37.09264,19.290966,30.082617,-25.716335,57.94217,21.405901
-23.092628,-10.513874,-46.806908,-6.514131,10.508684,21.520834,45.05805,39.340588,-18.322361,-47.89212
-27.802961,-26.264343,5.187129,1.1875459,37.623264,-66.87069,-15.631695,11.748617,-7.610021,-38.73623
14.620901,42.472767,10.945463,5.00949,33.596767,-49.054516,-35.187256,25.25992,-33.982193,-68.14904
17.645027,-19.937876,14.254051,-8.659436,41.40351,-24.650099,33.2563,26.025986,29.672056,8.355816
3.8525352,-11.40231,-11.511126,-88.67538,-4.6507607,2.7502499,2.7125735,-24.911116,-66.67001,13.544387
-18.045639,-21.30035,-44.63544,-25.58728,36.612217,1.8701366,45.069492,2.8886986,89.77195,-12.93954
-26.619034,-55.022923,-7.009998,-17.880241,15.728598,-71.07308,65.90376,-12.943091,-14.251357,-21.207539
-19.76505,35.041283,-49.251644,-70.64108,-7.426292,42.74294,5.5888357,3.310983,-15.503539,5.0111666
-33.36251,-47.97566,8.650881,0.72476375,-24.308924,-77.29012,58.314766,2.082125,-40.24044,-33.859127
6.198063,25.388248,-28.215576,16.913773,-5.1396804,49.821156,14.748267,-36.87744,45.599045,-42.55301
11.313385,-74.02271,-28.930077,-25.345348,-73.77384,8.4268675,9.191412,-28.347885,-30.576258,56.619728
2.0289984,14.794097,-5.992234,21.619549,11.097143,-24.207304,6.220671,-46.09245,12.1260805,-65.46459
-37.081356,-39.843887,7.4465094,-55.91644,-16.64504,-25.670795,13.723981,-5.707016,-15.398989,33.63223
-37.061287,-8.763679,-53.80339,-54.485897,-24.188364,-32.00076,-41.969944,24.204428,-35.41321,-19.29649
25.10476,26.520035,5.8705635,-7.735786,-10.005247,-49.06883,-38.20255,-20.497705,-3.2451704,-69.80973
-13.918906,-12.016887,52.45148,0.07472098,14.912808,-36.077057,2.1551208,-39.40896,-41.02451,-44.11293
5.9093475,-54.340965,-28.812086,-20.360914,12.868889,2.0627213,37.393192,-22.747618,78.092224,33.20053
24.93897,1.124859,38.43172,-26.573866,6.6906896,-39.58845,0.10355073,4.230916,-8.657034,-88.90294
13.999241,-87.4133,-19.623339,-30.973366,-5.392718,-45.080883,20.843014,7.410552,1.1419971,4.213236
-39.748703,-51.66122,-0.81755394,-32.76595,-0.5578067,-13.061975,25.166098,-31.754423,-22.106604,17.279268
-20.213184,-48.431797,8.594264,-11.172953,50.595455,22.880215,83.05334,-15.362621,37.649242,1.9080379
-47.44042,17.249336,-49.099262,6.9402585,8.623877,47.42796,27.703579,-2.3331187,48.13078,-31.96253
-10.153399,-21.62093,-42.228283,-37.848045,45.33001,24.454931,26.312527,13.25726,72.93626,-12.725747
-15.515872,-14.76005,-26.344206,-38.765583,6.7097473,15.105836,42.3367,-4.4987464,46.02836,-50.068523
-24.351004,-49.150856,-43.08046,-24.769459,-35.211945,-10.676045,-20.527575,8.393702,-35.22378,54.721043
-27.647223,46.843395,-59.740803,-40.25491,-2.1931407,48.242836,32.28168,9.923681,73.41838,-60.107216
-12.263927,-3.2175496,11.119805,-11.80363,-20.457071,-56.179394,-37.241398,28.784164,-2.6317396,-90.29182
-56.698147,-23.02436,-31.512255,-9.009353,-9.704624,51.32288,44.1243,-23.042068,31.089188,-35.60114
-43.680458,5.166641,-32.21279,-12.32031,15.422969,56.39795,36.97236,-2.9454858,59.24209,-66.48181
-28.7508,-69.48558,-35.27188,-2.4965963,-19.132898,26.258104,44.771305,-47.191025,56.818947,-26.332067
-32.52594,-13.201198,-41.890835,-34.06425,28.290512,25.787598,51.89403,13.3193035,53.451065,-64.00478
-32.572075,1.2503825,4.600299,1.907189,-17.985687,-53.408688,16.118326,-14.46259,-34.399014,-15.556492
-10.970909,10.996238,17.42752,-1.2606126,13.169219,-42.455875,-24.040352,-30.229042,2.82184,-67.56774
12.84881,-58.385735,-17.269371,-5.5473366,31.831654,0.50430715,65.535385,-44.257324,59.890327,11.366154
46.4129,5.538774,6.7786283,-22.565653,26.137604,-22.543312,-33.224396,10.573882,-9.099171,-63.311382
-22.606628,22.141844,-26.048048,1.8966507,16.045055,-62.619694,42.25747,-20.182354,16.549513,-48.714783
26.7868,30.965036,38.93055,39.007133,-8.597904,-37.92362,-51.758377,-43.100754,4.0373015,-56.59317
-29.723524,40.236217,-28.806358,-52.97769,-13.276908,10.367975,24.202772,26.762535,34.639244,-72.93356
-19.204456,30.501244,2.5842721,-21.02704,-30.573668,37.45341,36.27095,7.5813217,37.733234,-35.483517
-71.51721,-12.684867,-30.308764,-3.879253,8.9843645,-30.656208,0.47706997,10.664475,-22.811356,41.432392
-12.066746,22.704084,-56.069687,4.9164968,-3.9607255,75.629654,43.40443,-22.620502,42.717472,-41.108162
-40.238182,-60.774776,18.033447,-36.017338,1.2207253,-51.3557,27.203785,-25.023464,-2.256056,12.178088
-32.2757,-23.518747,-51.795387,-20.1448,-12.556663,33.3085,30.574766,0.9172136,3.052804,-4.687698
-36.120205,-37.607616,29.315353,4.614659,36.069386,-49.037415,30.809788,-42.483047,-19.767578,-25.242874
15.161979,-57.13112,-3.4027936,-23.858562,59.037697,17.627747,49.079643,-27.55042,77.53331,35.808105
17.121891,16.224916,-2.6144006,12.940591,-28.475084,-48.726418,-54.265755,3.9076927,-1.8307806,-28.421303
-39.950657,19.191282,-45.21415,-17.296064,12.212803,84.92601,43.832813,-22.524239,48.500137,-45.40091
-7.64967,-39.574253,-0.3072215,2.1136994,14.683589,-65.188354,36.122135,-57.174145,-12.95465,-22.06482
-38.28157,18.527288,-39.91826,-23.953072,28.681149,33.95561,58.551258,17.53233,35.887978,-55.50625
-39.724136,-61.454983,-37.345287,-62.932,-17.840193,-28.620249,-35.513172,-13.365741,-9.562685,10.6112385
-26.406694,58.85434,-68.21474,-44.733055,4.191867,75.42234,29.64726,8.71513,42.08332,-21.55841
-44.79219,-45.492172,-14.634494,16.275764,-10.811906,-38.367424,55.277817,-26.90935,-7.769902,-36.452747
-1.1775599,-22.121521,0.5734093,-8.846636,15.220407,-36.979527,11.544515,-5.279126,28.367538,-47.151722
-34.016834,-68.628494,12.8688545,-20.07239,-8.288627,-73.367195,72.1716,-23.602718,-45.315624,-0.9770073
-40.062862,-5.8474617,5.052463,2.985508,41.248474,-36.874607,39.005047,-57.540955,-21.040081,-16.310728
-14.628585,-32.52649,-53.728767,-27.648619,-1.2979281,-7.368396,3.5589495,-31.67265,-31.064262,38.726837
12.170855,-74.887474,-45.342846,-41.394516,4.3888144,-39.20331,15.026678,10.47925,-30.675951,37.426014
-30.285997,3.0552673,-77.99524,-82.87181,-35.39488,1.8402468,-17.767826,15.013814,-22.981226,0.2868979
14.880659,-5.202375,-3.2414658,-24.895517,-28.226547,-37.200832,-34.075714,39.603413,-2.713646,-81.21115
-38.858696,-29.845898,-35.258797,-25.788755,2.8225589,-43.751198,-27.668758,17.973976,-54.641407,30.056034
-45.09532,-43.16897,-48.186153,7.3371186,8.148446,-45.26518,-28.62907,-6.8887415,-14.04445,6.6146317
-16.698399,-79.465195,-52.755386,-33.07125,-10.005197,-28.301334,-28.786325,-29.25095,12.385957,-34.519787
30.056786,26.84762,10.179338,-14.774778,-16.82928,-46.080067,-34.99334,-27.754202,-9.480097,-84.319214
-33.015896,-34.613518,12.774761,5.5834937,46.513206,-51.650955,30.286972,-46.786896,-4.3432884,-36.177498
-51.75052,-25.213858,-38.96553,-38.23588,-9.896295,-27.77292,-32.259678,26.926966,-48.835083,36.881683
-41.38476,-40.0974,-41.813972,-30.299334,10.621519,-8.837586,37.66497,-45.074852,78.96504,37.68452
2.1955848,15.675587,-63.97457,-98.99214,-10.876677,5.725444,15.068558,2.9135401,-51.344627,10.229323
2.143071,-25.113935,-18.176111,-72.877625,5.1954703,9.671348,-10.549609,0.04912313,-95.39602,26.761023
-24.963932,-33.34724,-8.750302,-51.908127,-35.979427,-18.421913,-17.491545,-24.742044,-22.831343,22.457285
-20.21022,-7.9155684,-79.06942,-20.601503,10.590163,-24.623535,8.077371,-21.583555,17.71944,6.5969515
-35.045574,-63.261215,-43.035725,-41.848114,-32.844753,-2.124113,-16.200106,3.5275722,-16.885958,24.508308
-45.52023,-57.37376,13.995544,-29.846905,61.364532,-32.612995,51.80707,-38.898636,57.488903,27.00137
-21.779987,-35.004898,-11.969559,-16.608461,2.5883331,-74.59711,35.380093,-51.51115,-29.532495,-18.165638
-12.577833,-51.777584,-3.1467004,-32.955997,45.705635,-0.9020018,46.28125,-17.695515,62.70521,17.1201
-42.89965,-12.25929,-37.26414,-34.769463,32.239685,23.681988,32.926964,3.2769687,56.035812,-27.714746
-18.831291,-21.046305,1.0164785,-4.793814,-23.052464,-25.471016,64.471436,-18.758463,-57.96269,0.9561236
19.146095,-50.732735,-12.480983,-11.341146,16.20012,15.060817,51.69248,-21.314795,76.19979,42.740948
28.052591,9.112812,-37.13497,-87.17792,-26.655628,4.1757326,48.481804,-38.20994,-66.601585,15.663948
18.156225,2.668043,-43.039795,-69.197266,-7.839957,-15.813646,5.193833,0.8278727,-56.27433,53.228092
-34.952335,-16.234499,-32.97929,-8.847075,14.279663,38.7631,59.127766,-18.232183,40.589184,-27.645414
-43.22377,-15.734819,12.781802,9.841665,20.65138,-20.98626,68.96174,-24.54835,-31.56467,-34.1307
-67.495735,-8.231312,-30.955395,-36.344448,29.672277,34.495136,20.512775,-2.3796816,50.63956,-43.352825
-39.912727,-24.20625,-56.63524,-51.28339,-47.678787,-30.339563,-29.597242,24.354929,-22.781433,4.542268
-30.049137,-18.662043,-10.381397,3.1264596,-1.5570691,-50.86161,67.7183,-10.643328,-43.071316,-12.648871
-41.06022,-3.7006254,-13.01523,-50.790512,2.1428633,27.089272,59.007168,-6.802801,25.25891,-51.699158
14.858252,2.9287717,-16.119389,40.477684,-7.3649645,-21.123402,-25.078197,7.4011517,13.955198,-35.831486
-42.022083,-67.78286,3.3259447,-53.937775,55.117317,-15.830934,27.359304,-20.184984,31.007599,-3.9881206
-44.642536,-6.0190606,-10.613721,-68.2229,-5.793435,28.119223,0.6571059,-9.1717005,-51.066444,22.790052
-59.229244,24.579866,-29.049372,-43.90537,24.581512,45.48123,60.3129,3.8617656,40.758793,-44.59133
5.9766803,-0.23755904,-36.085854,-32.63617,3.0260777,-24.844807,3.4386578,-17.999945,-94.42717,62.538128
7.3028455,21.926632,-22.134323,-54.529053,-0.5633039,35.823895,39.371353,17.303429,-7.2316213,-66.35181
-8.352513,-15.405186,-58.517277,-62.37933,-1.0389783,5.727012,0.7656351,-48.11492,-40.226105,37.969563
-5.531573,-48.03038,-36.73808,-19.36531,25.310707,8.744936,19.12667,-26.53676,29.035255,11.95092
-25.909567,60.706707,-52.820244,-53.31503,-6.1922092,67.32109,22.911518,20.305908,60.543438,-40.127296
-8.276947,-23.351074,4.123838,0.59734094,53.62623,-38.631084,47.46901,-56.135197,-35.471607,-20.846489
-24.165426,-32.97857,9.675957,-15.555545,24.141943,-61.88674,68.91346,-58.277287,2.0601494,-27.021484
-34.113552,47.801594,-38.947865,-15.739907,-27.356644,52.37525,41.884743,-6.5647597,52.81652,-14.444085
23.84392,-18.51842,-60.716366,-76.9572,-6.853481,-18.80133,-16.973206,-2.9886954,-49.935177,-16.541395
-13.079055,-51.934658,-33.863712,16.99567,-26.133034,-62.765396,66.82213,-18.38303,4.7917695,-27.715595
53.287556,4.9359236,-18.813013,-28.315336,-32.254894,-47.443012,-56.216965,8.601924,-14.589074,-54.14501
-7.3501544,-40.45592,-2.2908974,15.440218,6.245286,-23.776306,42.493156,-60.31777,-59.927258,-34.06758
-64.50661,41.038162,-30.344034,-40.607384,10.44899,69.604645,32.518375,-11.425367,40.722992,-27.395575
12.09105,48.364838,66.24584,53.73629,22.83956,-65.34964,-58.69352,-33.92003,24.617947,-46.039593
-11.94575,-44.549244,17.025497,-8.957191,38.474545,46.726093,59.276196,-39.179207,48.931877,-19.675047
22.644148,1.0404686,20.080116,1.0493842,-39.49474,-53.174496,-33.993378,44.441708,6.354429,-53.498344
-12.633719,-15.32187,16.903366,-2.1537714,-1.3167032,-41.37698,70.0529,-56.976673,-45.590073,-30.414024
11.339828,-15.171133,-70.4337,-33.659805,-1.0849656,34.480015,23.886475,2.1287134,17.449547,15.273809
-28.55259,-43.622326,-45.97472,-16.406157,-8.713149,-23.107006,-14.817794,18.603533,-51.377674,58.88156
16.765629,-16.515362,37.050564,12.288393,5.9907265,-9.224951,-55.87826,22.554865,-8.887704,-59.744675
-20.822681,-4.914237,-49.72856,-66.95234,-15.756433,1.3741537,5.515281,-42.30213,-49.964577,44.539143
-12.567693,29.945803,-49.208946,-63.41354,-11.186037,47.95647,25.015688,-8.670325,2.3127334,-7.9781837
-34.225227,4.540127,-51.08782,-65.68537,-20.039923,26.472382,3.0828564,21.628897,-58.41859,31.910994
-25.933647,-27.294918,2.0303583,-9.643347,45.704033,7.052331,48.86273,-22.606031,53.716076,-11.591682
-38.091343,-44.188244,-57.647224,-32.651848,1.5752163,-21.738777,-33.67678,29.289213,-56.020477,40.06792
36.88315,-23.264416,-11.712669,-54.48125,-34.895725,16.590254,17.23831,-33.516853,-30.297253,81.416565
23.307793,10.699245,56.992332,-10.40663,9.588254,-0.1294343,-5.095164,14.842773,-7.5074944,-68.92995
-8.225051,47.682278,-50.47156,-8.004977,-13.63135,50.40332,18.187078,-19.634226,59.464325,-30.622469
37.46933,-28.4805,31.121124,-14.405516,31.686989,-42.8312,-5.9940205,-3.2460544,-2.3327866,-99.36016
-10.224703,-34.484272,-37.545155,-48.41044,-25.956842,-27.944708,45.5706,29.305803,-47.318027,52.102444
45.902782,23.429396,3.3043795,36.152718,3.0308585,-30.871525,-27.677193,17.334139,14.102377,-54.61252
9.536774,-50.97984,-19.162897,-22.375587,-11.383707,9.780827,36.635384,-20.382275,49.04863,12.834881
-36.250286,21.223728,-42.86082,-47.6486,-2.1798213,44.699802,51.955505,-10.913457,32.95675,-27.05691
-14.04871,-74.94299,-3.5373495,-38.06881,39.990593,-10.426062,53.546,-49.95762,47.0466,4.5067644
-19.13172,-39.6395,3.007545,27.36795,-17.131205,-24.654509,23.648224,-52.193707,-52.360256,-32.586945
-19.88254,-40.682453,-13.234236,-5.314302,-3.2376735,-65.07636,71.95001,-48.08127,-39.05285,-42.260548
-25.669561,-33.496872,-6.4824724,-4.827218,7.7964773,-52.202457,61.775787,-35.90457,-11.06295,-40.35623
-38.370556,-10.05955,0.07508814,-49.03308,56.33708,52.128307,49.78357,-19.279892,55.55696,-72.7181
-21.030327,0.19441178,-28.531439,-53.988674,29.409567,23.460524,43.586296,-19.649267,59.88501,-37.776646
-28.548803,2.6550364,-61.878853,-85.12072,-39.23485,0.091427445,-34.399014,51.281322,-28.476046,23.109434
27.893307,-46.822456,-35.03091,-56.498405,0.07304165,-47.91666,16.529285,1.5722961,-22.256708,21.706175
7.090269,-41.589516,-1.5846695,-41.022717,-9.423703,-65.91961,42.008583,-2.8709366,-35.0247,3.2971275
2.00594,5.808379,19.738083,6.573252,-4.5650535,-62.042263,-11.882905,9.215391,0.5670626,-66.23849
28.582138,16.753675,-61.496758,-87.34554,-4.294191,11.531524,71.967514,-10.355335,-98.24299,31.958452
18.097645,25.637535,34.48728,13.349859,-1.1391284,2.482769,-44.8704,-40.947433,-6.8446503,-83.5533
-14.465382,-59.034958,-8.424117,-16.899014,34.7081,-9.996396,31.541922,-6.3508863,66.1511,-13.585703
-17.841139,-2.2877553,-15.532147,19.913157,-27.332972,-32.91984,-1.3756132,5.4025917,1.8507898,-27.218878
8.260504,-88.89509,-17.951197,-15.682099,33.804073,-40.916183,36.36548,-9.90481,52.66191,-16.035585
10.534648,13.931515,4.500271,-1.4867028,-13.135238,-29.09324,-63.869083,17.445793,-21.469109,-17.234808
15.239795,-14.426768,-62.353836,-81.945885,-13.971657,3.8209414,-7.7610245,14.529746,-41.468685,5.0745106
-0.5371561,-18.525818,-4.7572794,-26.532457,15.161476,5.4299946,35.470867,-43.348427,-6.0898147,60.532505
-23.085474,-48.579094,-26.429296,-44.776585,33.081707,14.613958,44.538303,-32.74087,34.386078,28.647135
-23.150057,-11.2013645,-43.467,1.5937885,9.8504305,-53.144802,13.975666,36.914173,41.93897,-13.872053
-38.201263,-42.67748,34.273483,-11.7791815,13.923999,-37.143394,51.27289,-25.978495,-64.40944,0.88708186
-33.25452,-63.17667,-58.57914,-64.521576,-19.328817,28.808043,6.1425776,-13.830184,-55.887386,3.877518
-11.044904,-54.429127,6.290494,-22.274778,50.766182,6.7702446,30.671995,-30.604109,59.584663,8.367022
-44.648876,37.744717,-65.28536,-34.4958,0.6572543,41.69711,18.972267,1.342541,57.54672,-42.13404
-32.876747,-32.74569,13.429641,-11.017924,32.516922,-42.48566,45.258404,-46.382465,-31.74547,-26.888052
-29.785673,6.8917956,-49.626762,-31.114542,-6.196482,34.542133,48.017944,19.953432,50.40438,6.836686
1.5571821,-58.90469,-16.320005,-41.341362,25.570782,-3.6072307,45.43293,-59.744057,75.21035,8.961985
-24.716349,-37.789104,-1.2437176,2.2233205,-12.371337,-77.22637,69.97417,-7.7431493,-21.932138,-20.6262
19.379679,28.180311,11.218992,6.186585,15.889936,-57.720043,-30.355772,-21.131706,0.45595166,-52.06258
26.96449,24.558598,16.621994,-4.5857635,7.3907704,-57.208218,-33.8394,51.905785,-2.6956656,-40.85493
-46.483627,-60.458813,-1.6635432,-33.982407,49.74857,2.5104036,56.569252,-28.346682,52.32969,11.714193
-43.90632,-12.174138,6.991526,38.93785,15.868437,-30.232582,50.978836,10.046921,-59.644394,-3.4513965
-5.6232843,31.06702,19.620476,-22.704868,-47.391743,-31.666376,-1.6584786,4.2131777,-45.426567,-100.98932
-44.71718,-16.865646,-41.46226,-38.09402,-0.40806562,24.403637,31.807875,-52.19205,26.020576,-5.1926246
-10.641351,-30.94343,-45.20659,-27.160885,-22.705091,25.854254,41.967087,39.101803,-35.984287,-2.2276013
8.831285,52.391895,14.936099,-10.885172,-1.1954381,-41.05015,-41.342743,-6.9607105,2.0186884,-71.50196
-25.384714,-0.26999244,-24.027924,-15.160224,36.50397,27.249832,43.49569,-8.701364,40.830467,-29.81796
-13.56104,-53.664223,20.517677,-47.54017,50.521038,5.0051994,47.150314,-39.81332,48.2332,12.098496
10.466771,-33.498043,-46.449913,-6.155261,22.144836,6.49358,46.421707,-37.248386,88.051796,56.364326
54.935844,-19.627762,30.936565,-28.0944,3.6128635,-21.918892,-23.996735,-17.313227,-2.1744382,-88.16808
-21.755783,-35.16573,-26.099888,24.519173,-0.008511494,-49.96934,59.038048,-11.247657,-15.252842,-36.607555
-40.96724,-54.4998,-19.48339,-1.3134818,11.996386,-8.344502,39.562325,-27.639864,93.204216,4.2073927
-29.401373,-7.173025,-27.36343,-78.35644,-22.390106,35.29628,-0.5480252,-23.119267,-68.22585,39.05251
-24.250608,30.191254,17.001621,-42.031227,-17.527437,-13.5048065,21.860077,23.477606,-24.923431,-75.48851
-32.08473,-57.018097,22.452522,-33.179375,-5.766888,-59.86386,21.258392,-8.328035,-20.052904,18.973711
-34.799908,-33.00121,-27.912458,-6.0826254,-30.2677,-78.676735,62.701748,15.4779215,-53.74197,17.664959
-19.334429,-12.989514,-41.313236,-31.553661,-40.153866,24.945293,31.587542,12.116642,54.40387,-59.67299
-18.277447,-14.312651,-31.908323,-29.176247,45.47388,36.871063,46.647816,22.961224,55.724297,-55.937637
1.4273529,18.409742,37.55771,6.6116147,-1.7845187,-75.04061,-49.61031,21.209818,1.8332238,-34.364964
-50.68648,-5.286751,-33.936073,-23.1213,-4.713165,-38.09247,-3.2696826,14.659638,39.552967,-35.26383
-16.901806,-35.798515,-44.58686,-42.55819,13.263777,-10.565641,4.854131,-36.509792,41.623077,-14.975198
18.998507,-15.701822,7.378829,-6.833439,4.90606,-67.16432,-7.445385,-5.330177,14.616681,-55.151142
-48.08003,30.058828,-37.048927,-41.67985,27.712557,47.218887,65.7256,24.21527,44.060966,-72.063446
-32.586197,2.3026497,-34.93445,-51.873528,29.162521,35.00518,42.054684,-17.341406,71.825325,-29.396297
-15.250009,24.040657,-43.000942,-1.6657735,-8.573636,54.433094,8.429085,13.331707,41.67256,5.459878
9.76664,10.465985,36.55032,4.3898554,-7.586212,-59.021927,3.4550977,-3.750924,-1.5008172,-78.73109
6.787485,23.886608,19.548378,3.8809924,-39.03335,-64.24114,2.9875274,34.85647,-36.3788,-83.58563
22.714554,-21.117558,32.640957,16.477259,-18.286654,-35.378117,-35.417484,41.664165,9.695015,-35.09195
-20.713764,-50.683624,-14.209082,-12.528686,34.602486,24.541462,21.997272,-25.118547,74.16639,-9.148574
-4.3266172,-45.894573,-8.520455,-11.652148,40.903336,27.978165,24.340754,-57.59532,68.18492,-37.6015
-36.63765,34.720486,-44.59076,-14.28556,15.718235,61.922844,50.095192,10.103839,20.605064,-9.459434
-26.581413,-62.790897,17.82642,2.389546,-38.64292,-44.246433,58.271427,-29.399046,-30.229239,-40.531532
33.769764,-49.626846,-13.576486,-4.15028,50.64029,23.49349,43.3381,-32.831802,73.586266,26.120272
-38.038193,16.939049,-45.407017,-49.358578,28.597103,45.15958,29.749838,13.8088455,38.769695,-62.429592
-66.90812,-5.053943,-30.607958,-20.740736,-3.5270822,64.06063,35.31549,1.5379313,21.853573,-1.3952321
16.68965,44.096935,13.297291,3.9700646,1.6743534,-50.27017,-36.55194,-16.890797,6.236983,-42.312466
17.095434,-18.953081,-48.9224,-88.80718,-32.566685,22.450714,16.385225,-27.890415,-76.604706,35.627964
23.666569,1.1239249,12.870075,-9.254382,-26.01981,-48.827595,-1.5828121,18.359966,-16.138311,-91.109924
-46.089073,48.168438,-42.382305,-40.25147,-6.930168,51.325375,27.647417,18.875826,44.366814,-32.71891
-33.56315,-8.243626,-61.60449,-47.528927,-8.849242,1.9456731,8.697475,-39.300564,-21.321634,43.799713
-18.171648,-11.813301,-3.6320367,6.3708777,36.98776,-49.5151,65.918365,-52.92487,-28.712584,-40.84377
4.271572,-3.8456683,-49.376705,-31.130192,-5.7665653,1.0616523,14.036106,2.472531,-60.94847,76.05038
-39.16215,-4.186063,-29.826073,-41.304653,19.328943,14.99509,46.005264,25.26461,46.639282,-47.023823
-49.116467,11.611031,-56.62105,-35.769802,-10.747198,10.780833,9.939202,-23.388742,22.447178,-31.373653
-12.566168,14.397243,-54.900425,7.3190856,-4.6679444,65.18913,44.30995,-25.748678,33.96782,-44.480076
17.694359,-22.784994,-46.146404,-54.84215,36.011147,16.34722,5.6421065,-20.502457,-89.09262,37.022274
5.238419,-47.176605,16.72342,-41.01236,39.017136,-2.9531295,43.020645,-50.565983,52.207993,10.100747
-9.762844,19.652523,1.0856814,7.9050384,-4.4162574,-17.571123,-4.3085284,-38.738873,16.053606,-69.73469
-29.300358,-3.7731814,-37.859535,-12.675267,-53.348133,-35.984024,-52.475708,7.0035086,-37.6216,-19.736193
-21.389025,-44.280052,-6.3713064,11.830543,-10.6666,-78.02021,78.63075,-4.822516,-22.708689,-31.566635
19.838911,12.636052,58.01639,-12.438354,0.79940563,3.867938,-22.132484,23.550663,-5.151695,-66.21677
4.57503,23.587564,45.435665,-27.805279,8.181005,-23.724033,-33.014595,5.794558,-0.9739283,-88.41794
13.094499,0.3362129,23.32209,15.872751,9.864538,-57.43125,-33.011776,22.479681,9.001269,-32.457455
-32.28367,-22.208529,-6.854405,20.565706,-13.568042,-27.07798,41.692066,-31.441185,-21.134003,0.5565636
-55.64602,-1.5063294,-36.485744,-13.82908,-10.919898,-28.935572,1.1677879,31.970665,37.541565,-55.190998
-3.2845242,-73.73126,-20.248545,-19.119867,74.38201,23.134983,40.986923,-12.641272,54.222458,-1.8829076
-31.91537,-19.434826,-41.932953,-41.49862,-33.16708,41.73689,39.23842,-7.498332,-8.91083,-0.91448736
35.071873,27.26519,-49.179832,-49.553776,-24.995123,28.680033,59.500813,2.4364507,-93.970665,65.70932
6.378532,-21.766031,-14.965498,26.984253,-12.250719,-37.789307,-14.359739,-1.3474851,-0.23546569,-51.14987
2.2433379,-24.646606,-11.293348,32.898632,12.214946,-39.139378,5.3608217,-13.606335,1.8390043,-62.233047
13.364603,-47.8583,-2.4159877,-54.431744,38.37468,-2.6875224,28.224617,-45.691643,58.25519,29.99462
-36.88354,31.799416,-47.75003,-34.68327,15.169489,68.822945,40.15577,-29.991499,35.372364,-41.912357
-1.63703,-12.351536,-29.124111,-50.805355,20.334679,29.826756,34.530487,-17.0326,84.65322,-31.098558
26.719467,14.090166,5.13224,8.518186,19.828886,-68.43343,-22.889874,48.385998,-3.063799,-71.266594
-25.615047,-81.16352,-37.7655,-36.41628,24.773373,-13.682968,54.46438,-46.13492,97.40911,23.037779
-64.95222,22.710636,-43.088177,-23.866253,-0.03744541,53.136196,37.491894,6.8720856,56.490005,-22.784206
-20.128637,13.428549,-54.705532,-51.225555,-4.430983,34.96729,-21.092863,-15.0355215,-57.695362,37.001774
-32.44298,-5.043786,-51.597225,-22.74254,-24.981054,5.236059,-6.576233,1.6308109,0.7214329,51.96911
2.6377368,-50.258495,-25.399519,-25.481842,58.833153,3.296732,14.04557,-3.6396585,56.744495,10.904299
-22.465836,-38.987022,-12.016501,3.5653806,23.152218,-59.79647,28.745516,-47.182545,-7.5556087,-28.55065
-23.656729,8.424517,23.370895,-29.083044,-23.788088,-29.572962,13.06564,25.893566,-18.353949,-60.345856
-23.240103,-35.929382,23.364513,-10.781848,8.258315,-79.681244,61.293793,-24.050726,-50.443176,-3.3269773
-34.67644,-33.643055,10.627674,-7.4796624,41.95469,-48.240982,36.25652,-45.0492,-9.225917,-9.307426
-25.68091,-29.702295,-0.08007805,10.873226,41.023026,-56.721134,49.69955,-45.189114,-6.0724397,-37.57893
-30.119938,-31.950745,9.687434,-3.4803345,23.706623,-63.43524,46.94321,-42.0604,-5.2011366,-23.551455
-44.734184,23.31675,-28.034967,-11.997883,-1.0735834,49.38335,40.452602,3.0032647,76.12849,-40.520523
-26.779556,-38.09043,-57.192486,-62.273483,-22.07637,54.90815,20.762634,-19.489515,-66.1155,20.860884
2.3645856,-34.72146,-29.784105,-27.338583,0.20131642,-7.431271,4.04303,-48.41652,99.91656,9.433417
22.374043,-42.224113,-61.6176,-20.449009,-7.4048204,27.123243,-0.2645657,-27.15918,-77.85267,40.225407
-33.488228,-25.902863,-58.244843,-72.003845,-28.895409,2.3596916,-33.93502,25.133604,-23.96217,6.173438
-33.261513,21.488003,-45.87636,-37.427315,17.936735,37.75134,39.836235,0.9821413,64.17451,-56.507156
-30.560503,-37.19892,4.3193693,-21.341726,7.4201155,-70.54585,31.460253,-8.904588,-36.05056,12.194293
-48.156116,23.909533,-73.075356,-37.146374,-9.972247,13.301873,11.106757,-13.73541,10.484826,-0.6359727
27.56947,-61.092712,2.1705637,-40.091125,24.25842,17.418615,47.299965,-14.549671,73.88356,44.15692
28.572165,11.392103,0.660586,6.283583,-18.775211,-30.526728,-56.095222,29.559704,-5.219404,-17.19405
-7.8991137,-78.22154,-6.9671597,-25.602947,60.077095,4.680003,54.832916,-19.911848,34.52362,13.045007
-29.553638,-13.613854,-5.77493,0.4509169,7.5591006,-16.334883,42.865704,-0.66457933,-42.360382,-56.487385
-39.685608,25.193068,-31.876003,-12.89295,-9.683949,44.57332,49.01976,-11.930201,63.0435,-42.92665
-31.065838,-20.896877,-17.852207,-55.945164,-44.110977,-2.017833,18.097418,-18.88103,-46.568687,36.35937
19.544346,-72.683174,-6.7051725,-42.089455,11.711693,-46.311394,17.502953,-14.522036,-5.1127286,8.524974
-5.8144236,-46.786236,-11.536279,-0.25163984,1.3872039,-80.76226,75.54505,-6.9451613,-35.037178,-43.08725
-3.4981148,-33.697258,-33.344048,-36.9139,-3.684363,-11.966828,9.078569,-2.665978,-61.317474,47.557785
-19.536957,38.335014,-41.656696,-29.797523,2.5038784,4.1201353,-6.764627,-18.599833,70.85538,-46.464798
-10.429794,-7.044776,-10.145105,-15.806325,0.9172128,57.015896,66.92343,-19.562536,51.095566,-54.183445
-26.680927,-20.123394,-10.43943,10.264874,9.465427,-46.754665,52.974808,-28.501339,-21.48415,-11.459489
-33.50962,-13.560712,-10.250376,14.566076,6.6652913,-23.70078,71.97109,-53.743828,-36.657166,-43.187084
-31.795984,13.508632,-69.416016,-103.89685,-38.227146,3.3763528,-15.596374,-0.18224467,-44.461926,9.217406
-56.171326,-16.259798,-33.779236,-46.63366,39.387985,38.483284,15.92796,-0.92238885,67.20626,-52.10568
-25.756302,-50.309166,35.376225,-4.4977636,1.9615285,-44.72494,55.331715,-30.696081,6.0702977,-31.104307
-30.125694,-77.80886,-17.319784,-20.540972,40.29168,-12.783625,50.006138,-29.70348,116.350266,24.890038
31.34698,3.0945776,9.585839,-33.989094,-47.33582,-18.231438,-13.250473,28.651287,-10.987102,-82.31091
-35.38125,19.677141,-46.308716,-34.15114,6.772301,32.94771,51.83234,-11.199521,58.939457,-56.77707
18.870203,9.584757,19.134953,28.834522,23.463684,-41.13933,-43.929813,50.73571,-2.0396333,-27.309639
-18.254303,-38.359604,-20.844809,-6.2798343,-40.37921,-42.48181,-31.667704,-6.4280596,-9.996224,3.0602496
-43.208416,21.631636,-46.117,-48.808144,16.899704,52.11284,35.62667,-6.5362115,63.13724,-36.30298
-34.88872,-45.363758,20.945412,-20.42217,8.197179,-67.734474,47.853535,-43.561745,-15.444602,-4.8134713
-20.36383,-6.7644477,-73.37393,-41.00649,13.699386,-19.135326,-9.358841,-20.07753,-56.792927,30.015516
-3.250291,-5.1354604,6.175916,7.4135337,-10.003449,-54.965546,-30.96426,53.742416,33.104607,-48.44659
-32.9025,-39.404663,2.9657602,17.343718,12.684361,-34.219154,61.249477,-61.861565,-32.71672,-42.570774
1.0089518,-21.585634,5.027392,-11.126904,-5.804615,-68.08163,39.607758,-67.87543,-33.33968,-7.1604834
-62.004032,2.8021026,-11.084959,-45.084908,7.432124,33.937977,35.04745,15.169869,55.33678,-62.38901
1.1701331,-84.74972,-2.1485858,-36.04975,49.554546,28.435339,21.923302,-56.699654,62.75734,1.7446215
-16.038477,-58.849777,13.013888,-48.29588,40.795937,1.7806484,40.540554,-48.67282,64.2574,12.951017
-40.19666,-54.204334,1.6375391,17.164925,50.53321,-49.63392,62.715473,-51.226765,11.766898,-81.29194
21.976284,-69.783646,-16.972584,-20.048231,50.92893,34.279846,29.165045,-16.018028,75.73501,29.005041
-42.326057,33.576378,-28.744616,-45.880066,32.173367,44.272614,60.308628,18.657536,55.824867,-54.08687
-0.6565474,-66.53734,1.0449677,-32.33657,59.41812,7.2835064,12.597835,-2.913987,61.47538,37.06608
-9.995995,-35.8829,-2.545098,3.35714,34.581253,-47.23056,27.712542,-31.142302,-23.13833,-36.8676
-58.940033,1.5989703,57.94014,6.1750994,71.01343,-22.516453,72.32411,-38.285664,-20.054138,-9.763373
-31.215353,-57.866566,-13.217252,-27.356443,58.091774,-2.6717687,62.066666,-20.72034,52.22928,17.654907
-10.24817,19.80629,-3.1262033,3.329907,-29.078001,-20.100712,-27.815912,1.6598357,-32.248695,-2.962107
-7.6798205,-0.8410594,-31.305834,-81.427635,-55.3982,-5.102296,-24.41428,34.225044,-29.518854,49.003864
-21.402868,-12.360226,-19.254456,-18.037712,33.814877,43.11829,54.276894,-1.4146695,27.277214,-35.897038
-55.35926,-16.837748,-7.149034,-1.5965494,17.28688,2.6282125,43.21689,-19.606289,-34.5559,16.137281
-45.160442,-43.913692,12.868832,-4.424091,-39.095043,-52.853752,57.2788,-3.8874912,-58.69063,-17.424263
-28.734179,-54.725353,-26.739452,-35.41568,64.46032,-5.6299653,43.81826,-13.73419,76.61233,8.653877
-0.9934236,-27.251251,-20.925243,-16.036154,-21.393991,59.39911,66.24401,-29.765717,62.72184,-43.474148
11.804903,16.670965,56.798523,-25.346603,8.19343,-33.450066,-1.0792572,30.749025,-17.283667,-70.653755
-68.37501,6.886516,-30.634777,-47.55531,22.391598,50.398815,32.63217,8.355162,59.186226,-38.495266
16.968431,29.328352,36.812305,-20.695848,26.482841,-8.195016,2.1729074,0.9398916,-28.599781,-87.09298
18.568884,-60.74126,6.797248,-66.63804,18.485394,10.4711275,9.752232,-31.963207,75.907486,53.634857
13.407416,2.9955282,26.478477,0.6883677,-1.3726624,-69.01514,-35.71189,-24.265919,19.03659,-61.101757
4.366307,-29.273794,-67.0904,-36.09671,14.138398,-7.026922,10.399043,-35.90135,-18.900032,20.049046
11.936999,-59.170025,-3.701769,-52.49939,31.109243,15.635791,30.374147,-55.372124,65.06638,26.810623
-30.226217,33.384308,-54.50235,-41.31221,-16.470167,68.97564,30.730463,-0.53628093,45.167366,-35.93587
13.8466835,14.557863,47.008457,-8.057325,15.156994,-53.739567,5.382397,18.1004,-17.16142,-87.45512
-16.79307,20.423313,-59.926037,-80.482605,-43.794964,-5.2695355,23.693249,-4.9367914,-17.808723,45.496998
-46.303505,-27.1877,-21.112923,26.656311,13.674709,-68.207375,45.990547,-26.91481,-20.622177,-33.709606
-24.697718,-31.882366,-6.466098,-33.73016,-17.110922,-36.937485,44.434185,-68.52778,-13.245151,2.4743154
-48.65259,-35.66299,4.057256,5.1207104,-26.658144,-42.524513,58.423813,-6.0247326,-48.471386,2.0391517
25.72279,-66.87866,-7.1224427,-59.9733,28.965834,23.650131,17.604006,-9.629762,78.87682,45.989216
11.493966,-17.512794,49.333824,-19.938198,31.913723,-33.339386,-27.730124,16.489077,51.545296,-24.979855
-10.142119,-64.8371,30.018147,-25.846594,63.075012,5.1667333,54.462635,-35.092754,34.695427,15.229532
-52.166206,-2.9537737,-32.678955,-19.895164,13.155212,31.44674,26.834826,0.63021165,46.364338,-69.68038
-8.635099,6.9286466,-23.514658,-36.153877,15.63974,34.920097,24.184792,32.712322,-19.936369,-82.906006
-72.37167,21.333258,-21.315424,-47.693684,34.01629,56.20728,52.225163,-7.145424,19.222523,-28.047976
-28.918884,-20.49486,11.6516075,-1.3536042,-17.970419,-42.924206,40.979916,-57.81727,-26.22334,-30.310123
0.4389569,27.169558,0.6214223,-2.0575018,-28.496952,55.389816,5.0489693,0.8989121,53.60132,-31.385666
-60.124657,31.424988,-38.740627,-39.735855,4.721025,33.381786,49.71444,34.675564,36.69013,-53.250557
-55.816273,30.85783,-38.69521,-41.73199,5.203295,63.493633,31.086586,-11.332881,61.622894,-25.288279
-33.41785,-45.607307,24.737072,-22.050365,9.353519,-66.85497,52.890602,-58.073807,-62.977215,-25.90379
-40.540916,-28.390844,9.064676,10.018588,21.304102,-45.950542,63.60152,-46.534035,-44.660812,-45.586178
-33.95096,-9.870611,-5.977903,-48.499336,27.526367,44.97842,46.413715,-4.193781,47.416885,-92.89283
-26.559837,-8.047309,20.495152,24.244043,-38.573322,-71.13753,-38.35505,54.285828,-1.5094506,-78.211716
-32.093018,-0.936937,-47.05524,-42.33894,14.59727,-13.62199,16.841167,-18.280033,-28.930258,40.900536
-18.411386,10.659288,-45.507057,-15.120711,-8.436139,32.58141,69.66664,-37.521683,-1.9371896,-53.503246
-17.786772,-37.314423,-9.7416315,-17.514982,16.517712,4.602931,53.29289,-39.91445,30.068668,51.73802
-46.072388,32.728,-44.900394,-46.09279,7.667394,65.60607,16.96067,-26.74514,59.72406,-21.912964
-50.480972,-48.09311,2.0790546,-21.901226,-3.6853206,-21.019697,43.521885,13.874703,-47.642326,20.129065
-51.006237,27.729284,-33.24293,-35.764446,3.8566337,32.469196,71.54754,2.1416728,66.35397,-41.494003
-11.088205,-64.61322,-16.730341,-18.067444,44.83551,4.5774584,27.554556,-50.210365,43.200264,-13.098665
7.587256,13.709113,-76.10848,-104.26243,17.275967,-1.8872815,70.25613,-8.925949,-83.84716,25.9368
18.018688,23.584543,-3.733908,-6.416127,-0.29192767,-34.02138,-48.45568,26.565765,-22.04705,-37.056213
-23.205006,-7.675392,-7.8167653,-17.254683,-13.400931,40.81622,42.184246,-1.9399705,-1.3112094,-45.816185
12.077878,-38.62742,-13.893379,-16.506674,35.873714,5.80781,47.151707,-50.693047,72.625694,29.611876
-57.23065,58.209286,-47.129204,-19.922514,4.5018225,76.96319,50.290405,9.571615,40.757423,1.2314537
-17.096428,-32.676174,-23.925932,14.145809,-19.703722,-45.17909,68.86342,-24.724588,-20.824368,-40.00092
6.631811,-55.04329,1.7386498,-33.52403,32.02633,0.04595101,52.260025,-16.989468,76.898125,38.11137
-47.744312,-55.796223,-58.885498,6.333479,-21.797722,3.1834674,-25.080349,-23.808603,-25.834223,31.615446
11.386714,-4.227234,40.7392,1.8895491,-45.316803,-43.029633,-0.12453264,11.495317,0.50815177,-57.40604
9.975542,-44.484764,0.7442981,-40.793354,-10.207209,8.924772,47.91573,-8.087023,-1.8317178,-9.306778
-34.65045,-13.926577,-30.85453,-43.3268,31.6968,30.460232,28.386086,-16.276024,63.624577,-28.309727
-51.705345,-22.653927,-22.939209,23.260946,-24.673922,-32.109665,36.810123,-22.169054,-12.471309,-17.330154
-23.356867,-12.57542,0.9162624,-4.2857246,13.726016,-33.41033,-17.151838,-28.127031,-12.227613,-36.663372
44.915165,-30.895647,33.357647,-0.6757807,29.042673,-25.335432,-27.58513,8.84011,3.49778,-80.45231
-25.903622,19.163256,-40.02606,-28.301668,7.734327,52.73092,42.010857,12.656772,31.473234,-60.848938
-22.479101,-27.108955,-8.116767,-4.1839437,-17.642368,55.547005,46.24668,-35.914326,59.921844,-31.235603
-47.627975,-43.04767,-65.16627,-61.9582,-22.915712,29.606112,-13.158255,21.382936,-43.947365,16.041428
-33.754498,-66.83197,-0.83995944,-16.071367,-19.443684,-55.029102,85.953415,-10.759574,-15.440979,-25.937706
25.77244,15.758127,15.124973,16.151775,50.022423,-27.882874,-32.007034,44.10239,-9.984737,-70.83118
-8.747738,-18.232365,11.412635,-19.875315,-24.919,-49.89351,6.6297755,-25.267092,-23.233723,-14.514254
10.004033,10.514686,-56.049183,-98.53658,4.904055,6.9565687,62.70075,-25.239698,-78.77529,23.981613
-26.065489,-14.816813,18.889774,8.15521,1.2213056,-11.037207,85.213394,-84.47033,-17.748451,-20.521677
9.602976,10.972343,30.605476,-20.057178,-13.07368,-54.551113,-5.959426,-32.250923,-4.720592,-101.88355
-4.9267745,-60.980267,-7.10664,-23.00741,21.620192,-12.02738,-0.41857827,-42.609745,77.23791,0.88152575
-51.929153,-51.719402,18.919209,21.99338,-13.317556,-55.50628,55.364067,-17.217827,-21.609423,-9.808393
-42.786694,-28.896461,12.382573,7.2406106,-19.856035,-17.337626,27.07953,-35.766018,-44.95377,-25.912155
27.474718,39.978817,48.670227,-21.851347,9.906523,16.297756,-10.202189,6.691334,-15.804455,-63.16299
-18.142262,-24.510096,-23.611113,17.527636,16.887177,-47.760227,90.467255,-41.029438,-22.801659,-54.180885
51.949047,-19.427984,50.369095,-34.112213,4.590613,6.7137537,3.5814075,25.445179,29.372341,-11.581644
17.98975,32.78212,15.04948,-15.043566,-1.6030712,-46.156242,-56.117523,4.4803467,12.60292,-42.75433
79.886055,13.362965,18.312057,-46.864285,7.932531,0.46310806,-47.86305,3.5893924,-23.594217,-59.464333
-51.996704,1.0455964,-36.927246,-8.8691,13.851426,47.966682,24.760637,-7.4170666,45.347004,-42.787354
-16.024103,-64.64413,-16.939507,-13.694386,67.998856,4.4849186,26.518494,-24.92283,76.89037,-0.5208456
-34.58469,-93.18827,23.714287,-53.388477,41.959084,-19.254538,44.996822,-15.546951,18.764307,-8.410433
-59.772926,-23.205547,-48.900967,-23.174839,-7.8848386,-6.025751,-14.312691,5.7107077,-31.22998,19.433657
-26.749151,-1.8678315,-85.14372,-41.337162,5.2642255,-25.717285,-8.959537,-18.466894,-19.72324,26.412676
-7.2193103,3.258958,43.431393,8.530177,-0.19810343,-34.534775,7.374314,-58.5575,-29.68753,-55.49982
-31.179573,-36.957104,15.139812,-24.88598,8.314574,-88.51522,48.139507,-11.259932,-40.052006,3.7820098
-21.19721,-52.00055,3.718072,-32.325363,15.677553,-1.5838853,51.985607,-22.723774,62.78787,3.5626314
-10.821549,-6.764287,-63.280125,-52.522858,8.546579,8.320051,2.9409547,-36.553875,-69.65835,26.931269
14.603438,34.237446,9.328211,-19.589155,2.7292666,-49.432335,-53.096085,12.884642,9.959623,-38.469757
-9.354068,-12.345403,-48.661713,-22.123898,12.416874,26.323372,30.256838,25.02042,-27.410917,-55.401188
1.7107732,-14.398307,-61.078415,-52.96996,-33.95858,45.193096,-0.00044423263,12.244231,-44.532726,16.882893
-40.68795,35.069935,-26.223158,-44.580948,28.39028,39.213326,79.92917,1.7451683,50.965347,-50.731663
-24.839855,-35.21517,-16.054808,17.128696,0.26502615,-69.04175,51.087482,-7.5244613,-40.115253,-7.65157
-4.787379,2.9437077,17.475788,-12.329971,14.387412,-46.10663,-24.219946,-28.004353,-24.449335,-72.08071
-40.11792,-14.831214,1.693382,-3.2695246,-10.77432,-43.437466,65.035706,-15.760923,-41.92499,-14.757257
-36.760677,35.563988,-36.977646,-25.544767,-8.845847,65.81203,46.57708,-55.968647,60.82224,-22.023233
-22.520681,-3.4722133,0.22029257,-6.2575226,4.345571,41.383564,56.762505,-17.599253,20.473347,-42.53781
-16.534883,1.2680731,28.768074,10.385297,-10.538638,-32.52147,6.078721,-56.518803,-20.583433,-29.075554
-51.936653,48.824352,-50.766018,-49.354885,3.6619284,43.67823,47.93628,20.090218,54.48073,-20.59171
-39.025993,-37.763466,50.89393,4.4160633,21.535246,-48.02002,51.98376,-48.875343,-64.281334,-8.546462
34.298332,-3.0665994,12.998147,0.5116991,-22.24489,-22.518316,-41.55322,35.416992,1.2812173,-37.965866
-38.169125,-33.601967,-19.490286,28.525272,15.462894,-37.132427,71.422104,-33.077396,-22.709454,-56.67384
27.67881,3.903474,30.025791,-7.4227924,20.512642,6.9433155,-38.378674,12.644885,-19.151417,-75.208015
-35.59876,-13.922083,-31.53109,-40.033405,13.80212,21.539398,55.70136,-15.895395,52.630318,17.447004
-42.326103,8.794343,-39.820637,-32.939972,22.627943,36.182487,39.766003,24.106436,43.20825,-67.9174
14.154606,-45.31943,23.843174,-75.18404,9.565977,-0.00880437,40.858448,-36.226513,37.611656,24.409231
-21.360544,24.872461,-46.561848,-72.198204,-44.021492,29.476835,10.730309,7.114872,-26.660286,44.61295
-30.750381,-13.989707,-38.763134,-55.29013,-41.22377,42.057518,29.046162,-19.201855,-11.272221,9.301796
36.585957,-12.998793,-67.359535,-72.78157,-26.62609,-2.813702,25.486725,-15.64495,-37.084553,6.145973
-23.740673,-5.8604026,-47.61534,-24.788216,9.2308655,23.891584,45.781757,-37.30156,67.05431,-35.38545
6.3544087,48.33023,8.124794,-6.6789227,14.221139,-51.242054,-34.173267,37.6544,-48.23501,-48.55605
-32.112843,34.405174,-43.376442,-19.881645,-15.024541,76.22343,45.343357,-32.634563,56.479263,-28.292593
-2.203716,24.737185,26.070503,-42.47679,12.968444,-20.336882,-9.875219,22.118498,-10.811715,-76.69297
-35.69998,3.9897792,-42.41938,-21.865616,7.25007,34.880714,49.665485,16.817072,60.873203,-94.445305
-23.773176,10.230494,-81.011795,-31.24194,-4.244865,-3.1932595,-19.529127,-16.782806,-38.29114,22.681585
16.053265,-6.0421453,9.54142,-29.988811,17.934605,-33.31237,6.4094305,-17.85497,-44.460163,-34.24797
21.417292,22.266088,1.6228802,-21.789005,-4.4870563,-41.840584,-36.14982,-5.2927003,-3.6800723,-50.024357
-34.08716,-14.983133,-31.71176,-23.758661,38.78284,17.532324,58.327057,6.5848107,33.500763,-32.255405
0.30899894,20.371805,3.2060006,6.2571077,13.14199,-39.44478,-31.339823,-38.620262,-14.653509,-64.18249
-1.6675485,-52.549656,-15.445373,7.2722383,-6.7081966,-77.20582,65.255554,-18.135813,-6.260546,-49.383144
18.973347,18.726078,30.777061,12.230747,32.33161,-28.103157,-43.146427,3.15719,-17.15535,-92.272835
-11.137328,5.271377,-34.430172,-28.247967,41.79953,28.259035,45.47747,-16.066772,43.351753,-29.280392
10.630153,22.40849,24.723125,-16.835157,30.850098,-41.073463,-54.198215,16.108606,-33.122086,-63.85427
18.838327,10.286072,18.661766,22.47676,7.071608,-59.356617,-46.762268,37.61543,-1.3523496,-27.28477
-37.587296,-12.729041,17.6898,12.313399,16.722544,-43.484333,54.467575,-53.008995,-60.13015,-12.90554
30.94891,5.564887,1.4377172,41.603767,14.665857,-1.9447242,-37.648514,25.210114,12.354378,-49.34786
21.451097,5.031135,52.175457,-7.4135213,-10.31598,13.435368,-41.772713,4.514423,-2.69003,-67.43481
-36.056305,-66.06584,17.960384,-89.39413,61.44859,-24.62003,13.466827,-6.410884,18.88419,-19.261053
-37.16443,9.634219,-28.249308,-14.287218,-10.881901,10.764193,-17.715204,6.743212,-17.008461,-14.088236
-39.139397,-67.14305,-1.110632,-53.30285,37.411324,5.2841687,69.21099,-37.53145,49.925735,26.29611
-4.219355,-37.800396,-23.177204,-1.8515418,17.757406,-15.562763,68.057655,40.824615,13.391208,2.3308718
-8.617552,-33.345078,-20.214415,-49.010223,-6.62759,5.027457,23.025007,25.55712,-35.02625,31.976133
-49.336636,5.109095,-30.252817,-42.214073,-39.260265,-34.74918,8.209432,36.419064,-50.776257,13.278483
-28.98577,-15.507841,-24.045343,-44.789494,12.797798,-25.223734,9.394696,-13.223401,-49.49317,35.627705
-55.551537,28.287014,-26.263975,-38.13372,15.082531,38.610992,53.774143,13.162724,49.617874,-45.77774
24.734146,28.9112,-0.10367449,4.708985,39.94721,-24.753149,-42.958523,35.104637,-33.855953,-56.58541
-17.294582,-50.820747,-27.838898,-15.310726,-11.08687,-65.56105,70.77357,-39.347645,-33.415333,-53.507584
-38.561653,-10.726793,-17.075266,-14.653284,12.066824,10.799475,47.209633,-2.4056933,66.89543,-44.39267
27.621485,15.5435295,3.48171,-31.45884,-47.47209,-19.273502,-11.752989,17.665316,2.2309954,-61.338062
41.078964,-15.8404255,48.090538,-13.865329,28.468658,-20.730005,-15.862805,15.13643,31.177734,-7.574443
-48.224213,8.888981,-29.77384,-37.860317,5.597141,30.923046,49.59769,-15.802181,45.583992,-55.553196
-9.752491,1.3059498,-51.039448,-43.103893,14.883696,20.43725,-1.0040884,-19.60966,82.86443,-31.24226
-12.322019,-33.477108,6.5356536,-17.166376,7.4748597,-73.64369,43.66286,-46.29506,-22.676205,-8.182678
-26.965988,-35.09195,-12.189372,-24.020615,15.882603,3.220951,55.17591,-25.423504,67.26614,-9.724708
9.5424795,-6.7204123,7.406353,-2.998063,-6.049594,-30.501938,-21.217402,5.7527933,-30.623817,-33.381134
11.680053,-51.93662,0.8587332,-47.936966,64.09317,2.829895,19.188543,-27.17433,43.759254,12.187047
-26.34405,-62.6471,-12.575389,-16.9452,62.43773,16.793783,64.641045,5.32163,42.00856,13.290914
-44.017216,1.5082186,-23.475365,10.74685,18.515322,13.356724,66.09969,-44.73214,1.3242466,-51.067734
-23.37902,-51.000954,-36.729973,-16.813753,-41.818604,-8.222188,12.362078,30.376593,-19.655499,52.287487
3.9060743,32.851032,14.225737,-4.8219876,-31.277515,-43.798363,-32.624115,-16.505383,-8.3523445,-74.50596
-25.538414,-20.357855,-42.688736,-60.487316,-41.811535,28.602238,0.6386415,-22.373753,-61.38647,62.449497
21.385199,14.149712,-23.857758,-69.10808,-8.85714,-2.79507,32.631905,-34.268707,-74.79592,28.43952
-12.944001,-38.6498,10.925065,-14.103447,-2.1146383,-66.0713,77.99888,-40.83809,-19.752913,-35.83946
-35.16503,-18.326372,-28.735266,28.842215,3.2850897,-37.43561,60.279762,-24.469515,-13.496909,-39.971767
-27.317898,-49.80466,-10.671066,5.1398,22.67386,-56.71538,58.54132,-41.005756,15.683898,-49.986214
49.712612,-80.57884,-17.091427,-10.499186,-19.638353,8.823549,10.587602,-22.738834,-67.96238,61.237072
-61.520603,-21.089458,-0.38128597,8.408961,-0.4502437,44.38118,57.416637,-18.150677,17.580044,-12.796421
-29.247606,-24.83515,13.249861,-11.188659,10.990618,-39.663177,50.793213,-30.217957,-53.09972,9.091672
-35.024803,15.698761,-25.518293,-45.02423,10.601326,23.687422,62.322407,-12.345722,44.5551,-73.8392
1.8491678,25.246185,30.78334,-20.90455,16.72706,-44.824337,-45.648426,-8.846814,-1.8838149,-82.973076
-24.240189,38.565098,-43.49328,-42.2634,-17.660595,51.13051,44.49174,-9.470664,52.399185,-36.68655
-24.95392,-74.679016,10.224587,-44.57125,38.231853,-7.0347586,31.990717,-32.909294,56.11886,-6.354479
5.884056,-20.3215,-54.49111,-9.501384,16.06762,-9.436216,47.375378,-43.339756,73.527405,48.923954
-55.335613,-76.26535,-18.18195,-30.934412,50.21971,-30.578539,26.656094,-1.7667296,69.243095,1.8680484
-41.46256,-59.270077,-4.321287,-8.144773,-17.708908,-53.759525,48.60306,-38.075516,-34.45445,-44.391632
0.99741906,-26.029678,-33.514824,28.145092,-4.695453,-27.15615,65.30541,-42.917152,-18.650408,-64.31553
-7.934947,-65.94736,-16.58104,-27.132862,-39.21915,-5.37978,6.7292156,-68.25498,5.9515615,29.92935
-12.915319,-2.8694136,-48.823174,-7.979776,23.595312,67.588486,42.886097,3.401148,27.86449,-56.76295
4.129058,1.5945352,14.833556,-13.717961,4.368044,-57.36431,-15.708241,21.604479,-4.2747526,-118.03758
-25.159403,-49.571354,18.631401,-51.977592,-17.430897,-46.008377,22.70337,-27.097197,-29.503857,22.47943
-49.019417,1.6305159,-17.037867,2.8712845,3.762687,62.119698,60.39896,-56.96488,36.317688,-28.072754
-41.82221,-32.393616,25.996876,23.676313,18.326298,-43.354153,57.45395,-34.410515,8.550832,-14.426286
-57.687363,2.048826,-57.42842,-38.43142,-18.096348,20.732773,17.838821,-10.672991,-8.208271,12.258833
-25.94712,33.90866,-59.94889,-55.466187,-2.5832105,28.586885,34.95778,3.408226,48.001717,-44.23272
-34.071938,-69.09405,1.7835269,-24.005117,32.070156,2.4980955,58.14856,-27.672384,68.52163,10.850211
42.17031,23.331108,20.59378,-26.538857,10.669212,2.6825776,-40.354343,24.172344,-28.35655,-64.980965
38.567654,-19.549746,8.882631,-29.310926,5.36082,-25.699673,27.238417,-23.222113,45.565605,-46.674526
-7.850356,-30.793884,-53.955822,-34.860226,0.3360123,5.2938647,1.5329022,-10.230716,-72.16517,19.94768
-17.544699,23.837717,4.559641,-30.637226,-15.002295,-3.1960876,-16.300575,-24.421085,34.731987,-64.75901
-11.831934,-3.865067,-66.102806,-44.821415,21.160658,-38.436543,0.5309422,-9.913499,-51.52907,51.654797
40.102955,17.024141,8.578608,-26.618074,25.127834,-38.081055,-16.679955,17.455864,-23.914238,-93.279495
-43.351463,19.26884,-35.8586,-24.454453,2.936902,67.96184,39.0963,13.179882,47.861008,-62.06678
-9.291762,13.809899,12.022522,26.89419,11.867904,-35.386368,34.034534,-11.266815,-32.12435,-13.461483
3.1658363,-16.078234,9.316201,-30.912271,25.677143,-11.556485,22.911888,-0.12874535,38.508125,-8.00228
-35.83865,-1.8273134,-18.060125,-41.34911,-18.722338,32.368446,61.88701,-19.004267,36.61276,-55.237152
-15.671787,28.157055,-55.325123,-34.873547,4.035061,38.100063,36.82789,-6.7961135,39.394485,-23.245932
3.7300715,-38.959103,-6.8997393,-16.24281,60.830498,8.244037,30.464443,-22.247244,59.84363,2.6222217
-7.780776,-37.268013,10.181851,-15.141716,20.403366,-58.98867,64.77898,-56.50022,-39.892517,-37.292698
-12.319156,-2.4853096,-44.432274,-34.96395,41.30128,31.451138,49.062553,-48.611927,45.726387,-3.3562255
-15.594857,-20.964226,-21.008738,-23.01591,31.366514,18.852104,63.966515,-41.251534,50.09633,-8.774941
13.947713,-65.95684,14.767403,-58.45825,17.188137,1.9383982,29.342438,-21.71259,46.687763,32.622845
-46.732372,-48.491405,-12.002063,24.66504,6.540331,-33.824585,61.617214,-36.781963,-8.022691,-66.437065
-15.758973,30.020374,-45.025536,-9.709401,-7.0041237,42.42366,25.727959,-7.7694135,66.46923,-43.027622
-49.351414,-45.682888,-0.44798374,-12.400011,0.5220761,-34.15259,45.55564,-39.45211,-41.503113,-4.829719
-71.45306,8.04257,-38.582203,-28.305796,9.958925,56.107452,29.007442,3.3121946,79.20196,-32.9416
5.178435,-26.172348,-8.196027,-4.6426497,21.465778,-51.247917,15.377518,-65.9353,34.74674,-10.262862
-51.22078,-36.00759,31.001785,21.76096,9.179824,-44.523853,63.871914,-18.314224,-6.6321597,-9.560837
-35.41678,-82.114685,-7.384764,-32.60772,26.280785,0.4287969,54.15271,-21.276728,42.43602,19.303942
-5.41252,2.7385619,-14.999912,12.185964,9.495304,-2.999033,60.57572,-66.21495,-14.273416,-54.011887
-49.31016,22.516253,-38.840694,-39.96436,13.026571,53.86319,33.699,3.0007775,33.516205,-13.934479
-14.149325,8.910145,-27.309738,-43.03418,-42.336636,-5.913232,10.309209,10.580063,-35.19619,48.43609
18.737652,-60.223434,-9.954558,-16.521002,35.690643,19.277271,42.37979,-33.807114,72.136925,17.937567
-17.249495,-26.210066,-57.329987,-54.153633,-17.195414,25.854534,3.6257482,17.468935,-26.03146,17.352993
-53.13465,-75.85733,7.634597,-4.6640706,-54.524426,-44.228535,57.578606,-10.871834,-30.256248,-35.96039
-43.388992,-72.17113,27.414932,-20.13838,0.59488714,-60.894424,36.093193,-9.0142355,-26.757746,6.14104
-17.083574,-58.437737,-18.836695,-28.111961,20.045753,-40.081448,47.252106,-60.154133,90.41652,-21.128672
-35.543217,5.0622754,-23.781487,-13.540742,6.638162,75.420166,49.38974,8.167788,45.107323,-70.889366
49.425503,14.365826,-3.972483,-33.95105,2.6810076,-25.859516,-48.5156,-0.18034865,-18.83461,-61.63253
-18.099133,-47.173336,-26.76809,-20.28951,-30.475554,-29.186878,-30.117903,-24.44156,-11.978816,-3.1812022
-27.422892,15.85051,-50.53155,-13.231493,0.5145994,60.47371,53.184082,-38.688633,28.215906,-52.116005
-23.440046,-2.295346,-29.023851,-4.547778,5.020472,58.773327,52.552647,4.4045606,34.6942,-52.984592
34.583466,10.35274,16.533794,3.6236715,0.81746536,-62.99209,-31.739214,7.3048472,0.58813596,-77.37723
12.266451,24.65784,18.647968,37.0654,-6.2378945,-15.63606,-16.185314,13.536483,-24.215044,-45.577133
26.086107,-2.5017269,54.529762,5.6377,14.799911,16.123337,-21.08811,8.4557085,-0.1888348,-72.3059
-21.552826,-31.289015,6.8938155,8.305498,0.67598313,-44.463398,55.30845,-52.825882,-13.576573,-36.90822
16.099554,8.601322,7.7821712,13.066979,-2.8605766,-10.716617,-56.2782,30.57831,7.603847,-12.614433
-9.724626,-53.032387,-12.171507,1.361338,-9.951345,-71.72624,58.163036,-29.727207,-30.385502,-41.339397
-31.150703,-31.971199,3.914297,-2.9163275,32.28034,-53.616318,59.101776,-33.4261,-17.482409,-25.120335
-9.243452,-44.68687,-0.23981148,-32.597874,22.706776,-13.086173,42.99164,15.901804,13.860061,26.585104
-19.848476,50.7079,-49.859276,-64.63044,-0.9425136,39.24798,21.884598,3.4922001,23.805597,-15.967821
-12.398531,-3.5113983,-49.35885,-11.544305,31.726963,64.95288,43.09512,-4.5817976,20.280048,-54.994175
-33.649055,-29.223066,7.6618443,-23.425863,-9.936033,-68.76941,23.909266,5.711852,-38.606815,17.644142
35.830544,-6.181914,16.285183,-4.0142846,6.256382,-48.873394,-23.06439,-7.333939,5.2163796,-78.985535
-31.993338,21.092003,-19.98702,-55.94031,-17.078209,15.103642,7.1559305,12.556999,-50.480843,28.89559
-35.163395,26.603037,-59.293716,-29.894463,38.160286,40.719086,42.891,9.727566,23.079918,-43.22139
-38.281494,-24.438915,-50.573746,-20.394114,-10.909507,10.932612,15.501626,-36.720844,8.734278,10.233392
-40.47729,-16.156713,4.131187,23.53779,47.44434,-37.459267,54.910168,-30.504442,-42.636883,-27.47139
2.015718,-20.605968,-38.705425,-53.436207,-35.132587,-39.608936,7.339591,-31.934885,-26.291462,40.217396
-40.019806,-29.619017,-22.226517,-36.35594,-13.087992,30.320707,49.507137,-35.06982,11.963759,-6.803969
-8.215393,-0.0016728381,-54.865166,-7.8000956,29.467138,76.6919,39.680492,6.17809,25.668833,-58.47647
-5.2293153,-0.6200006,24.437325,-8.496226,13.091292,-18.42903,9.11631,29.288246,23.75378,-81.14991
-19.05693,-28.529797,9.022289,-8.604933,13.763059,-24.812483,59.701412,-57.15901,-47.968197,-44.18044
39.904686,8.352442,-15.984278,-15.673861,0.2411204,-25.990644,-47.709534,38.493095,-12.480849,-57.08412
-15.110083,-33.43611,6.906707,-5.9161296,-41.037106,-46.13812,33.630955,-1.5707918,-53.55372,-18.271809
27.279793,12.366304,-8.754229,-20.69788,1.8723226,-39.69063,-56.98286,35.418118,-33.527588,-61.243694
-21.130983,66.78787,-52.994446,-57.704777,-7.990491,88.565544,43.22255,24.318659,36.327026,-21.804869
-18.973267,-41.2401,-24.550224,-18.752287,-25.249958,-70.80832,56.855343,-5.0912843,-46.99026,-41.954376
-34.164593,-61.638344,-12.321386,-12.537937,12.106599,-0.7033501,62.60337,-19.141743,16.920763,-2.4370008
49.205246,-3.525427,-36.379967,-73.10177,-8.008911,-23.7311,0.3331542,-33.11796,-32.74028,47.37956
1.4174242,-57.109776,-13.4213505,-38.92675,10.652805,-8.743696,28.979797,-56.109634,84.252045,21.82106
2.4014266,-37.68299,-41.68536,-56.491325,-29.427677,21.187277,-6.231468,-13.746852,-38.93837,45.832348
21.905443,19.902416,-10.239977,-3.8866222,2.397102,-29.840328,-49.189137,30.15191,-23.380672,-44.061413
-6.836539,-27.095984,-21.705124,29.438723,12.871374,-33.949383,44.14742,-33.911415,-12.518508,-53.731544
-11.025521,-58.613304,5.704562,-8.9254675,40.661587,-6.5415864,55.071785,-38.219418,61.012054,17.036486
-9.721784,-87.812035,-16.135866,-26.107628,5.87372,-21.61932,24.074152,-18.480148,5.0508294,32.30382
41.17408,-46.580933,41.951843,-3.1334918,15.073304,-11.59628,-16.077656,9.055301,9.948562,-80.504326
-42.90045,-60.365143,38.273113,-2.5601234,23.315336,-52.838116,54.914738,-50.904495,-22.876463,-21.08329
-16.940294,-15.386322,-39.46206,-17.840551,6.84016,38.446583,32.36269,8.230161,44.54448,25.965567
-46.1745,-8.721921,33.129177,-0.21863785,26.302122,-42.999695,45.12245,-63.94289,-40.21,-17.710852
-23.402754,-1.929546,-15.088125,-52.263885,6.3241715,45.7373,11.51028,8.928081,59.314972,-67.33926
11.707529,-64.63169,-15.47536,-33.60928,23.350817,7.078726,61.148094,-35.590656,57.123985,15.823006
10.188852,25.465412,34.26167,-5.6741686,15.181314,-67.50971,-11.8133955,32.92979,-20.89498,-64.60615
-5.7628393,-52.69876,-6.9187455,-23.111563,34.244133,-3.4199,21.631563,-41.10479,45.131817,19.486412
-45.973816,-33.364647,-24.14874,-61.805824,-43.467587,17.283054,-50.130825,17.390345,-36.13927,22.83646
6.8790627,14.469775,10.459704,1.0174419,-0.86520565,-59.20042,-37.66765,-0.43950668,2.0894027,-42.70075
-39.99944,-63.283703,-25.027397,-24.248714,1.7212481,-2.960656,37.36305,-36.85879,97.924446,27.41209
35.395,-4.8896303,-71.11274,-56.474045,-42.965416,31.608997,-3.023443,6.159489,-50.537617,-1.1455745
-20.88578,-38.966892,-24.821808,-36.455673,-31.09855,-19.068022,-42.827034,-24.14699,7.6788516,19.67118
10.58473,-49.22884,-24.890015,-18.063862,-25.18095,22.066254,34.374363,7.626231,-51.196815,61.11218
41.937435,14.24713,-11.636253,16.162716,7.217151,-23.748648,-30.72573,24.585133,2.9826152,-66.87445
-42.83465,-50.169693,19.567627,10.47312,34.618515,-46.7463,43.65504,-54.23122,-29.540424,-39.855904
-42.179047,-16.30261,-23.012392,-2.1244512,3.1231413,40.639557,45.598022,-14.781911,71.07799,-58.463905
-47.40088,-46.80846,-35.043663,-12.793832,-25.143555,-52.216255,67.15333,-33.338425,-15.650921,-29.717827
17.25657,-8.737688,64.77666,-12.100335,9.039306,-29.22738,-8.52362,25.351734,3.3302076,-69.140976
-20.107296,-0.6071303,-34.278004,-59.195667,-23.432846,-3.044897,-16.374285,26.239414,-2.0149024,30.52625
-21.317425,-62.183266,5.837795,-24.69374,67.06036,6.6092787,24.692923,-24.04417,62.09052,0.6020603
-38.96405,-52.28189,11.759968,-14.998166,5.043045,-59.871853,45.61345,-35.752743,-64.97631,-16.789022
42.873962,12.29168,-64.90976,-88.82004,-30.411112,9.421943,15.040792,-22.920176,-46.694305,27.669748
-1.4265771,-51.93137,-9.507415,-45.40812,25.371561,-3.0582662,27.92121,-15.728049,84.1027,44.814106
-22.165907,-64.40648,-1.8752098,-8.478714,7.796974,-56.29142,69.826126,-38.738464,2.737694,-50.238827
-0.78996205,-29.67735,-6.1925826,16.668243,57.50902,-64.83988,57.156612,-56.494305,12.031922,-44.999817
-35.749043,-14.853666,-49.440647,-30.87548,-41.1618,38.443283,54.39279,-18.328535,14.882766,-8.810271
14.071941,-39.722786,-59.610676,-41.18029,9.066046,32.359653,31.602377,-16.32008,32.697613,3.1631334
11.361949,-39.959385,-26.911524,-12.170645,7.720295,-8.24587,11.515317,-30.890816,-74.73989,68.53869
21.835106,-10.55278,6.5973315,-61.46831,-17.86205,15.160565,46.17668,-7.624019,-35.8247,74.952156
9.966538,-23.321756,-48.37196,-64.12981,-37.682903,2.6644173,0.17448807,0.42433187,-45.029007,57.01997
-37.818573,-5.6907997,1.9425087,-51.36727,0.0003771186,43.00059,51.553143,-34.437576,23.623755,-63.024174
-30.349258,55.48193,-51.6082,-40.42128,-10.432217,55.135292,31.462765,7.3177834,56.978474,-24.666927
-28.613184,-61.47001,7.440139,-9.596668,50.83734,7.421977,51.950268,11.385976,35.853165,3.3025925
-1.9903142,-50.044323,18.385986,-30.28372,60.865704,7.66076,38.995575,-38.710526,59.662323,13.564789
-18.209682,-41.972904,-6.342358,-40.872173,11.151322,5.932857,39.863403,-29.600069,91.525215,23.729385
-9.7479,0.44167987,17.541393,-0.2447947,-7.9740458,-33.616173,21.747248,-45.68151,-21.26319,-36.93902
-21.51545,-3.1461787,-63.937195,-51.630455,21.19324,-13.331802,-10.363988,-15.053023,-77.601715,41.046726
0.8150791,-45.44403,2.7001743,-11.629756,14.09448,-38.260227,70.692955,-55.115936,-46.391094,-62.252045
-40.81299,-13.796557,6.8197603,19.387688,4.616413,-29.631306,51.57204,-18.132444,-28.540306,13.234533
-43.99769,20.857569,-55.140713,-35.89698,22.749878,24.319754,37.561584,41.609863,56.97695,-27.097654
30.078066,29.370188,10.77771,15.484346,8.944224,-38.055164,-46.605736,49.437187,-22.925522,-42.235653
-5.272708,-72.51538,-22.177639,-16.256277,52.75183,-10.898085,37.600185,-20.89498,95.5664,13.469584
11.703731,-4.2916064,49.220688,24.06706,-38.56956,-46.698807,-15.2079115,13.098978,-14.310121,-53.885998
16.735981,16.074865,18.741611,-12.180252,-26.492207,-42.68903,2.1219192,27.41377,-23.812128,-99.799545
43.50083,18.361393,-46.48655,-76.40019,-5.975471,4.896464,5.626668,-22.161396,-63.387108,50.839474
10.828225,-62.80396,-9.498232,-30.421793,49.510826,27.531406,45.69661,-57.845932,81.55138,21.475414
-30.43508,-38.12322,-52.26565,-12.49681,-18.17604,-7.7111816,-1.2323713,-43.788826,-30.793642,16.03888
21.57983,-69.04731,-21.894554,-29.650293,12.048431,-1.8068334,21.553307,-18.308634,83.47171,12.311563
-17.227133,34.539795,21.688583,-17.133808,-34.654575,-52.026237,-44.165142,-27.56914,-14.214201,-108.5333
-41.488937,38.742184,-44.173508,-41.8867,-0.30876395,62.270283,30.940426,11.065049,31.098372,-39.3559
-23.504189,51.86833,-56.805016,-44.75494,18.583529,57.6388,19.554045,42.063263,53.92476,-48.809338
-48.287632,-3.321353,-36.703213,-17.360088,0.868421,39.892517,51.745956,-36.852997,33.0264,-29.503542
-46.49537,-58.094727,-29.3626,-33.4679,55.299683,-22.965345,29.37608,-6.365438,61.61523,-7.399479
-37.667385,-11.325089,-52.077385,-22.275637,0.29745442,9.412867,25.974169,-9.502906,37.461147,-35.20516
6.6229596,11.07002,16.596584,-19.388859,-4.9875183,-61.060352,-26.803118,-11.392956,2.3096206,-57.347763
44.935875,31.287998,-16.760412,26.682335,-19.95368,-43.93797,-16.579695,-5.259458,-6.2457385,-71.58486
5.2456565,-44.73382,-45.900536,-26.217464,45.921883,25.356134,27.477705,-34.315502,48.98061,-4.378715
-5.51297,-37.157448,-35.166588,-43.217037,-18.058603,22.13095,53.60486,9.825078,-15.4197235,14.075512
30.264746,12.677878,13.94752,-4.170578,-0.9257215,-18.102045,-37.076275,5.2509656,-1.853415,-88.207436
-27.548487,-103.0626,-10.332769,-23.869486,13.833493,-17.473528,49.64036,-11.603324,21.654823,11.28132
11.152232,10.654944,5.9061966,17.825666,42.579174,-70.604385,-5.3077755,-34.310844,5.378782,-39.726814
-35.7322,46.604137,-39.943108,-42.120544,2.4573715,46.649418,37.735584,3.8929615,61.668236,-14.037118
20.248915,-37.782974,-10.599686,-31.355028,14.015709,14.691274,52.713585,-43.604607,77.68544,38.393574
-23.194752,-40.33359,8.533505,-16.656261,18.367163,-77.05224,38.91797,-22.06323,-15.493241,-8.44986
26.458813,37.219124,1.9736667,-13.277121,34.22156,-37.664238,-37.822308,39.69446,-23.859268,-43.178326
-36.368317,-34.88973,10.883719,-3.1180806,-11.736254,-36.403484,81.67652,-47.97151,-20.710032,-38.288944
32.636242,2.2020438,-11.230052,31.336931,-10.627812,-30.329628,-35.24561,17.957914,10.203747,-81.18863
-3.5962732,-64.9079,-7.9380713,-39.901844,29.63095,-9.647384,65.66397,-28.913261,57.006702,10.765198
-5.877589,-28.272018,-29.461025,-54.92884,41.12149,31.988297,26.073744,-30.632648,77.43005,-5.176759
9.324399,10.930647,-0.29121602,1.1420239,25.09695,-49.11601,-44.60727,-29.808638,-26.339281,-33.547653
-11.580105,-38.40957,-7.403562,-14.142335,20.465012,-34.2497,35.613808,-23.941242,-21.439354,-42.03478
17.75025,30.400084,36.152138,-29.672718,15.380587,-22.983858,-32.328934,28.868967,-19.470974,-69.804245
-4.105763,-8.390001,-81.24201,-60.87542,-8.485961,19.418509,15.849246,-17.143862,-20.011002,5.569725
-18.685223,-16.210665,-45.792362,-72.2149,-29.19023,40.206944,4.3416243,-4.1036506,-72.36711,58.488064
17.802208,21.199986,23.509472,12.708352,35.63755,-18.488348,-15.434124,4.581566,6.264861,-94.60963
-0.9593039,2.332983,-8.490553,21.668358,14.45229,-22.99907,36.829052,-59.96538,-6.4977403,-59.64171
-7.7439966,4.3754396,-61.78187,-35.698334,3.1298468,21.980984,4.1175985,-27.272856,15.982964,0.40133882
-7.152043,-62.37998,13.084481,-23.299118,44.38156,-1.363119,52.510086,-54.219086,42.23465,7.823374
-25.197638,9.624891,-34.83979,-9.789489,12.831799,60.540253,43.60219,-0.89427435,27.08923,-66.87719
-12.295713,-61.730175,-5.039806,-50.565544,65.93274,11.383053,8.589387,-11.916124,60.85819,17.691484
6.9026675,43.51016,13.013516,-13.379561,7.461366,47.64097,7.014364,-9.148811,32.240143,-46.009777
-40.964275,20.935358,-36.713028,-23.987577,10.235784,73.604065,37.50927,14.916057,46.775185,-58.12606
46.85152,-5.3973074,48.361343,-12.360316,2.4223323,-12.7827835,6.99387,38.393097,-0.9039303,-43.52686
-21.460209,-6.8721604,-38.67989,0.70509994,-19.12881,38.40744,57.699783,-0.18070048,58.793034,-0.8031414
21.736341,-31.073015,-19.605965,-35.812702,25.245043,5.8792763,54.43212,-34.531124,17.925224,71.38572
-33.408714,-72.24875,-36.37106,-8.225525,-46.52295,-11.680049,-9.012298,27.99726,-22.78129,48.033283
-45.922398,-1.5059631,-38.255047,-45.019012,-3.1985068,1.950555,-6.1316085,-30.702988,-4.2492056,18.916044
-24.163431,-36.54676,15.88964,1.7966055,8.429842,-55.34835,23.898447,-55.258366,-42.940506,1.0484958
-31.288256,-46.52389,21.438736,-40.048737,1.5987446,-46.468475,28.716345,9.790588,-42.380573,34.156982
26.355486,15.0657835,-16.099396,5.6914716,0.69744426,-67.215935,0.31569755,-24.896927,-18.142912,-27.889221
-36.74974,27.583412,-45.210262,-2.1992033,-8.208248,68.606476,46.392353,-4.6162114,55.72685,-46.71509
-51.92213,14.578243,-45.391094,-15.850775,4.913594,41.131912,34.92567,-7.94104,51.367424,-49.634693
-15.563409,2.1074378,-7.137983,20.84331,3.3978064,-35.413788,47.808453,-24.941488,-33.278934,10.218305
-22.389692,-35.87219,-34.76664,-74.38353,-47.807842,-35.246925,13.802439,38.769337,-35.211082,62.202164
12.829878,-55.756596,-20.200394,-14.119024,-10.207511,-46.709282,7.384839,5.3318267,-19.025536,-64.21286
-32.701942,-82.587105,-3.0457761,-42.24626,23.04757,0.55427146,67.26421,-11.277804,28.72319,12.879733
-14.525761,-69.61083,6.173474,-42.30753,35.311058,-18.448282,36.236526,-33.67393,35.518387,3.7326496
-56.020027,-34.480118,17.402515,-5.9210935,18.504526,-68.25927,29.167065,-43.172096,-23.928476,-34.458828
13.236917,-48.93096,-16.749195,-6.886713,64.43438,-1.8189379,49.361736,-38.74298,66.77685,18.360819
-14.908205,14.625584,-13.466384,-20.711098,-31.234081,-59.926247,-3.9606397,2.482281,-37.304955,-26.368557
-34.245155,-17.638647,-56.195656,-56.10891,-24.309729,-5.329193,7.5366106,-38.895737,-32.037037,35.913334
24.772442,37.024166,44.2979,9.550224,9.845815,7.189475,-41.36123,-28.6277,-24.840826,-83.36463
-21.828182,-30.008572,6.2570806,4.2864046,-21.235153,-49.99502,48.235943,-52.326447,-41.340347,-12.655629
-14.557632,-71.22969,11.802889,-27.315847,37.430977,-0.4380611,49.04335,-47.656616,42.515953,-6.5310106
-21.785988,-53.66772,-17.779873,-51.716614,37.16511,-4.8999023,27.235298,-24.628925,44.722977,6.831566
-27.934801,21.33163,33.37248,22.100922,-39.559296,-65.99308,-25.310543,24.145239,-7.4946423,-79.40017
-33.573135,-50.515972,-53.09239,-60.973152,-32.22189,-7.345501,-26.56574,28.8444,-7.4461913,12.157469
-29.592974,-48.65537,-38.525593,-0.54029,-21.790598,-60.292183,65.541405,-28.693213,1.3993194,-21.082773
50.70765,-13.074835,52.20019,-25.184101,1.5450661,3.4842653,-10.635211,1.4765707,4.531303,-73.739845
-38.233345,0.6265422,-22.164562,-20.842226,12.109055,46.350765,30.724583,17.330885,48.44011,-74.10632
-47.37563,-12.611907,-26.03894,-26.409378,24.093592,39.66363,15.262339,43.72422,39.520676,-68.65243
1.4610121,19.794064,42.16665,15.047724,-35.980858,-63.625343,-12.618153,17.27519,-3.3412075,-49.41699
-3.5410986,36.417355,-48.935165,-37.016273,-7.5466647,65.73764,49.646084,-6.118997,-1.950832,-50.32258
-39.93797,-52.381718,-20.140747,16.281242,2.2566593,-44.969994,50.94904,-22.57077,-10.673626,-41.331703
-52.704063,5.199689,-38.81662,-12.569056,38.347733,35.178585,42.780025,33.47088,48.29856,5.5116434
35.784054,-12.284849,17.893456,12.279525,33.242554,-30.57303,-24.74115,32.640003,-3.0651388,-81.89562
31.384388,16.802593,2.6114922,-33.190952,15.078436,-26.373951,-45.02677,42.1373,-20.805996,-71.79521
-54.263157,15.585347,-45.369522,-7.414374,9.048029,62.77786,20.846725,-9.479685,43.43347,-25.960798
-13.10869,-36.294617,14.922582,-11.901532,21.541096,-66.60154,33.928818,-51.06075,-63.891376,-2.6991477
0.4451465,-27.743914,-48.935215,-76.50562,-12.343456,36.02408,8.297516,-43.87642,-22.154793,30.965319
2.5817862,-72.354294,-8.741579,-30.894026,22.625885,-0.848092,62.39008,-6.3685317,64.10463,-10.718715
-34.2805,16.471891,-37.350834,-24.339334,-9.301879,57.415073,41.02798,-10.059899,50.97007,-34.089287
-2.150569,-64.96758,8.888703,-32.59705,19.856041,23.551083,57.87969,-63.04671,66.32238,6.2285137
-50.3187,-28.372908,-28.147028,0.3941717,-21.213913,25.219221,58.338795,-15.628227,-11.145518,-12.96849
-46.26662,50.08262,-23.296091,-57.613247,-3.3388538,55.45009,43.99782,27.921816,69.75059,-25.88849
-11.300487,-61.790306,-21.456676,-57.54416,-29.706385,-22.71687,-8.34267,-35.91644,-15.157608,14.376869
10.698072,-45.087894,-35.17113,-28.07565,-9.124999,-13.721479,10.917079,-29.430943,-1.6747549,43.23189
35.691936,18.056992,28.478142,0.47372139,16.188173,-46.548412,-14.941567,40.746887,-1.1213229,-63.00522
-39.864548,-46.532448,2.5366168,6.1018777,12.802691,-59.722496,56.150215,-51.24251,-45.405266,-58.06574
-26.542973,-2.0520134,-47.084484,-1.8692597,3.5338774,91.334404,36.166462,-17.542936,47.595238,-47.37942
-2.759977,-13.328571,-22.91502,-13.639096,-18.047953,28.622835,26.531643,-12.582293,95.67237,-52.16634
-39.958477,22.021261,-27.63639,-45.209103,19.938375,35.799538,38.336544,-9.953049,32.972427,-48.068405
-23.449074,30.385181,-49.509644,-23.463379,13.938988,48.104496,43.666943,-10.139778,30.778584,-30.393122
-29.280415,3.7662628,10.238996,-16.40497,-21.561773,-28.051977,44.023884,-16.392399,-41.257084,-11.99852
-37.230522,19.826317,-70.88671,-50.18142,-2.4012752,2.436582,3.6887755,2.0335689,-0.4604256,-28.61614
-40.070293,9.361418,-40.41448,-21.992638,37.66287,29.818834,51.57468,15.583918,43.324497,-26.770405
-30.12072,-55.469078,-19.323622,4.9523683,-7.072489,-59.954903,57.65646,-13.557751,-25.992506,-34.34177
-28.557589,-44.03864,-38.463264,-35.275024,44.7282,7.8765917,22.720533,-22.556553,53.810482,-11.696617
-18.211042,-50.06206,-47.24225,-66.57845,-19.944227,14.24299,24.80125,-16.149279,-25.93751,30.843126
-26.887539,-33.213585,20.849827,-9.543791,-32.66246,-37.62518,74.6379,-29.912073,-55.667366,-23.930567
9.295415,44.241497,15.328927,-18.507462,31.642315,-30.444597,23.438465,8.258993,-12.063584,-35.023216
17.776556,15.466286,39.936966,-38.68584,8.986013,-37.699493,-16.432545,44.92599,-33.263485,-97.16375
-65.616066,19.343964,-38.924404,-25.721788,23.657675,42.21409,40.57898,12.185227,34.196426,-31.992783
-14.128758,-20.010258,-14.270064,-31.80395,-36.449924,48.166885,50.28806,-21.514969,20.677887,-14.680157
5.454695,-59.437386,9.84524,-33.06142,38.625904,7.1582327,60.20702,-31.103733,52.95876,51.075985
23.369995,5.6280913,-4.6751103,9.428545,-13.958496,-28.526676,-52.667046,45.739655,-0.675589,-20.811815
-57.06589,-28.626743,-16.205809,-73.473015,-26.188221,26.22328,-31.02215,5.509959,-18.268549,23.748129
-46.45162,21.033342,-40.680515,-36.911606,13.401549,45.88021,33.316643,-25.875006,34.766056,-40.995853
36.08927,-40.915123,-7.1427245,-2.3132262,30.830097,9.486116,47.64051,-50.92952,71.55012,31.177916
-16.768768,-12.250834,-54.879368,-67.49122,-5.6074443,3.1399913,1.6617665,-43.240704,-36.476974,44.023476
-42.622772,-64.83526,25.818356,-19.307873,7.81336,-58.875175,51.51811,-27.53899,-55.46552,-8.250741
-3.9151318,10.526791,4.5077257,-33.455307,-7.483387,-35.23282,-11.723422,33.13439,-4.0096207,-62.398693
10.727453,-48.34559,-10.068628,-14.490288,26.616467,-23.34722,45.084457,-47.272583,70.411415,17.112587
48.413837,27.464405,28.723637,-29.34167,31.696291,-26.564184,-33.83203,26.040848,-35.08993,-79.10893
27.951223,-4.551661,39.240723,-8.501598,0.58666927,-34.825268,-19.868607,38.69289,11.592387,-38.451267
-1.9639192,-62.253983,-1.0678021,-35.43486,15.822689,-9.364444,45.171463,-45.08467,49.099632,11.473326
-60.752235,-59.397606,16.545502,-9.403533,41.32518,-85.3011,34.628853,-5.9803987,-8.594757,-31.895468
-22.718607,-40.772366,13.314819,-11.903104,1.1180446,-93.25849,39.89637,-1.8338861,-26.319801,20.199755
4.1867175,-79.56532,7.659436,-38.17645,13.27482,-13.09644,52.755825,-49.34972,45.946785,21.34308
-12.200485,-27.797392,3.29316,-7.023833,3.9483013,-37.16486,23.580318,-14.651396,-41.50825,-40.510918
-47.240074,26.998566,-19.3307,-46.557556,24.931635,41.174583,67.79919,8.5016165,58.40308,-55.298294
-3.5022864,-67.169395,21.661385,-43.32226,40.43339,-18.634893,57.22672,-22.190475,47.826492,9.5320015
-28.153168,38.354332,-42.343143,-28.434162,2.8110533,41.855797,42.19822,4.582011,49.86042,-58.108208
-32.203922,5.0254197,-73.47231,-33.271152,5.6853013,12.1609745,4.2631426,-8.182468,-9.876141,-14.373816
-23.956947,-53.344078,-20.081894,12.70802,3.6487384,-54.781403,58.953167,-25.238232,-3.8195345,-48.16784
2.8556592,-55.982834,-25.912035,-25.203972,27.504278,9.239739,69.87061,-42.888294,74.156166,35.657887
-25.830292,8.799987,-50.87903,-54.09986,3.1078708,18.393356,9.263838,-11.013587,-33.45534,-10.8821745
-27.946604,-78.90901,13.548123,-25.225275,43.39881,-0.3873153,66.20008,-16.626274,49.799267,5.8531094
-46.74391,-51.817513,21.03965,-17.439674,21.586378,-67.227905,19.67838,-37.10217,5.3940063,-12.169138
22.102297,-44.956173,-21.352962,-6.6163707,32.643875,12.059245,48.98059,-62.624035,55.756714,22.890821
-39.7619,26.7844,31.723202,1.1919409,50.77016,-50.326523,80.84138,-36.886356,-16.240845,-17.988426
-23.423979,-5.971069,-41.082474,3.1946878,12.444701,69.337585,37.448853,13.70038,29.93475,-54.55789
42.73918,2.1203473,13.58108,10.361724,16.264051,-37.803043,-32.342285,41.200512,6.1375546,-63.596786
-53.237907,26.806995,-52.40469,-35.803684,18.372166,56.772514,30.806509,-2.7304163,66.33428,-28.617949
-21.978134,-18.239428,-38.75265,-26.801994,39.62485,5.351188,36.88098,-31.589432,64.856514,1.7232273
-25.803846,-25.713358,-32.957943,18.28558,-5.3349853,-46.19857,77.600395,-37.33372,-5.328041,-52.615154
30.187635,10.402647,33.09561,-29.171665,21.746347,-37.00637,1.3264617,5.861333,-19.283136,-99.3749
-14.454018,9.075346,5.717007,-4.122493,-37.08131,-40.2798,-24.244453,21.375614,-21.50961,-116.91033
-7.0463943,0.16158429,-43.178917,14.225318,1.2587998,-8.204683,67.401924,-66.50137,-14.394201,-48.304966
-36.710686,-47.361332,-15.409805,6.8455806,4.7959695,-56.589645,48.539402,-4.5666304,-47.810394,-15.358375
22.86766,-9.209025,-27.717014,-45.67214,4.88469,1.9723858,33.1135,-29.927042,-67.663956,63.48592
-46.87992,45.167576,-51.255642,-32.569595,10.047861,60.772854,43.060093,-0.8771678,69.904045,-36.500248
-6.001232,-67.11807,8.327477,-23.049448,33.927757,-9.824722,46.920197,-30.47239,67.20904,5.1866045
-46.637955,-53.914234,-15.16876,-32.113277,16.658087,10.673378,54.684498,-40.9783,72.669266,42.003235
-35.24066,-28.384253,-71.62378,-22.03728,-12.700369,10.618934,0.62482405,-52.10349,-26.560217,17.688631
8.405003,15.030586,12.527382,-10.545122,5.233044,-60.1334,-27.305922,61.320713,-13.584488,-86.075806
-28.842001,-5.5572796,10.623826,26.195114,38.857887,-35.68884,71.75475,-52.55661,-27.959702,-45.449295
-44.65379,-65.1045,-6.11775,-32.574627,55.695187,-3.9993827,14.014146,-36.17882,40.90331,-21.134253
10.799372,-58.2037,-17.042011,-50.642235,32.94174,-21.658413,30.47191,-35.11421,69.57804,4.8501368
-45.0093,-42.571125,6.3543735,0.34398687,-5.1916175,-50.932674,64.13244,-35.353657,-19.467808,-30.989227
-69.09921,-62.856464,23.80487,8.353731,-44.0488,-41.07419,45.54659,-26.253876,-35.82043,-12.56329
-29.202671,32.55588,-48.923203,-31.778627,-6.691425,63.831585,45.030327,-12.28791,59.447655,-44.673656
-7.745474,-37.17573,-26.744741,-48.66351,28.78159,10.360078,24.305727,-26.26813,24.597578,24.258612
21.569508,1.3095539,-39.658592,-88.348785,-24.649023,1.491028,3.902924,-11.044755,-46.782272,29.639223
-11.86505,-12.330568,-31.67737,17.215612,10.8808775,-51.26386,85.16848,-48.799675,-18.245968,-56.66047
19.904867,-36.380123,-27.402052,-52.083035,0.059274316,-43.73716,-11.0511,-12.4616,-58.801617,40.85709
-1.4216597,-10.823618,-32.004536,-16.034416,14.170122,-44.373238,52.01797,75.76458,-36.83177,-0.2849817
-7.440617,53.484673,-45.8773,-18.539991,-20.819748,57.177963,15.51184,-26.573736,63.412903,-9.088029
-26.514364,18.794693,-17.021269,-29.964106,15.495165,72.57461,27.627668,29.801487,34.764412,-63.630604
-35.820908,33.99561,-57.899063,-26.690176,7.7602887,60.416794,40.596134,-23.325937,41.880043,-55.77567
-29.415085,-32.186157,17.818249,-38.866066,26.481853,-7.173354,24.316988,0.81157607,37.28001,29.983664
15.8020315,-73.49388,-21.390728,-25.204273,14.138576,-18.624313,24.57367,-19.463926,65.0423,6.6062517
50.70224,31.870476,-22.317629,-75.83905,-14.617894,46.05746,48.313213,-46.0789,-83.31717,70.70394
-51.63015,-49.610123,18.308735,18.606892,-14.2,-53.803543,56.66691,-16.586182,-20.170855,-12.409191
-22.766848,-66.06664,5.2403574,-32.293194,42.07254,2.0474076,52.95594,-30.004044,42.664825,12.585965
-7.6467676,18.218424,-20.649025,-32.932415,3.7138853,19.090778,44.215534,2.8586547,-30.16062,-72.387054
12.03351,32.065823,10.448624,26.030495,-5.590555,-40.42543,-27.437838,14.938349,-14.402354,-44.712635
30.53346,9.848553,49.181095,6.253551,24.670053,-45.45516,1.789606,43.306282,0.26401874,-37.831253
-12.483268,-14.796024,-74.84626,-34.56694,10.010326,-22.67607,2.7466595,-4.3927665,-18.964945,47.747265
18.422928,-7.913437,-47.706226,-56.876812,25.955963,19.811602,11.549487,-21.050997,-95.29439,46.541832
-19.43871,-10.743491,4.0836444,-17.412504,32.27649,-45.214554,29.524498,-36.81237,-58.467846,-28.198492
-11.1586,-32.410286,-8.607105,-22.750626,37.86817,-30.832666,32.64356,-45.699673,97.7556,12.820373
-52.16518,-45.738194,-26.782215,8.395866,-21.088598,-40.699135,74.655846,-16.30877,-3.0580764,-47.496098
-35.381283,9.275359,-44.752323,-48.420586,31.978859,53.96627,3.2190375,32.002964,59.564682,-53.586597
40.487133,-37.80325,10.61459,-15.932412,30.833218,-1.9481753,36.897648,-62.951603,63.60463,-0.8765774
30.511406,-47.727505,3.1098268,-39.28403,27.01928,8.749842,40.183727,-56.2363,58.338093,8.870676
-44.62726,-65.030754,-13.769297,-44.979893,-9.51666,-44.705597,-24.556946,7.723386,-10.323386,17.989416
-11.298086,-15.043478,-2.5579152,-9.00605,13.714101,17.916924,19.063599,-14.1697645,29.641434,-38.703667
-47.628704,-39.439053,-59.86437,-43.99351,1.3507624,-16.126854,-31.684517,-3.7185833,-25.09999,29.21718
3.295673,30.21575,12.707863,23.346651,17.906218,-22.479866,-31.770132,36.638477,-28.141552,-53.863625
6.769382,-29.869276,-0.30369392,-18.831831,-28.422138,-35.153297,23.050207,-13.769046,-60.094536,-36.384098
-27.931583,5.0706444,-40.728756,-54.42247,29.406145,32.86837,15.6443615,-2.137814,45.205196,-21.026098
1.390856,4.537481,3.272706,-4.9121704,32.24145,-50.688065,-26.89026,-25.816095,-12.4687195,-52.14567
-11.140066,-41.21626,-22.98195,-64.23521,-12.801317,12.076965,-11.8813715,13.287264,-100.38483,25.416674
21.179874,-7.236975,-41.247894,-78.977,-31.18193,8.977293,43.547573,-19.26604,-59.08503,11.609383
-49.593838,4.8211803,-15.976201,30.267607,14.704174,-42.429115,58.733925,-27.1591,-11.178675,-38.67859
-41.273678,4.905058,1.7720566,33.98537,33.39042,-42.61769,61.822212,-30.826128,-10.74366,1.8278327
-53.997555,4.8949294,-31.040476,-42.58558,5.7312217,55.392982,34.034477,-24.152443,14.182872,6.264517
21.236702,-44.93179,-30.328272,-23.41611,5.602055,-17.258944,10.806557,-9.076721,-39.59928,74.02673
-16.134903,15.20005,-49.22211,-43.693153,30.729322,41.850983,31.537811,-35.821667,47.10569,-14.122515
-28.012634,-36.666573,-19.275412,-31.878666,54.743507,38.671745,52.44204,-11.470007,48.9504,23.818548
-45.21671,-58.4074,10.833337,-17.551193,7.511098,-60.561275,37.205547,-7.8180194,-35.11329,-1.0621133
-28.640984,36.730507,19.068195,7.2893586,35.431896,-50.255054,15.639986,36.879448,-41.147697,40.847042
19.03462,-50.408268,5.281245,-14.244701,47.787224,-7.6005325,35.59285,-56.06626,44.497147,-0.014721857
-25.033974,-82.356705,6.493148,-76.98336,29.01503,10.599737,54.065678,-69.510445,29.108347,10.086613
46.560127,23.077421,44.25921,-21.392763,5.5005527,8.856837,-34.74902,7.443943,-15.050144,-80.37707
-1.6141953,17.01308,-15.162712,-62.78482,-33.050873,-38.326923,-13.281175,21.041904,-7.56263,8.693268
-3.2398946,0.8154918,-50.474556,-28.065012,47.685745,28.150633,32.93166,-3.0846975,41.648743,-19.199963
19.210104,10.693269,18.006012,-1.5346628,5.8824067,-65.049545,-29.32239,2.0579875,-0.6507648,-43.61002
40.08022,-4.072526,-2.8817713,-14.476927,13.380987,-20.166088,-45.360374,25.02515,-16.370592,-67.36034
32.842655,7.464375,-12.022731,-19.758038,-10.850344,-32.633095,-45.121216,23.900562,-33.743336,-50.219185
-16.601076,6.879819,-54.61858,-27.607506,10.353566,-9.985749,17.62742,-13.1184225,-13.973179,65.38914
-21.7555,-16.5007,-31.432554,-0.2868488,-3.125683,-71.061264,54.328453,-20.79449,11.597928,0.796191
78.47272,13.508361,13.808443,-38.654247,-19.309313,-10.910398,-46.838512,-6.2085114,-5.4963117,-57.809135
-19.272673,43.039677,-18.570925,-37.992027,-11.121646,49.692745,28.433828,8.505285,19.047096,-18.227787
-23.24463,11.594414,-63.98875,-63.406624,-17.634684,32.916946,11.459364,-18.374205,-29.547821,24.828753
6.713529,6.309748,-44.168636,-55.618767,11.224871,-12.867365,15.38842,-27.597197,-90.5567,61.571747
-29.432924,-57.78691,-8.150979,-30.558098,53.247643,3.6432319,43.255947,-7.516681,54.184116,16.329733
-12.460847,-24.09279,36.46105,17.668106,-13.524058,-37.62952,44.74543,-44.992844,5.768894,26.321253
4.791218,-4.08116,-37.477962,-46.906136,-2.915691,-13.921279,27.165144,3.3167713,-65.12088,75.5689
13.854741,-31.948488,-2.6856806,-44.930595,6.045524,-13.702514,29.06593,-32.53621,-29.755493,75.53746
-38.625134,-32.49116,-7.3104863,-49.30901,56.78887,39.02551,2.7708788,15.894981,71.80105,-72.97565
9.688478,-80.090416,-9.720453,-53.537197,23.666111,-6.3910327,47.441498,-27.515299,23.253834,15.73596
8.64566,-59.659607,-41.361282,-46.463665,-8.152994,-16.99314,3.1976924,30.602177,-76.89281,35.32587
-44.837452,24.534006,-46.109653,-28.058804,13.107675,46.398663,32.078465,-20.623747,46.41951,-53.32897
-30.705063,-20.859503,-1.0995097,15.814541,47.515144,-38.799538,41.781773,-45.158073,-8.924214,-34.530647
-18.044605,-64.5468,-18.408972,-18.620787,-9.800107,8.5168085,18.11267,-50.998528,24.259209,36.578323
-28.916456,51.054337,-62.03429,-42.02621,6.224998,72.907814,45.50457,-3.7316391,28.953873,-42.648006
7.365728,2.6404366,39.40497,8.2305,2.8208919,-10.410972,-30.414406,11.760135,-6.055974,-83.24884
-37.24789,7.194107,-32.296707,-19.731422,-8.237958,73.789604,47.026867,-19.883797,48.94242,-41.18426
-16.217054,-69.4995,5.140579,-35.603523,34.592964,-0.4684071,55.92932,-45.48108,39.59877,16.869055
-14.564439,-64.41892,10.982308,-42.468388,42.311523,-4.856173,28.89763,-43.07946,74.31231,8.666197
-5.808617,-55.828484,17.776005,-40.4236,15.601852,11.441633,34.314262,-35.435696,68.38236,31.00498
-11.955546,-2.289727,21.962986,1.2241796,-12.496496,-70.41016,-27.560991,18.817427,-2.4618995,-89.400665
-33.581482,-9.345513,-24.968546,-32.00228,48.522133,38.996696,61.469696,23.01969,34.321995,-82.14657
-28.35108,-0.2984971,-35.98069,-50.139057,2.5818417,14.4848385,39.63986,-27.750847,27.839855,-27.061972
27.244099,6.4687843,19.443573,19.024868,-8.060267,-54.632587,-41.952236,37.96457,-13.768511,-42.058163
15.755102,-73.96677,19.342484,-45.27898,21.673695,5.1533012,21.677597,-61.896397,67.97802,-23.040565
37.81119,26.064165,-12.471514,34.35714,6.1960444,-17.84951,-39.820274,27.848711,2.691015,-47.721996
20.27451,-28.636549,20.337498,-66.93318,7.0555434,8.339156,36.445923,-49.20269,18.047466,39.02483
13.700764,-51.45539,-19.663994,-16.744656,17.51435,6.1338577,57.97256,-41.77949,51.716778,-0.12414366
-51.142395,-36.11433,-25.069435,9.513581,-6.575652,-50.55426,69.91498,-37.39732,-10.434619,-50.722813
10.141017,-0.25462633,-52.9142,-71.46375,-25.596472,-27.390696,8.25312,-20.22954,-25.118328,26.587372
-22.87208,-27.163506,-27.023071,-2.420046,20.570412,-22.596657,39.609543,4.339805,65.41401,9.098656
29.358498,23.723236,-20.683151,-75.05298,-20.782618,40.975155,76.56092,-12.092239,-73.51509,63.978573
-33.785034,8.953045,-25.55955,-23.495728,18.17987,87.84622,47.133846,10.315292,30.42024,-35.066772
-6.195232,-66.125656,-6.569934,-54.022163,30.28183,-5.157493,-2.1877146,-31.1261,94.370125,37.952503
-22.278532,-20.485403,-20.814285,-48.47348,39.075768,47.638,18.18052,-19.547728,57.213516,-54.36876
-18.954325,-23.504917,-6.673557,-52.2523,-27.879732,-38.320072,-16.278992,19.07019,-22.34803,32.004204
-20.926462,20.27992,-13.277007,-23.776325,8.919637,72.180565,35.051895,21.468796,61.004524,-61.998123
-55.427765,-76.91433,-1.2273735,-35.113808,50.483086,-12.14798,20.723753,-30.316217,57.409218,4.189413
-3.2782743,-60.854137,6.3721914,-31.87811,32.33875,-20.972296,36.222614,-36.28829,47.547295,6.4486322
-33.35052,22.356638,-48.77421,-17.394207,18.268484,44.156414,25.685003,-12.959293,69.8096,-27.667921
-27.866714,35.414158,-46.902004,-58.894173,6.087478,50.58058,24.852446,3.7832615,26.987,-20.714432
-40.24538,-13.419049,-14.259149,20.991299,2.3554933,-45.157574,58.079693,-41.84145,-27.776203,-33.483738
-47.59556,-55.322075,-32.663776,-61.92424,-36.29317,-6.6925316,-54.54368,17.082571,-14.124155,5.4320736
-37.256668,-17.139837,10.34972,-12.297203,6.526692,-39.44704,47.227497,-28.596323,0.24070475,-12.345936
24.536413,13.964344,-24.66289,-65.57105,17.749918,17.447054,22.128418,-36.719368,-70.44282,37.566143
-56.44111,-2.805051,-32.5969,-28.663485,-5.4111166,24.295317,50.6179,5.2114472,52.09058,-58.86808
-18.815033,30.765299,-32.48968,-35.44111,-1.7479852,49.033737,42.46958,8.832149,-5.9720335,-60.85598
3.5909896,-28.679653,-17.75052,-59.384182,9.7902355,-20.778606,19.348682,-43.83457,96.956795,28.85109
-2.5205126,0.4926919,-13.483392,30.849318,26.006332,-28.826433,91.436386,-70.01106,-39.49282,-57.14053
17.234373,30.659285,22.316494,0.76954854,37.20909,-49.025364,-9.915958,19.140839,-17.109509,-81.17562
-20.249645,-16.64322,8.837382,17.13811,-4.0158463,-12.816317,80.36253,-73.87339,-0.29176202,-48.066658
-22.006542,-17.859154,5.3395853,-47.038033,-12.235476,-64.29441,33.57528,-7.321423,-44.61656,14.497402
24.054565,10.521933,-85.62706,-56.44626,-35.015568,24.246069,28.224459,22.51094,-89.617455,41.831154
-23.935774,6.444937,-44.46507,4.488703,-1.4375154,81.80581,37.618713,-20.01929,58.708015,-37.23517
16.6933,-8.625271,-26.710316,18.751177,-26.598013,-52.68544,33.99986,2.030638,-25.047407,-31.818727
-46.984745,-42.89676,17.219177,-28.678305,8.623499,-44.42859,27.290136,-31.04884,-43.897217,2.007951
-54.230564,-21.597073,-13.523126,-1.8530692,9.540028,7.4855185,65.035095,-32.442352,-3.0313356,-39.374588
28.781353,-2.3138483,-19.669388,-73.7456,-23.878897,0.05513692,12.890567,-33.213963,-59.79515,77.6576
24.903908,10.891063,20.604065,23.613415,43.216305,-33.10754,-21.409595,34.921474,-5.602807,-79.66631
-20.259722,-15.933008,6.1006727,4.2514644,47.820972,-65.20266,45.725506,-52.205467,-14.377719,-24.603554
16.547295,-32.927784,-14.305756,-47.298447,-4.180685,-38.69756,5.4019184,-11.875196,-70.447624,54.985764
4.501169,1.0170592,-36.369125,-66.39342,12.114367,-4.059986,8.371911,-14.674232,-75.953545,42.972935
2.25455,-56.823013,-5.9234853,-30.039936,42.1212,1.5980936,41.792645,-54.339172,58.930378,12.946891
28.945822,24.12027,36.738174,-20.776632,-6.6118817,-17.46533,-43.549274,22.484098,-21.68896,-63.271526
-16.272242,-59.891068,-10.838007,-15.739037,57.92385,18.786524,60.83483,1.1998081,40.923714,-36.037605
-44.814827,-46.068516,16.678593,22.898806,-1.2057947,-51.001183,64.75236,-10.279464,-9.992672,-9.630161
-2.1526945,-68.96354,0.5748043,-31.58374,58.89857,0.5368129,58.77486,-22.154392,23.941536,10.871695
-25.424007,5.3196263,-27.35737,-42.593857,17.758904,38.273273,33.466797,5.3241177,8.431651,-63.11678
-23.446468,20.412476,-32.719975,-28.949,-24.504618,42.738167,43.26819,-6.8524995,51.152603,-4.7141566
-26.569881,14.007525,-20.104715,-29.256325,2.3925986,54.57472,41.91568,15.357692,-7.305165,-56.96459
-15.88155,24.165213,-38.75374,-6.9932384,-5.90155,59.229485,48.53893,-27.777857,17.751429,-47.254128
-15.357356,14.690493,-34.00985,-64.89622,24.749907,32.582397,24.496592,12.157712,75.38332,-6.9604373
-22.895739,-40.705105,-4.0583887,-0.76002574,15.844093,-58.610134,72.05617,-37.076485,-2.6671667,-47.54425
15.108268,-42.9462,8.281947,-20.876371,58.40989,6.7755156,31.466654,-40.200924,47.727753,5.6481695
-9.275053,-64.64954,-14.59522,-32.91804,1.8520365,-32.554195,22.07498,-55.70059,42.116096,9.832125
23.716585,-33.319542,-2.1213412,-75.39167,10.262304,-24.115414,28.400988,-27.188818,-7.3124003,42.936382
-35.667347,53.70278,-31.9701,-57.832928,-12.329649,53.319427,29.817873,29.068062,64.94826,-34.55497
2.810561,-70.8709,30.670311,-45.896175,34.775036,14.672788,56.12581,-47.53443,47.560165,-4.272333
-22.635366,-47.242535,-54.37652,-42.984,-27.766455,-7.609394,-9.5065775,18.557045,5.1982217,58.362038
-10.12096,-64.701775,11.002247,-20.793545,62.216564,7.00735,43.550636,6.8223977,31.849699,4.420352
26.592747,2.5184834,38.809418,16.362936,21.045025,9.930435,-36.222168,-1.5502908,-8.117193,-84.45734
-48.80433,27.927725,-34.012688,-35.52402,24.40574,38.506416,47.285164,-7.164764,42.158714,-44.170357
-8.482854,16.726168,-6.5808945,5.0329275,10.33246,-41.130104,7.083133,18.04048,-10.477579,-18.24976
10.987662,1.6080883,19.25182,19.669424,-0.024613352,-55.060154,-60.843296,25.01808,8.932676,-23.749557
32.710613,45.660202,-13.6112585,5.4374166,-6.846577,19.041569,-8.598878,-18.082058,31.594925,-66.79084
-36.159077,-93.40802,6.7609553,-43.599976,34.52876,-15.396574,51.129116,-11.712448,21.610683,0.010818005
11.184034,22.058651,18.311935,-23.432055,37.162407,-52.79095,-21.713099,66.77792,-16.179783,-63.51624
20.6522,21.15498,57.475925,3.2593722,4.4013495,-25.31685,-38.342636,-15.778169,-21.673838,-75.162315
-7.4193645,-0.88710153,5.942122,-12.790482,6.6547046,-82.43113,-18.0189,43.652157,-25.248547,-76.90651
-57.318993,35.40759,-17.56776,-50.708378,-3.198127,51.039764,53.42338,23.214308,55.694977,-40.82634
20.11391,-29.007242,-40.50293,-41.889687,17.205105,28.79719,29.601273,0.38988516,3.5257976,52.55078
21.162388,30.776524,0.11404908,-13.933066,10.514377,-46.389683,-37.809322,-34.000114,13.643955,-80.163155
-36.509663,-5.850474,2.0611959,22.000498,7.21232,-40.889465,52.028305,-22.914457,-35.493984,8.705762
-22.159569,26.5559,28.993416,1.8331271,14.1689205,-9.026881,27.857157,-14.942788,-15.511809,-11.479341
26.473843,-6.809039,-59.131344,-103.08338,-43.14435,26.811586,35.74186,-15.315316,-17.723186,36.190582
-40.81928,-15.785316,-4.5690055,14.094494,13.762285,-44.806683,61.313934,-36.690804,-34.038074,-43.67719
-36.62629,-9.43354,-10.781854,-20.858755,4.9659657,55.67,17.913145,47.880257,26.463001,-79.61392
-20.866138,27.811073,-32.888832,-15.249232,12.006019,60.305996,40.270565,3.994479,30.1683,-12.474297
-15.565043,23.467072,13.6134,13.408754,-6.5522323,-37.427002,-10.306517,6.6202173,-12.837111,-37.68587
2.7779243,17.730783,-52.759457,-62.112213,6.5465817,35.370766,22.732481,-0.47084838,20.219044,-24.813337
11.890948,-3.8679028,31.114502,10.790435,-11.022087,-65.30763,-35.078045,-4.240365,16.66478,-49.508423
40.076904,-1.6870226,-51.143124,-68.342026,-9.601726,1.5356807,59.719604,-32.005043,-72.03362,19.594881
16.056353,-7.0263205,-1.1939532,-17.036821,-32.839977,-38.086834,-38.89475,19.267569,-35.799976,-48.840603
-42.87253,-7.6017957,22.137146,15.812746,3.0488908,-27.168499,48.436943,-29.827087,-42.781773,-1.4573402
25.74438,13.433573,-2.7702537,-15.037478,-7.631332,-23.269829,-54.2172,14.224694,-15.321421,-32.57584
4.4225683,-60.85017,-1.0947554,-12.897486,52.916718,14.028785,52.614697,-29.402256,89.59518,31.927183
-7.408294,-41.48073,-59.387196,-54.462,1.3556128,19.81446,0.10265857,-33.346943,-22.17626,25.29872
5.5036345,-11.369667,-33.00329,-42.617294,17.02031,-13.022349,31.453306,-57.432022,46.125877,-2.6182704
-2.2370284,-25.02423,14.681738,-7.3795156,0.7316495,42.748127,43.577496,4.9706726,39.858727,-46.616657
-18.337114,-43.836346,-13.09576,-15.05557,11.24463,-65.0597,55.0612,-15.127819,-38.77546,-31.656027
-2.565409,-61.79545,6.7227573,-30.595669,65.858154,4.130861,44.319973,-23.501348,41.97137,15.60264
30.423508,-23.990004,20.392864,20.146288,11.522039,-44.127556,-42.51033,23.217154,5.0695205,-54.071682
-43.23441,-63.029926,-4.7042437,-17.466549,12.818673,-54.604393,25.921328,-32.44065,-24.136147,-42.69173
-55.78775,-79.27905,8.7770195,-45.381634,43.951317,-30.172558,27.32138,-28.844046,86.48917,43.51405
-10.601385,-59.99388,-14.114833,-48.51874,25.335793,-12.05875,39.67734,-37.12677,51.637634,14.626062
-47.18656,-21.876472,7.3463945,-65.397545,-15.627762,-10.498106,6.4861298,19.290464,-39.70798,44.248016
-18.257824,-36.323612,-27.945482,-31.200916,35.004387,22.004293,44.860176,-4.503207,48.7724,-42.86501
29.519129,-61.30917,11.012502,-28.46315,24.409357,9.853313,53.55153,-41.584953,53.329712,31.799425
-5.051707,8.952503,-126.15269,-83.18522,-4.84294,-4.9914827,28.605745,-19.787687,2.8624847,-6.0456038
-5.6445646,27.877197,45.820484,-3.778979,-0.42264304,-51.227962,-45.14078,-18.791752,12.579658,-53.630714
-40.02288,-48.05455,35.823166,6.670872,4.574284,-29.914211,33.919403,-50.54663,-41.472134,-33.46956
41.77817,11.740553,57.208523,-15.665691,10.994352,18.124296,-19.66656,17.724491,-7.396457,-65.19479
-6.2371025,7.71246,-1.1034641,-22.990812,4.648737,-2.8760004,23.414896,28.418531,-49.09172,-59.635456
-3.3632822,-74.45693,15.931348,-43.02176,46.504208,17.689043,56.358692,-9.644111,49.187176,63.105854
-16.910389,-32.118942,0.9739344,-17.87957,-9.989071,-68.14081,31.023172,-28.68299,-24.41388,5.6094933
-25.94831,-27.236755,-32.069656,-75.0999,-49.550083,8.119615,4.930382,-15.743597,-32.218525,39.715527
-37.3054,-33.27969,-29.937368,-80.9323,-18.208504,15.232745,9.372694,-11.948825,-34.689922,31.550016
17.331724,-67.19315,-0.21720836,-17.935392,40.561993,22.07148,30.410385,-43.269993,84.522575,27.808596
-14.380469,11.614698,-47.28511,13.847984,2.9509356,29.191051,68.69005,-54.740437,1.6619716,-51.333313
1.8425169,23.859093,-2.783012,0.736544,-13.283287,-45.790215,-21.724136,10.657961,-3.102065,-25.231726
-52.404438,23.51787,-41.538494,-35.794052,5.6962714,39.673565,28.799006,-3.6098332,37.39042,-45.7899
-46.5153,-48.38399,33.86805,-5.61337,8.06951,-41.97566,46.130035,-41.91292,-47.66262,-17.389011
10.46117,-58.586597,-49.186863,8.321856,-37.449974,-61.936817,80.97069,-33.663578,14.588803,-29.367134
-51.808342,-37.10736,-2.371907,13.85124,-3.2055933,-38.538273,59.14592,-26.83673,-14.368632,-12.42969
-13.387575,-42.03603,14.421606,-13.35473,15.664744,-99.11146,41.065235,5.573991,-28.595259,3.042596
3.3046362,15.928841,18.328274,15.220188,-3.060856,-36.64676,-48.122486,21.357138,8.768323,-29.662176
12.997138,18.647753,47.93888,-21.479141,16.639742,-51.435566,-4.691235,37.515312,-38.804733,-83.84037
-18.735512,12.304685,6.073949,-4.70459,-23.855349,38.090042,32.094223,-36.349453,29.680132,-11.932067
-33.034836,27.944141,-36.05295,-60.56311,-15.484512,34.6011,59.07528,13.255136,57.649033,-50.62579
-16.891851,-41.30993,-0.26262113,-53.77794,32.485474,5.2772694,48.01685,-41.081097,36.842728,28.181543
8.940736,-53.568447,2.0935402,-46.279915,29.481302,-6.2583385,60.29797,-3.2915783,6.140203,51.221893
-87.7254,5.123298,-27.846762,-30.652359,22.772627,57.051666,35.014595,13.042177,57.8076,-23.166115
-26.614674,-48.609203,-14.178016,-5.250849,14.2442465,-53.06781,42.39263,-37.33859,-3.4427433,-41.07625
-10.602469,-6.014448,-20.175543,-16.837555,16.330015,1.7867833,40.514145,9.046223,-29.689665,-72.759705
-40.130276,-6.712171,-16.157507,-18.814138,23.440416,67.75314,18.911076,27.225927,24.483738,-74.94544
-15.202137,-37.505394,-58.448387,-18.619408,4.1618342,-21.82909,16.67361,-33.376114,23.36581,5.912325
-25.4222,22.811918,-38.700207,-48.567574,-6.8266253,46.890594,35.426895,-25.988796,5.022818,-11.238511
-24.65658,-21.033104,-36.657642,-12.429297,-37.88138,-6.332579,30.09911,2.089638,67.862915,4.2342987
-27.911407,-32.704556,-17.856539,-36.513348,27.4002,-5.9142613,34.793144,12.807747,78.74106,21.190163
20.073772,40.725376,-0.9607201,-28.724169,-10.374184,-32.139362,-61.272827,-12.885028,-25.414423,-66.24184
-21.546324,-53.852177,7.861907,-12.374029,14.38598,-69.02875,66.1052,-41.81444,-18.226963,-32.475826
-2.8983746,-41.29967,-20.459362,-47.319447,45.6697,6.928315,59.463245,-42.425007,68.445045,8.402189
-45.50808,-17.626625,1.9921255,0.72947395,29.671312,-33.304928,38.979713,-43.917156,-23.14248,-2.0579598
8.029896,-29.351618,66.44561,3.269425,-6.8810554,-25.816591,-10.263158,30.931028,2.8404515,-64.34212
-37.827656,-1.5812985,-36.095856,-8.48845,32.483646,79.73017,34.016235,6.0252514,44.2165,-55.76965
-9.814575,-0.74185383,-27.19168,-56.102783,26.199156,0.6013628,14.106376,29.692905,62.045036,18.898245
-43.96863,-0.49053904,24.70856,8.721066,-29.110933,-66.2811,-27.494402,24.874746,-9.014089,-98.26308
-9.37013,-75.45878,-20.507696,-27.475218,17.701145,-6.2030706,65.26841,-30.822325,51.307106,23.829851
13.54276,20.169476,27.098278,9.809469,49.779045,-42.82202,-20.362005,29.13599,-19.395105,-85.772865
10.587571,23.482738,24.705456,11.68317,19.427773,3.6455631,-13.58606,6.586101,14.733344,-78.84481
-35.067207,-50.440773,18.20937,6.029512,32.764423,-41.741806,46.688393,-41.647408,-26.049505,-27.304586
11.265362,-69.94647,10.842852,-7.9824214,44.52495,2.674117,67.96244,-41.79237,38.714493,37.396866
-11.090614,-69.06246,-15.261574,-11.800597,54.694763,-16.737093,28.927345,-22.254822,113.4195,20.084288
18.192188,-34.003426,-35.441044,-4.755601,30.850101,10.473021,54.828094,-51.181194,76.34639,45.18708
-29.969872,-41.03675,-56.5546,-21.166092,-34.74697,7.563118,-25.289822,-45.213474,-71.02153,33.038105
13.02076,-34.746075,-37.783146,-42.05041,-27.087526,-16.585897,2.8139424,3.174266,-45.17152,45.96564
-43.289524,-79.30673,14.436442,-70.51754,61.64102,-9.901102,31.195507,-42.362133,47.04883,3.789313
37.79565,-10.52996,9.090964,-22.61322,-27.61778,-25.207483,-19.357294,21.56064,19.983112,-56.755684
-16.120634,-16.307423,-49.02261,-37.695766,7.2791357,25.228666,14.963614,7.3199925,77.92533,-49.895344
-22.193777,-35.50707,-10.56572,5.5308313,7.7414613,-75.416626,62.679874,-4.656163,-48.90984,-7.3086514
18.06865,-48.09465,-9.636987,-26.811861,48.12222,1.6862215,32.43057,-35.154934,72.01694,13.01392
20.087204,-3.5635955,9.711849,16.695642,7.990031,-20.826443,-43.88625,35.13398,-6.7731676,-55.37895
-30.20692,-26.391779,16.658829,-9.29825,-26.29892,-49.831997,52.80803,-37.677326,-43.8617,-0.3424662
-52.447517,-2.5165324,-14.205093,-4.015234,1.9586558,-6.8104415,0.40553373,-21.10913,-20.586262,52.574505
-38.152294,-17.847975,-28.329435,-43.157913,18.840971,13.348438,28.906298,13.461822,35.45066,-39.823936
52.962658,14.096781,-2.3022552,-17.313906,5.8334775,-14.525818,-43.769375,17.78495,-16.182703,-39.97303
-74.386696,-39.003155,4.376077,-6.436234,-20.184973,-30.97381,75.11684,-28.182827,-32.048134,-30.713816
-13.89079,-18.571333,-20.036654,-49.766644,12.461865,47.16586,25.088823,-6.4855766,45.966896,-54.263107
-48.336933,-49.26843,26.18454,-13.359286,17.826963,-63.098648,44.81092,-22.34309,-70.04983,-12.116923
-38.3471,-48.765755,-21.374174,1.4431864,1.5562391,-45.955666,80.137085,-54.511307,-23.568228,-63.300835
7.4567204,-3.0969753,-42.84278,7.660311,-2.1171098,13.067476,69.10275,-66.854576,-13.343147,-49.29972
-52.96073,-9.321008,-1.1181271,5.1847568,13.154164,-10.463405,58.203423,-46.283813,-23.559427,-33.554188
4.770842,-58.413357,-0.35547584,-13.459119,66.36003,22.369164,51.228638,-23.827145,77.66682,32.548584
-7.1024737,-64.02418,28.557446,-30.44839,48.797375,-18.786121,43.490284,-37.640785,31.047676,0.034274817
5.266691,-27.882662,-53.66683,-76.99803,-21.700508,15.048867,17.451967,29.395092,-56.50309,25.749937
7.2482677,-60.26944,-11.92935,-35.478073,32.78858,12.439704,45.486584,-53.587605,75.59938,14.792458
7.0570645,18.712093,14.797566,-15.412149,-3.8050675,-66.62413,-14.029772,47.893246,-33.970715,-84.08573
-55.55732,-40.37921,22.283905,-15.495531,15.650035,-74.89309,25.995804,-32.471817,-26.08348,-23.312073
36.19698,26.1808,0.91976035,-9.475929,8.316564,-28.63835,-41.552418,4.5487924,-24.379318,-74.22492
5.572823,-72.940445,-8.887315,-26.968987,43.61112,24.628942,19.581573,-49.793537,77.14725,18.693083
-20.595129,-17.188133,-42.72683,-87.6444,-34.53418,26.008503,9.305863,0.62168914,-57.658184,37.72438
19.814075,-34.256245,-146.10565,-112.51541,-8.657569,-6.033979,-42.719643,-16.152594,3.6080148,-32.92065
-14.213602,9.390446,-18.088305,31.530493,-10.950737,-33.865837,-18.911049,-0.7927728,1.0923193,-12.469979
7.9401355,30.012274,-44.993626,-40.635536,-7.5947886,-98.62482,22.643623,-10.371332,0.3756921,1.4179685
13.384468,-1.4085419,-45.101173,-98.20049,0.908685,-15.146925,-12.576794,-7.242887,-74.673965,-13.605127
5.0920854,-22.237333,-10.721902,-47.785572,6.4018955,-28.566147,19.761087,-25.104753,-77.800514,49.12799
-50.209625,-59.64144,30.524364,-4.049675,-2.659881,-48.20274,55.139565,-43.693153,-34.945194,-18.194124
-29.818472,-36.7202,-40.592457,-78.238716,-21.596186,9.759937,-17.382162,-23.137762,-9.806337,24.845182
10.222945,-5.514939,54.576424,-0.8599534,12.1475315,-34.53059,-12.2223015,31.292814,2.8048034,-72.77222
-66.09427,-40.647816,-15.100647,7.3024983,-10.682441,-36.520447,73.377975,-23.85527,-15.832419,-64.6341
1.5000052,-26.85979,-41.903862,-43.785698,3.243751,42.844975,-9.247785,-24.716478,-38.35958,41.25514
-31.024103,-58.088802,6.9264045,-17.57062,-12.73937,-52.740356,79.36346,-21.14442,-45.185635,5.9706
43.076202,37.438725,11.771561,-36.230648,-26.602413,-55.3738,-51.89322,-57.62964,11.209121,-81.10776
-37.57866,-43.635418,15.847383,-27.243544,-15.138155,-36.664116,32.69816,14.958875,-65.665405,37.878666
-22.450592,1.9171962,-62.622105,-4.451859,12.056379,87.91747,34.217686,-14.296335,39.14808,-45.370564
-28.949266,30.255505,-32.0952,3.1972322,-19.719797,84.59001,31.71298,-35.955147,64.669426,-22.848175
-8.087314,-73.32135,5.482338,-25.273453,50.475857,-4.419197,49.595055,-11.060407,28.143368,4.242943
12.0928335,30.358822,48.92645,3.7196789,-13.639677,-0.33769393,-32.658474,-50.46241,-5.1456447,-61.680344
-58.441837,-39.89065,45.64467,19.018751,4.563709,-47.59988,55.184082,-18.907894,-19.678673,10.676053
-10.501044,-69.65395,-21.39326,-28.713968,4.347097,-9.477145,35.099148,-15.478393,77.63152,-10.132559
-33.085472,-41.44961,6.6033845,-4.286072,39.819084,-53.274826,47.118843,-55.48466,4.0632772,-32.319725
-53.64049,-8.89219,-9.514254,-1.9318725,9.450797,-1.2186893,71.49721,-31.198107,4.728279,-26.177464
0.82161623,-54.535255,-17.720818,-11.379389,-13.235391,-50.41196,48.97243,-11.900295,-33.85551,-64.14202
-21.629818,22.210533,0.8621001,-62.011486,-24.28425,42.12411,3.11442,-11.163105,57.183002,-13.543703
-46.95663,-19.485962,-40.57928,-31.785097,-4.0005865,21.550121,28.788643,11.044927,19.946955,-22.492825
60.854866,8.39056,-0.5083341,-25.048973,-17.85237,-28.317696,-42.35477,4.3670626,-21.56284,-44.204666
22.633116,-8.747506,26.78963,20.447416,11.710479,-9.516078,-48.688683,2.3547347,1.7356937,-81.67015
-16.478653,-70.415855,24.912167,-47.565098,38.807228,13.997127,80.313446,-54.801834,43.444668,10.333156
-15.94361,-49.730255,-22.486994,-62.955162,-50.092667,-49.187332,24.46071,-3.3033323,-46.884354,48.286587
-7.9557285,-65.019936,1.0997515,-48.842064,26.49562,-6.26095,70.393555,-35.736805,64.419876,29.785461
-13.860151,27.466246,8.082701,-14.63739,-30.496162,-43.834396,-39.778126,3.2618692,-27.25385,-54.193523
-62.82136,-42.81269,6.5187693,11.688364,-14.113505,-27.12172,58.989143,-46.98851,-10.717545,-54.46213
45.394848,14.036445,6.600133,-2.3821545,13.188761,-46.79203,-24.735254,-17.186947,-21.8149,-34.490433
-24.01076,12.3609295,4.0311913,-24.58389,1.2064059,9.495245,0.10125065,-17.326086,43.932953,-20.158453
-26.309883,-18.500082,-31.682257,-68.09526,-6.2601695,40.41754,2.7139244,-9.590722,-40.656048,34.590157
-33.98196,-13.086472,-59.291763,-42.286808,-4.688245,10.785604,6.9512267,-41.907146,-32.10614,35.21533
41.71364,7.717297,29.36816,-39.83532,12.425243,-9.953941,-34.49199,-2.1729329,-24.956175,-47.662933
-4.3636456,6.1136713,-35.867107,-22.656956,-2.5130115,59.60315,25.21964,-12.400345,81.88452,-67.286995
19.621782,-15.857073,-14.328943,20.490055,-15.983942,-35.11257,20.06249,-30.55626,-1.2588347,-74.57867
10.87682,11.717968,-22.919806,-17.772413,-6.680582,-62.318073,5.4025993,-11.9570055,-20.647766,-52.806538
12.620154,41.24589,18.160446,-3.259744,8.879528,-43.823864,-27.116907,6.4791994,-15.308969,-84.045296
-13.693669,-50.4573,-16.330982,11.153809,7.4206553,-49.029858,59.611797,-39.63166,-16.78779,-60.311306
-38.805363,-20.476494,-8.705406,-62.075474,-32.94109,-19.551508,-1.0432397,2.3522184,-29.898705,27.213037
-20.508297,-46.035164,-19.691753,-13.733735,-10.335999,-73.38915,53.09813,-29.34214,-46.117157,-39.1296
15.81563,35.467346,11.37965,-28.597063,-17.175222,-37.648502,-42.414387,-36.1302,-13.585218,-92.62518
13.230064,-75.46225,-3.974875,-20.355211,46.053482,7.70391,35.666317,-67.41562,51.383232,-0.63506347
35.01515,11.586777,21.419224,-43.3455,-16.923428,-35.241425,2.7353425,-31.346178,-10.653916,-108.50485
2.9666097,3.7060826,-18.167095,-86.582565,-53.26657,2.712381,-1.1992356,27.118036,-29.18095,65.696304
4.610378,-37.399757,-22.244093,-27.480867,22.152348,-4.685812,50.188084,-25.37515,71.63405,15.183912
16.939793,-7.8151326,-4.6395206,16.90168,-6.759843,-42.527245,-37.77058,20.764652,-4.644417,-69.944786
-8.728044,12.910461,-26.001377,-14.994486,1.2532773,1.7081152,58.51248,-27.80913,-37.698406,-63.086678
-19.755102,-27.69031,-57.028263,-34.573757,-23.976103,15.607533,-11.470646,-19.15483,-71.63818,46.803814
-34.02994,-33.459396,0.8854016,-8.786605,4.855922,-68.60381,63.614265,-43.05093,-5.165356,-21.155977
-19.733448,5.3752685,-28.11162,-12.3559475,32.97966,36.673363,26.71867,0.6147932,61.912903,-36.105217
-32.07513,37.482426,0.9583211,-42.145348,-13.055047,16.731293,38.38407,19.016754,33.54865,-41.073795
-1.3006669,-42.42841,-57.797607,-58.327534,11.497783,6.1066804,6.7173643,-16.808283,-20.106415,9.301236
-21.350529,-62.886528,-39.76234,-30.951473,-4.6842337,11.495612,4.1252255,-11.316962,-25.712732,32.590492
-14.481049,30.469347,-25.632158,-0.53269887,-13.475788,64.24667,16.826809,-31.215496,54.282036,-15.647279
-18.66969,39.705467,0.6390455,-19.72255,-31.96392,-68.033775,-40.466164,11.455651,-1.47618,-63.18544
5.517014,-55.071487,13.114636,-31.929485,40.32863,-0.75993896,44.80751,-36.004967,48.24224,35.92223
-58.80615,-7.6483927,-3.716496,-54.809933,25.415047,48.4095,11.140067,7.13334,73.98383,-53.56873
-21.087952,21.78464,-47.166485,-75.275475,-28.61263,-25.904827,-28.01841,12.8269005,-44.61929,-9.415495
-29.712679,-57.74921,-18.16804,-23.740854,7.624308,-46.17578,7.498279,-30.31437,-16.411411,-7.1455917
1.3765008,-17.85805,29.794754,14.091267,1.648284,-39.03278,-44.972416,-10.272331,-10.88416,-62.163376
65.32256,8.050877,-1.9766481,-41.4328,-12.362816,-13.015839,-46.305298,3.4602904,-6.5784554,-54.53018
-5.8508987,-80.063614,2.3131053,-19.729763,26.633902,-11.937888,56.156807,-20.772583,55.699696,5.7707214
-3.6127415,-85.21254,28.149765,-59.04953,30.540855,9.248478,39.04781,-63.96187,58.598557,-8.009338
6.8456078,-78.86623,-23.256235,-19.638596,-60.184765,-13.441394,3.8618917,-21.494694,-52.568634,59.92772
-52.641632,-14.37223,-44.458363,-34.44876,-3.5759027,-5.2281985,-13.573519,-1.6407046,-55.058945,19.32519
5.8780856,5.1512885,-13.046128,-65.254005,-16.047817,32.769917,-8.651301,-36.297318,-47.593792,42.37677
-50.376564,14.128412,-44.236397,-10.419309,20.060095,51.137737,35.280773,-19.603455,72.25024,-18.529161
-17.308567,38.999138,-62.937473,-46.30688,13.496843,54.45986,17.46585,33.175,57.203415,-67.266235
-21.335022,4.462791,-47.123085,17.495953,-35.807205,38.56106,1.7234513,31.361425,28.168676,-17.816198
20.829603,42.26462,25.875484,-7.53072,18.884827,-56.08119,-29.39182,49.768974,-44.876556,-70.9007
29.80454,32.22531,-8.471156,-35.40526,-16.661541,-24.902447,-55.344795,1.2321943,-16.752262,-47.099728
-4.0084305,-53.6375,-32.38352,-18.115314,30.925228,13.459014,47.810665,-12.549271,62.0504,-35.3541
4.060455,-65.99813,-21.501293,-17.392904,61.132317,9.046565,36.24506,-6.5339975,89.146675,22.07422
-8.421894,6.0514636,25.321579,-15.383812,-9.813044,-57.992943,-35.33382,58.64292,-25.666134,-62.27543
44.50115,13.539168,-13.850252,-29.239109,-29.524921,-18.875196,-49.015804,21.865221,-18.684433,-58.713345
-48.970463,26.922678,-15.822116,-42.697815,-16.972305,50.238476,25.573746,29.955664,58.713997,-39.60956
-5.400569,26.869478,-45.298153,-96.99958,-28.786932,40.513954,19.539673,8.68804,-58.506042,51.96807
27.009134,-56.74325,-74.887,-50.960102,-28.751535,-24.545095,-26.960583,18.493488,-4.6047716,25.8286
22.81275,25.967707,35.784893,-6.98493,1.6194625,40.06561,-28.194906,-9.891051,15.388183,-50.62229
50.58709,12.57918,17.6344,-11.081406,0.6103725,-15.79886,-39.150658,14.008239,-10.394006,-47.844593
-28.46967,-12.494386,-39.02576,-29.680891,6.5350065,2.0014176,35.498005,-15.212195,61.88987,-41.724277
-24.209703,-10.013061,-32.425655,-27.31253,0.98373234,35.35741,37.30914,-4.5306683,61.026108,-80.758934
-6.474392,-33.938255,2.3861015,-36.36135,3.959568,-96.38727,52.972267,-1.5943494,-18.768202,1.2114408
-30.876923,-68.087975,-18.997313,-44.54494,63.71736,-25.101519,33.454002,-7.733639,61.519333,40.651894
-7.730154,-69.14253,18.631176,-24.419474,59.058758,-5.710965,47.01561,-17.184769,34.762344,-0.24493842
-0.83364856,1.3065773,-32.477493,-1.9459448,5.016104,-54.883125,-38.819946,-17.059038,7.107921,-10.560306
-49.961514,-1.1736143,-25.212309,-30.978191,17.626005,66.98537,27.704508,14.776879,35.00399,-65.34633
-20.210255,-22.951258,-31.835644,10.032496,-17.975956,-52.635483,-61.005806,-23.598711,-14.943161,-13.356541
-62.03318,-4.718015,-38.037346,-37.050148,0.7311244,38.94623,34.24473,7.8526692,67.627426,-48.91811
-0.9494307,-82.25843,15.0778675,-37.991737,16.314362,14.561539,47.472942,-6.4022856,55.98246,2.8222911
-38.797832,37.67306,-48.23789,-32.34173,0.22070569,45.62441,48.96131,-17.632273,72.59664,-39.529552
23.368803,12.961219,6.4090366,2.7748408,-5.8428087,-19.647133,-53.414787,32.87941,-14.042792,-46.425026
23.726828,1.910298,21.72504,-25.527569,2.664576,-43.01326,-9.372038,17.722454,-17.835518,-117.276566
-23.549341,-34.148743,-6.6090474,10.19464,-7.2318435,-80.32493,61.302147,-1.002233,-32.789062,-24.378374
8.311144,-35.454994,-53.47139,-38.31781,7.690584,10.85423,1.950362,-26.468588,-5.7163205,1.6796372
50.50694,-2.6503055,16.010792,-23.994146,2.946517,-42.349243,-34.6342,-24.712156,11.916602,-81.799446
2.3543594,-74.09083,8.672719,-35.702763,31.805586,2.4670548,23.391628,-47.351162,79.03944,-23.05252
-11.179817,-73.63801,5.741832,-32.628277,58.78855,16.517761,33.480923,-68.34701,50.4879,8.874499
40.97173,2.7012224,19.903313,-6.9066644,24.64693,-12.886126,-39.126244,25.368462,-3.8608904,-44.156906
-28.672007,-18.14418,-37.04454,-30.941595,-33.574173,25.855711,34.448353,-11.201478,59.483494,-63.528477
-33.218037,-46.19756,-14.776381,-44.130886,-29.203196,-48.032913,1.8885164,-28.429554,-18.614931,17.204943
-12.244281,-49.076412,11.238026,-5.827883,41.047676,42.133774,57.650185,-45.0173,57.54422,-20.021374
-2.1206656,-24.18436,-48.27305,-58.517586,4.9894247,32.593693,4.773454,-31.310627,-37.00857,34.168312
-21.350897,-75.84089,-9.751898,-44.26695,19.534103,-14.233338,-1.1389374,-75.30633,96.46624,17.279451
-29.942986,9.094943,-32.097973,-15.774058,39.49304,50.734016,43.852203,-14.281668,42.4607,-35.32312
-38.770714,4.5359697,-38.18983,-27.07176,-37.257156,64.55503,4.8391156,-4.2429037,82.51867,-27.493786
-25.4193,-30.568855,0.20385957,-9.236838,3.8530874,-43.44454,57.982784,-33.27728,-41.634644,-18.7058
-47.124416,-31.08396,-3.8161712,-21.108072,-12.566333,-46.306015,32.00949,-22.726307,-75.7062,5.929723
-27.839466,-54.382256,-8.16112,-11.953982,-30.373535,-82.10926,63.168003,9.053332,-36.616196,-36.96896
-35.576866,-13.886127,15.739463,-1.1308662,8.016736,-48.954563,53.12082,-34.080917,-33.691963,-14.747373
-18.472828,-56.122536,-4.735325,-18.125246,37.0443,4.197424,65.44909,-9.986973,56.091568,6.847864
-64.97195,-8.379104,-20.488367,-40.90587,27.500383,47.071663,21.033167,-13.35663,50.60371,-40.95629
4.8715296,-68.8661,-5.807473,-32.611,48.54969,3.4446764,45.775032,-25.847952,41.62964,8.447807
-26.51474,-61.107395,-6.669722,-13.97269,24.492641,-80.079605,62.47732,-25.750519,-18.899591,-48.02337
-13.733656,0.87489796,15.253047,5.622853,13.366542,-46.6859,-0.8361264,-32.54936,-16.317945,-39.193317
-29.010452,28.602613,-58.209606,-27.220198,-13.702853,54.94766,32.967285,-20.211592,70.98359,-36.610428
-52.532204,-56.897713,22.773983,-16.597038,3.2979105,-18.362179,32.496513,19.067583,-68.66256,25.07567
53.622272,24.029018,-3.1302683,-18.546585,-3.8010237,-20.627613,-47.742332,5.648121,-16.881565,-44.451935
-7.9944835,-49.5485,22.107822,-3.2138886,-31.370232,-67.872246,61.95195,-33.052513,-51.705177,-41.591408
0.270994,-58.69898,-2.0209937,-46.73388,30.60728,7.2888746,62.601524,-44.25584,50.741886,17.716818
-25.340189,60.690693,-59.846462,-49.122864,-15.358987,61.47867,30.823503,23.281057,54.137505,-27.249105
13.570156,-66.63195,-28.643063,-30.64954,3.532364,-0.15266775,43.40239,-27.995314,73.673134,14.6090765
39.357403,15.017643,-5.193865,-27.33835,36.52696,-37.238544,-52.204517,33.055435,-28.511799,-58.968475
-18.488874,-64.442474,-47.67289,-27.057266,42.40471,-16.697777,69.12941,-20.023882,72.95021,25.68474
-34.54548,-52.935333,30.440327,-47.174603,-8.525426,-46.014545,20.41557,3.0078819,-32.543842,32.438198
35.860115,-9.9031515,-11.206672,-76.90646,1.939646,2.3097754,12.502607,-39.522778,3.3269155,45.936214
-26.558105,-25.155548,-4.274069,2.0366096,-2.942318,-44.903522,62.108185,-25.98218,-38.762802,-12.249935
16.502775,13.656389,8.057156,11.86328,-7.624429,-20.209585,-57.73119,40.19361,5.8054576,-14.8181095
-23.839466,-34.238396,-16.909931,5.1973996,-4.6305847,-45.103516,65.76462,-63.27621,-30.748196,-60.106277
-15.670856,54.516804,-61.42999,-52.23444,11.46931,56.58604,24.337269,29.819769,62.260952,-63.865078
0.45247942,-48.067272,-35.44985,-21.767666,6.220154,-3.8766608,12.943951,-24.007318,11.465699,35.244274
-20.620749,-54.913986,26.84842,-55.037914,51.486816,1.6956676,42.436844,-30.386452,37.018116,8.778031
25.277649,-15.603896,28.575363,-46.7341,-8.928229,-24.009638,-23.787373,34.060825,-2.7850718,-97.04791
20.338041,8.887754,42.065132,-21.109098,6.485499,-43.063477,-8.006933,28.587812,-9.157495,-78.11514
-3.9375713,-88.36012,-19.62003,-36.094692,-3.46529,-33.735126,17.789429,1.7073798,5.7122145,16.386316
4.0652695,-44.777195,27.74916,-28.679295,60.56069,5.741143,43.64642,-48.786167,49.337715,9.926785
-30.21366,-6.8485775,6.6581335,12.900034,11.338097,-56.22124,65.00201,-29.581392,-47.979397,-10.852039
-24.385258,-61.958992,-45.649178,-56.789074,-22.179192,-18.996325,-34.13562,-20.930035,-17.601978,18.991804
-18.456099,-40.367035,-2.316855,-2.9184692,-20.247713,-63.87995,68.97754,-7.981075,-56.79881,-13.06102
-45.783844,-11.003832,-16.992266,21.606005,13.919679,-43.69944,56.527542,-35.291046,-8.001432,-32.521156
-29.941124,-47.598656,-23.625433,2.589117,-11.644887,-52.125202,71.4136,-34.718155,-14.402507,-48.244736
-52.37718,46.627014,-28.687159,-31.206495,5.6598463,48.107033,33.650608,31.632326,7.6522126,-7.5490923
6.566686,75.89824,40.447052,-21.928278,-1.3007994,-74.2438,-53.9064,-66.34864,-10.664272,-107.41205
-26.191574,-14.321904,-66.15889,-15.060802,20.405039,5.09194,21.750895,-12.061785,19.502056,82.246284
-36.359028,-19.188303,-21.964317,-34.702034,41.921734,17.110462,60.83848,-1.5405023,40.133675,-7.566159
-28.05121,-3.8729715,-33.801888,-16.86942,18.729532,65.67433,46.887287,-35.45086,39.113968,-33.36852
17.671438,17.582634,-55.255608,-104.19557,-14.726129,6.2468977,43.456104,-23.968334,-57.282337,16.5906
-15.430714,-63.71974,-1.7398678,-7.956088,38.716732,22.101212,15.61929,-33.281925,72.46218,-9.4825115
22.903465,-19.338757,14.577231,-5.220705,9.624982,-53.353344,-12.076348,17.969618,15.896858,-51.168793
-62.594173,-41.23563,-74.88112,-54.577843,-30.599316,14.778806,-42.376602,24.947735,-44.38803,18.261503
-48.10034,-8.391117,22.071869,-2.158396,28.19269,-26.254599,34.47476,-56.78263,-33.931126,-22.887445
-51.69166,30.13937,-31.36789,-20.185425,-6.210326,73.0339,37.65637,8.429664,60.452236,-46.595844
-58.52491,-34.720516,-30.210594,6.0227323,-22.408247,-40.741848,67.09663,-25.120993,-5.9247327,-47.542374
40.040165,-4.600285,3.1622262,-8.585314,-12.530138,-51.046,-9.300671,0.09449419,4.5800543,-65.16379
17.142635,36.586,24.135113,21.625053,-24.647364,-62.00588,-65.68536,-15.599763,-33.07431,-75.28287
-30.259026,19.39039,-28.929815,-42.837753,6.1466575,41.787266,59.372925,20.145634,73.529274,-69.634285
15.702549,-7.8525343,-87.30126,-54.842407,-39.457508,11.127848,18.664433,0.4977412,-49.28025,5.6657095
-9.313252,-33.459213,-26.016268,27.775955,3.0293593,-40.447952,61.16866,-33.59557,-26.44798,-52.887688
7.2860346,-42.17544,-48.053726,-22.241909,5.2914443,4.8259697,42.97622,-9.31699,7.046084,63.798946
2.26354,-27.045012,-77.296265,-28.011425,-9.466093,23.031664,-8.850675,-4.691684,28.321327,4.917204
-25.72005,-36.828945,-27.251726,-23.525324,16.076588,14.51113,59.736744,-5.952206,66.277016,-13.139514
-40.570026,27.40797,-36.942368,-26.82002,-6.2931833,51.45837,40.87601,-28.059391,47.083443,-37.16637
28.96048,1.0806564,-1.5257224,-36.5299,-22.763922,-34.29244,-25.410286,8.522373,-18.582743,-126.70518
17.490854,14.675895,-65.646,-101.98487,-15.566998,-22.64238,7.1868763,-25.811905,-35.253662,20.11149
-46.350452,-29.017565,-29.814138,-25.19064,-21.454533,-13.673686,63.202213,-21.983059,16.562937,11.380217
-45.00264,35.362225,-29.282854,-43.311554,6.636741,41.593307,53.60913,1.668951,66.49084,-51.799633
8.759822,-38.64518,17.40752,-68.21621,5.9604034,-11.750757,26.680447,-25.26996,18.763401,30.73649
-49.94713,-44.373024,-21.6335,1.0392128,-16.167368,-46.55435,73.424706,-29.853758,-15.517778,-51.30092
-14.356999,12.853956,22.14178,16.540894,-39.90036,-65.823616,-27.679197,56.032772,-15.165128,-73.931335
-23.579811,-13.925924,-75.518326,-22.42261,13.1078825,-45.57783,3.9538112,-5.3063836,32.682423,5.4116917
-32.72196,-42.187187,0.8692783,-9.606167,41.53399,-58.83925,53.993763,-31.407667,-13.548092,-41.45859
-32.690346,9.417305,-14.873577,-78.54002,-13.796711,29.713932,4.026317,-0.7823175,-48.26511,43.17973
29.096003,28.28014,16.002571,-22.224041,29.965012,-40.284836,-19.082603,6.5585985,-20.220211,-97.34578
3.850743,-70.86902,-9.514999,-29.114084,49.736904,14.0924635,47.348083,-19.323996,51.45317,-7.061143
-36.62969,29.573143,-24.253351,-31.921604,-9.828992,12.579608,32.238457,23.9007,31.59377,-51.648262
-18.657972,11.97778,-51.39543,17.590805,6.735221,26.85608,63.37986,-53.019424,10.279809,-46.026302
-47.93154,0.5460216,-28.07301,-48.700565,25.565992,39.01133,35.7115,-20.212505,42.243454,-11.914122
-37.473656,5.380466,-23.308744,-41.607647,8.9312725,75.275764,25.223387,22.630222,24.533138,-66.795166
0.20556754,11.468796,11.583505,3.0369506,-50.056328,-56.678368,-15.55815,41.015644,-10.150971,-67.23489
32.699112,24.59902,15.676454,10.006009,8.529375,-6.05438,-38.230076,-30.044672,-4.1277733,-80.51226
-14.25076,-27.845734,-47.361248,-66.57006,-0.9473616,-28.28373,4.6238966,-13.673451,-44.765503,26.045801
29.15182,20.970612,18.299805,-15.673579,-13.645739,-40.90323,-37.733433,3.855252,20.01981,-27.627285
4.607777,13.215734,27.449936,9.234991,14.878336,-75.950165,-5.2913923,21.785767,-11.265023,-73.96193
-14.2202635,44.486786,-47.677547,-60.38613,7.931965,79.851746,40.624996,29.976347,49.205875,-61.08396
-39.291817,-40.388386,-1.9470099,-19.924263,-14.777583,-36.643723,31.61902,3.6068308,-62.47579,28.524796
-10.173724,-31.986132,-5.75035,-2.2257588,34.613857,-2.8455153,75.88004,31.492617,20.008133,-25.698494
-33.72893,-59.495544,-9.579252,-23.258514,22.811512,-3.302087,39.386326,-1.8137858,23.971104,35.375614
-38.77503,-6.480429,-24.090382,-18.879522,37.863605,28.572796,67.48004,16.879808,25.728645,-36.614777
3.9857812,-51.300457,-26.566721,-6.928078,48.063934,9.441665,45.20446,-49.992332,77.15314,33.675106
29.783115,-51.078968,-17.72428,-41.03871,19.829739,2.164413,39.630486,-40.481335,80.94712,16.64216
-8.9280405,-44.252407,-23.129726,-26.381378,-20.919537,-35.247433,-5.2654347,-48.6311,-17.69454,-7.8026366
10.087731,2.5246542,-85.20593,-67.396255,16.377481,11.670483,2.6893275,6.0055003,-16.794966,19.555231
-41.45359,29.34224,32.833073,-0.53465414,-44.83812,-45.768936,-17.146564,1.100671,-37.93636,-100.28217
22.44182,-11.341985,-55.77557,-52.207413,-25.2302,-26.56888,-10.018864,-7.1215124,-41.102734,49.23705
-44.412247,-38.63412,36.75255,0.30645764,37.781906,-44.687115,52.6475,-50.716404,-42.852417,-18.372402
26.42117,-5.261331,53.03213,1.8467749,24.510012,-17.133482,-29.442158,34.806797,4.179363,-69.015205
16.90518,-79.56186,-19.988878,-29.249601,-4.900171,-41.544014,12.101028,2.1693757,-15.737166,20.629004
-41.25754,-62.99829,-34.057453,-51.548923,-25.164444,-18.45114,-32.927193,1.2368394,-11.986523,22.682957
-37.215366,45.356934,-58.65343,-42.638657,14.5808735,50.848515,19.586279,31.776505,42.69423,-42.55395
-51.474606,-44.76087,-22.447924,-12.263758,59.4211,-17.358,16.741997,6.3998947,58.1167,-25.431057
34.755135,-26.96968,23.25969,-7.242211,41.82672,-2.6319923,-7.784064,20.401793,50.06585,-17.677738
-37.448708,-32.852234,-7.992645,-16.053755,19.348192,-25.655457,38.06263,-45.002525,-0.9632377,-2.6336236
-10.915106,-13.675182,-15.639866,-40.450108,-55.77254,-10.677449,-16.574835,-54.931107,-34.030796,19.4511
-7.447949,-51.217545,-11.399686,-17.35194,37.795082,12.326235,44.61577,-52.2169,64.2866,23.739738
-34.47884,15.280263,-31.776329,-39.748104,3.2541573,48.367744,27.235315,-0.12947986,2.7750976,-28.034027
-33.60779,6.1724076,-1.5225985,-9.2510395,11.578884,15.946748,30.082813,19.73661,47.129795,-63.58372
-28.207518,-67.60499,-13.496936,-31.354067,44.96194,14.690532,36.375607,-22.734062,102.6243,23.140139
14.989484,34.87164,10.576925,-19.138968,-1.2723536,-31.490551,-46.472256,20.337149,11.715509,-39.26802
-26.84293,-49.924423,3.78479,-18.18545,49.660877,7.8555145,66.21707,0.18041036,30.945087,-5.687015
-41.607407,-25.567179,-1.1364291,-11.816333,-9.691611,-73.81785,41.08704,4.686405,-37.443146,-6.80174
-42.264908,-56.285286,32.78727,4.248374,-49.59972,-43.965897,56.956196,-32.698544,-35.761948,-4.786545
-21.531786,-22.87787,9.400004,-8.385135,24.639458,13.206857,68.11735,-7.0795484,43.466206,-28.931198
-46.50446,-6.188085,-12.860399,-8.751975,-0.66008115,-39.730534,67.44243,-12.024315,-33.551647,-37.5261
19.184286,-14.521607,2.3332145,12.7962265,-16.273935,-55.43391,5.3160853,5.169189,-18.084108,-26.734476
22.008562,-44.16517,14.807373,2.6539474,64.61449,7.1912966,62.812275,-52.145504,43.885544,11.693747
18.376926,49.864746,27.402195,9.597489,15.142783,-38.639538,-33.206738,22.837149,-23.780043,-71.77945
15.453517,19.753374,-8.905531,27.666695,12.808701,-47.374,-36.238304,11.5963545,-3.7901604,-56.81111
-25.784742,-35.057724,-19.870295,-15.965353,34.48574,7.18445,53.68556,-37.171177,45.466827,0.38484883
-5.0931997,16.078068,19.211864,5.4041605,-6.972583,-55.52731,-18.964437,2.2009184,3.446345,-65.50677
24.845896,-17.082289,24.837605,15.837101,7.9919577,-47.996063,-26.296568,15.298594,5.670143,-62.2285
-40.769787,-30.232208,-15.618581,-43.097733,-20.261198,-42.39771,12.137826,5.58256,-57.77966,33.659676
-24.9151,45.309536,-28.701235,-25.812151,7.6217895,50.094463,34.224613,1.9774122,59.289867,-61.189095
5.1390963,23.654259,16.99733,-3.9433665,29.264181,-76.92955,-11.271983,17.874432,-25.138752,-76.85861
-37.452034,28.098082,-53.34599,-34.52082,-8.52896,49.69182,32.57056,12.440448,69.41606,-29.4233
-45.978767,-30.85908,-57.932564,-24.878334,2.8222826,-47.5185,-24.890621,23.414652,-39.689175,41.00697
-33.20323,42.89733,-62.16259,-41.74305,13.462202,56.431694,9.32595,34.960243,48.714806,-50.847298
-14.922886,-44.763668,-40.767193,-44.326084,-31.803263,18.402315,-30.86825,-33.29477,12.776269,29.551014
20.616924,14.874602,-107.80932,-65.98755,-3.7979677,20.495743,3.9438152,18.244287,-44.714523,26.485657
-23.389093,-46.76781,2.2773068,-33.326828,-4.7319007,-59.476124,20.686436,2.0837502,-30.261839,-6.1028056
-12.651562,-27.189669,-5.2362323,-40.159603,-61.03914,-9.608169,-5.4004235,-5.533989,-14.839398,58.380466
-30.848059,-37.704155,-40.060932,-0.35851997,-1.3157994,-33.52459,-19.023544,-46.9309,-23.277994,-2.7850702
-22.714687,-63.116734,-1.21885,-13.819273,84.14318,19.983519,44.387585,24.12053,53.0616,18.43757
20.439678,5.163659,29.482124,25.112179,-23.531101,-81.15446,-50.017555,14.025433,-6.228936,-49.17556
-22.582457,17.512709,-74.91432,-50.690807,-3.96952,10.452777,-4.0001187,-17.546133,-59.934975,32.642113
-26.56966,-5.013263,-32.990192,-32.1503,36.229233,18.548258,50.90241,-23.868237,45.750717,-18.796135
-35.273228,30.004856,-32.07149,-31.286343,9.336842,54.25959,40.44639,39.361233,70.23738,-50.846905
35.6528,26.99187,1.4052773,-10.67009,24.290474,-27.40208,-28.831839,28.139408,-10.294166,-63.887054
-2.1886225,4.6077995,-40.76753,-23.245487,-5.7815595,-12.329767,-7.008228,1.1002467,54.99623,-27.96218
-15.062833,-19.861168,37.493614,-18.110924,-44.199036,-15.900963,9.775714,11.535659,16.23298,-71.42628
8.010479,-15.256701,59.213135,3.0910716,3.2463167,-17.913343,-5.1675553,24.477915,6.3682523,-67.32806
-9.234146,-4.5287476,-36.87239,-39.341583,5.609843,21.922508,39.977688,-22.420208,40.03885,-35.138077
-35.74055,4.6977715,-40.37888,-84.25223,-51.476585,10.268789,-2.7770245,3.1030934,-31.946987,19.08445
-46.105167,2.6813257,-46.107452,-21.341532,3.7588549,44.640945,33.354866,-1.2151227,44.197502,-58.51146
34.362995,25.112377,13.155539,-22.437578,16.998068,-28.139414,-31.535187,14.347067,-13.790683,-89.6981
30.619417,24.50467,27.308662,-22.862127,33.062664,-43.97259,-16.327065,35.60946,-38.46387,-95.808075
-26.29213,-36.31293,3.9650187,2.9207754,19.37262,-51.83786,67.52947,-41.131798,-21.166786,-42.274685
10.283836,22.25315,48.631134,18.445606,1.729033,-44.992756,-36.98748,-23.700006,-11.05264,-74.9811
-8.292414,-58.057163,-4.6460733,-21.060131,50.654625,4.5874577,49.37344,-46.918995,52.951645,10.569811
41.653854,18.382896,59.091534,-50.42993,-9.384999,6.108651,-13.457526,25.040464,-14.036748,-62.08743
33.16755,-62.96585,-37.759014,-30.745064,-7.3200555,-53.603172,15.567141,21.995333,-31.639658,21.307638
-1.3467383,-64.777435,-10.092089,-39.319855,59.799324,25.74636,17.682053,-46.657356,76.29931,15.011751
-38.17576,-9.985138,-16.803732,1.381241,-16.28256,32.076214,40.647533,-29.133715,32.56827,-38.670727
-28.68283,15.561477,-35.295063,-101.59192,-32.812984,11.269481,-8.401343,3.0609667,-29.00946,23.04356
25.574226,20.706045,16.540512,6.661906,40.037445,-70.26316,-1.691002,-31.79321,-8.491172,-46.77497
-26.785673,-1.9706044,-41.422047,-14.914126,26.410025,80.9715,35.713257,-4.9392715,33.417873,-63.338882
-63.424805,7.595388,-2.4395428,-88.669655,-26.66606,23.358776,-6.7239122,-5.0423784,-59.027153,29.140066
23.414133,25.69471,21.439396,-1.3340431,-21.595219,-35.96983,-37.05632,-23.002499,-9.486906,-43.048004
11.259017,-70.15477,13.66817,-21.72609,40.973797,7.971301,61.01749,-28.96875,48.379368,49.031292
0.11411446,-72.42643,-2.753853,-12.0633745,52.02021,4.8276267,33.762867,-66.26431,64.02999,4.4916573
-13.806983,-31.83339,-33.69256,15.716524,-16.829268,-43.360485,70.000175,-34.80969,-17.664635,-49.196213
-4.505056,31.085752,-1.853627,-7.2514505,-3.6417794,60.279064,14.451315,-3.1885488,34.027534,-37.29464
-12.916814,-69.77864,-16.953854,-15.689792,64.74625,-32.57618,16.630074,-18.793262,96.56115,10.125322
-27.30718,1.3748797,-53.23434,-77.098274,-35.366684,18.208809,-8.950601,36.804413,-12.687451,42.254932
5.3758664,-47.78175,17.565536,-50.94641,55.10262,-2.8470426,32.596172,-26.737875,36.597145,-1.8828837
-47.93942,-52.569084,5.104792,1.964105,32.04576,-76.88486,20.149347,-24.47491,-10.090597,-29.987036
4.7994475,34.390915,-51.285896,-89.45866,-44.30187,44.89033,26.4884,1.1951122,-31.596575,54.190773
-24.646704,-57.155224,0.24198103,-10.231995,-29.282276,-70.009026,66.33503,2.9883597,-34.425247,-16.982634
7.5396643,-11.317764,28.091408,12.462837,5.2565236,-25.534988,-50.54486,-9.015271,-14.531314,-68.601776
-31.416212,-6.6652837,-33.34545,-24.384592,-16.604254,41.202908,35.870697,-5.7757936,-16.131739,-41.23561
-35.103046,1.6885871,-51.984444,-29.444092,-28.284145,65.06554,35.862118,3.2732453,17.794987,-19.508759
-2.6995447,2.662111,7.9969454,-32.38323,24.575588,-57.299545,-48.78897,44.716515,2.356015,-97.59192
-23.389166,47.10377,-49.628593,-63.334103,-8.989228,38.840374,9.044087,3.1363184,0.46661875,-9.646639
-42.79193,-33.793274,26.221745,12.169796,43.803524,-39.18464,45.049065,-60.150543,-19.13572,-36.075153
-41.52182,10.180296,-28.992489,-12.054275,12.93727,18.421951,42.69594,8.6602125,65.07937,-73.04731
9.237329,-58.891094,-14.435707,-64.8065,40.104607,-15.318391,4.5112195,-32.377483,62.92768,6.684305
-59.26224,23.444557,-12.563767,-44.11202,13.708398,44.91888,33.337063,22.232712,40.85598,-41.198547
21.268831,21.826105,14.051176,-4.704731,-4.021406,-66.15936,-42.80529,-16.394474,9.076293,-52.627514
-41.452347,-75.33634,-5.7808533,-57.936855,49.346252,4.944914,55.295807,-37.41437,60.327904,17.813265
4.3822145,-34.960476,-37.9737,-72.77435,2.5275445,27.842094,15.339383,-33.86622,-61.986153,26.119438
-8.340025,19.875515,31.98035,14.250078,0.30132058,-47.77798,-49.456512,-1.4008154,8.268541,-50.711906
-42.648823,17.717354,-44.13394,-22.153887,-15.641469,47.30734,18.956223,-4.2471943,63.550865,-44.050465
-7.348014,-24.539705,-60.075794,-29.233599,21.202442,-9.552928,8.11422,-27.511675,-24.464956,64.34739
32.323795,21.010946,5.8937373,31.452547,-1.6269524,-21.944366,-25.135176,14.267348,4.1599693,-49.502373
9.889908,-2.7769194,5.5341854,-0.7649009,-24.244259,-35.075333,-10.072698,-8.067782,-21.410603,-54.86488
-11.733663,-27.090416,-2.5043626,5.817899,-9.398661,-64.66908,47.9339,-28.127012,-26.528826,-8.245214
-11.353331,11.766255,20.089073,4.3599625,23.190544,14.109502,0.5319482,11.536988,14.801154,-80.56407
-43.93013,3.370883,-32.103542,-23.553785,5.12955,8.534453,12.317084,-41.549053,-21.435137,1.5096748
-1.4493035,0.3351623,-7.1882243,-43.818256,-25.316154,-52.882687,12.76303,-12.889611,-30.022404,14.663651
-18.94647,-51.51634,-31.70703,-51.64102,-27.268013,-23.73615,16.546469,-22.726126,-10.565562,21.475836
-45.214474,17.42563,-37.203304,-30.817015,-3.390702,51.14256,40.742275,6.1003485,58.150368,-54.11472
-16.57181,10.149532,25.770927,2.6562562,-22.96773,29.253029,-0.3504298,-15.992813,26.316408,-34.419277
-7.2935247,-44.41638,-25.52717,-17.117502,40.859848,15.232917,53.909996,-43.04705,65.25473,30.195559
38.39455,5.0709558,24.776684,-51.03594,-22.17598,-19.371723,2.5199528,-10.760447,-6.1554713,-101.68229
-35.357853,-2.293705,-35.571407,-36.01293,27.79713,40.10167,31.337475,15.0650835,67.17709,-50.549995
-35.81629,3.1910648,-8.571411,-37.331627,-19.621609,35.935516,22.268957,32.14062,-30.983255,-23.222391
4.2409716,19.471794,9.330462,-24.714897,-44.064445,-39.678402,-12.074375,-7.6518364,-29.28218,-116.40873
-19.707039,-81.77524,0.87090564,-22.393253,28.25021,10.182187,83.965775,-28.463694,28.293505,23.943022
-33.37501,-83.24429,-5.4426994,-27.276403,34.841633,-28.173414,35.589035,-32.87664,29.333809,-6.975137
16.619522,-58.4185,-23.949432,-57.707386,2.0964417,-49.720467,6.0054765,3.1717699,-16.33564,44.15295
-44.750023,-72.44629,20.551422,-40.224464,47.856323,-22.530558,31.245516,-67.66301,65.03807,9.894326
-27.5629,-64.76015,1.9478066,-65.21797,57.27219,9.650931,77.789154,-40.3622,35.47368,24.68262
-26.798721,-6.239852,-42.803352,-16.725016,9.802497,28.859358,47.2649,-22.081242,49.284943,-49.971653
30.991722,27.070982,59.961327,-46.306297,11.51625,-12.352843,-21.136711,41.52257,-28.563332,-78.76752
-49.905273,-2.3901448,43.718273,-17.875221,22.970356,-60.482258,73.197426,-19.55384,-25.737192,5.6842794
-35.029602,-15.916467,1.5935035,30.923277,9.445113,-35.900448,58.55473,-32.133095,-79.753174,-7.302546
-51.82503,-47.3449,0.014962196,-23.955147,36.53804,-25.061728,64.34868,-56.977783,58.265213,21.642805
-29.525839,-15.418583,55.221794,15.81428,31.23405,-54.72301,67.92849,-45.06223,-20.25629,-11.833825
18.69167,18.14121,3.2251883,14.114476,-14.391014,-59.680027,-36.462406,9.489502,-19.982758,-35.703526
-11.620052,-63.87795,0.7175319,-28.659567,43.81088,-14.561377,38.40733,-53.1639,62.9439,4.0355988
-30.42165,7.7874618,-54.229176,-15.22669,26.202559,46.802284,49.584194,16.245028,37.273666,2.1603608
-14.305329,0.0025996268,3.1167302,-54.070908,45.910027,53.069557,29.608168,-11.406869,60.768272,-88.34162
-44.270782,1.6309057,-34.03147,-34.042686,21.709124,57.043995,35.40114,2.0474095,33.47724,-67.865425
11.111672,-46.242413,15.945712,-0.214772,61.337994,0.17532504,35.341297,-26.8866,75.559,18.98515
-11.090422,-77.70673,1.0315242,-43.050808,18.699879,-2.3591683,49.09315,-58.665905,59.528687,17.331593
-27.440437,-37.95941,-12.169649,-80.75342,-24.198467,0.68942773,-0.31706166,2.366417,-39.901085,19.8175
-11.538034,-38.172546,8.209873,-1.4515071,2.5752428,-55.559242,69.25816,-43.47237,-45.39798,-40.54111
-40.15524,-39.008003,33.183487,-14.968873,19.380093,-52.83165,57.23692,-28.665585,-43.005527,-10.869708
-6.6909313,1.7814242,1.9525566,-4.3032427,2.8863602,-43.046444,0.80652004,-33.578438,-37.521347,-22.91897
-41.983868,-18.822607,2.2558794,-47.336212,-31.81009,34.41395,44.20026,-4.5765023,48.30437,-58.737114
-49.99944,43.473137,-53.774406,-9.803273,-20.164806,39.720516,34.046986,20.412638,42.91432,-18.519745
-10.259561,-77.82866,16.358181,-25.049852,20.527664,22.205872,70.698685,-16.63752,56.50289,2.4515772
2.3458834,-12.263331,-66.10442,-35.617886,19.999947,30.636747,15.685426,-11.8940325,14.797342,10.518106
-11.770812,-16.213182,-43.927876,-38.415188,-20.93188,15.527408,33.875477,15.0900955,-38.026913,-23.360914
-33.617706,36.21161,-52.984985,-38.237415,9.1457615,52.958176,16.481607,63.220596,56.09148,-54.775597
-16.514751,-53.35026,-9.4750805,-15.328306,34.874744,5.0756054,46.48694,2.3392878,58.236687,-24.179646
6.7165866,-60.113766,-59.248306,-50.476257,-27.44039,-13.908032,-8.975715,32.468304,-61.4368,36.347485
17.707127,33.41269,16.027012,-27.607975,-11.653083,-61.34399,-47.695087,-37.034943,3.8468912,-82.39351
-41.19361,-53.195213,4.8982687,-17.038624,20.444094,-74.041794,31.296207,-30.79207,-47.329014,-29.11254
-11.796438,-44.148262,11.315673,-28.53378,9.620452,-98.550934,47.65104,-6.9428744,-13.273157,8.251116
-28.539658,-20.409697,-35.59407,-28.999157,59.57419,19.742798,49.8146,27.53388,54.832447,2.3028347
-47.788506,-32.330116,-18.349953,16.90126,7.7564454,-43.3798,49.112514,-19.767658,-32.005726,-28.118675
-40.478493,31.285774,-68.08267,-48.83758,-0.20972873,59.534676,15.676605,17.813602,79.35383,-54.90708
33.010387,-17.937006,18.542828,13.328079,17.769705,0.025780201,-42.13378,29.356794,-0.53398174,-56.018078
7.801434,-32.27187,-41.237797,-25.399538,54.17701,25.994583,22.148752,5.7056723,62.4075,-11.857967
-55.313423,15.186782,-35.077682,-38.506447,18.18267,64.35547,30.300386,22.813786,52.213814,-54.827934
-6.61921,-33.978867,-55.804317,-81.84522,-14.776449,11.54574,40.39508,-16.89956,-61.955235,8.107752
-5.169413,-40.930553,2.3680966,9.3624115,3.2003388,-45.350693,13.29513,-71.98837,-46.391285,-29.002218
-4.4512625,-12.518859,-45.955524,-28.48344,46.45761,38.911522,21.62526,-1.4055628,65.33355,-18.692324
-42.84206,12.60787,-32.349796,-23.515463,12.693964,14.895612,22.67423,37.69117,28.438131,-15.205231
3.424063,-7.100552,35.630657,-45.701363,10.295188,-14.942623,-25.179533,37.871952,19.354824,-60.86167
-29.744856,-50.703392,5.4540315,-38.332996,-7.0400352,-62.21903,29.880352,3.1953554,-46.373974,27.160114
-30.878698,36.869915,-53.78728,-17.174994,0.66869336,56.854824,25.145107,-18.805449,24.240673,-23.106506
-25.277725,-30.929873,4.7423067,12.756821,-13.965936,-50.024624,55.20519,-20.229858,-64.68287,1.507935
-25.248335,-32.15192,42.757423,-14.916841,-26.094284,-21.220598,14.210827,11.384456,7.112345,-66.88859
-21.4547,-31.58906,-13.513705,-36.442585,-22.478773,21.165579,25.96343,-24.157679,-59.06619,56.36197
-52.04484,-55.66953,11.277474,9.013493,-46.943405,-29.715107,55.53453,-25.311176,-29.079489,-8.666059
-36.39517,-4.5576053,-33.874386,-18.361614,25.930773,37.974525,54.191525,-37.2921,41.400894,-12.606012
-4.802247,23.601547,9.630319,-21.64045,-24.212456,-47.51923,-32.53821,-21.930109,-23.109049,-115.5718
-28.351614,-49.0506,2.5810118,-6.0098224,18.654766,-61.54573,-8.528372,-33.20735,31.001919,-30.616106
-6.203706,-83.34173,-20.419212,-14.149129,20.260698,-46.400093,51.564392,7.603421,20.31073,4.4980288
-5.890378,-23.721935,-56.9915,-61.349873,-24.541864,4.669421,9.240508,48.36784,-58.18841,17.802893
-11.574261,-6.088659,5.0920715,5.7718415,-39.645535,-65.53654,-35.75931,41.109653,-3.1459317,-91.228645
-13.982241,-7.508996,-35.28128,-62.63355,-9.68628,-68.741104,33.05916,14.761797,-49.44705,28.376684
-8.821142,-18.65542,-55.50713,-62.356102,3.545466,10.41037,10.910134,-30.820974,-54.00688,41.723896
11.596436,4.812221,-14.171989,8.591265,-4.2306504,0.9206511,30.018288,-49.746593,-2.2238023,-64.56315
31.142742,-58.010433,-13.102547,-11.195146,37.746136,-9.919918,32.381218,-33.743763,68.744736,14.299683
-51.577293,-13.769836,-13.785675,-23.502934,-19.96879,21.272139,33.46964,16.001326,-32.79825,2.926213
-24.702347,-35.237305,-6.8036685,-24.425798,17.669476,9.730733,71.16472,-20.776642,35.356647,-7.29161
-2.9076862,9.857008,-59.999596,-54.101078,11.081051,28.094965,8.126215,-10.384914,-41.883312,5.4256277
-4.1552935,-85.97032,2.6608891,-16.81943,31.226475,10.913819,54.158268,-38.83723,90.47503,41.41515
32.544613,26.87081,-2.1225495,2.977014,0.8641626,-41.409687,-55.504787,45.36482,-13.124695,-14.091804
-24.778643,14.055102,15.083466,-5.508541,-33.676754,-50.44231,-22.215925,0.30689475,-21.832603,-109.55698
-14.185647,-42.757996,-13.493776,-12.723516,26.415155,-6.7264013,58.55064,-38.015423,11.006384,50.207096
-18.549423,-72.162796,-14.341445,-8.097332,0.05624944,-64.66856,51.511307,-4.782765,-59.072556,-45.48036
-4.1752787,-14.771415,23.507935,-3.1468349,-33.28018,-49.022095,-3.7762594,21.522694,-25.128891,-73.00764
-18.556932,-28.805573,-12.484623,-34.843307,-8.017021,-26.805424,43.65873,-63.99997,-11.097289,4.836507
-38.96739,-41.968655,11.0531225,1.531526,3.8843288,-43.371185,68.60491,-66.09182,-5.34637,-41.21072
-68.77919,-18.366144,-19.943672,-57.51651,-10.585742,21.868128,-25.245893,-10.276535,-32.905563,14.517685
-12.990158,-0.25486684,40.220562,31.947058,-5.445091,-103.069534,-53.583668,4.5689564,7.7984724,-51.62511
-32.51568,-64.311226,-17.126806,-12.033237,14.493727,11.572847,45.8875,-40.32708,58.241272,30.816046
6.3949194,15.717966,-10.184654,21.160648,5.9569077,-36.218155,-42.0836,11.611385,5.039559,-52.648586
-32.152946,19.660954,-22.53111,-15.187819,27.870098,52.96597,50.11411,9.821485,62.887318,-56.440315
-41.122463,7.5811706,2.8604074,-12.609553,6.788423,31.966225,35.262123,21.94253,39.367386,-57.548042
-36.961887,-32.426975,-29.370312,-33.921146,-39.395985,7.7143984,-60.706417,-6.0036445,-15.7444105,11.843889
-40.554756,-69.46513,2.1965518,-19.93578,38.958733,3.4870977,50.83601,-37.423664,57.191547,0.5036733
-31.259611,-40.11129,-42.054604,-34.316692,5.02696,14.383676,41.54202,-70.09055,67.703285,46.380394
-38.628952,-30.432768,33.736393,-5.971874,30.85332,-46.32383,36.760944,-46.195427,-37.140217,-7.2796144
-19.915066,-49.353306,4.719402,2.034844,0.29304773,-54.825558,62.837334,-55.403908,-50.620712,-44.485428
5.893376,-47.40297,6.1402636,-44.096004,36.537,11.02399,66.86146,-37.91738,30.618084,49.861362
-15.23137,30.219542,-31.168882,-13.182419,-15.708494,51.470142,45.518147,2.5507119,41.443085,-49.981552
-13.665222,5.5714254,-41.800797,-90.534706,-42.723007,6.8571205,-23.864746,35.607323,-33.607574,39.900852
18.825756,-54.23152,-6.085109,-29.160938,15.138026,14.043337,44.026146,-44.083256,74.94964,23.739405
32.97801,-62.89906,-60.786385,-44.887184,1.1474261,-37.785152,-7.660774,3.407547,-32.18435,24.91392
-45.623642,-83.87106,-34.82259,-44.206608,48.67695,-42.00674,16.338093,-8.044887,75.78112,5.842864
-53.421776,-66.79577,-14.93974,-14.862081,46.609146,-7.704364,40.889313,-32.317337,62.627792,3.7967083
-34.429787,-40.111942,11.151119,-9.179343,-3.3447802,-39.845585,24.045202,-39.803,-36.170258,-1.7396752
6.3280387,-18.125814,-28.612501,-58.192516,-1.0619136,-4.2326875,17.66281,-38.783024,19.550938,54.82126
-45.536526,28.459173,-30.390303,-43.343994,6.6461577,33.396034,69.96786,5.8204527,62.161537,-53.87058
-16.114069,-16.473812,-1.500221,3.5292497,-8.918442,-65.81144,48.988403,-33.36622,-33.788586,-15.437723
-4.3959126,-55.0846,-41.13403,-16.007223,10.788071,-20.261515,21.41392,-16.314228,-23.337976,57.252605
5.8519154,-17.30899,-54.404778,-56.008392,17.863386,-34.647118,11.466583,-34.87967,-32.976013,37.592735
-7.696395,43.009563,4.153718,-17.90799,15.022906,-25.283566,-11.392576,-4.6035867,-6.0664277,-91.13727
27.611237,6.1689334,32.857956,-23.77267,-24.364738,-19.68322,-14.792136,21.170063,5.028214,-47.76532
-10.314994,6.9441533,-28.604803,-26.081383,10.378324,44.369198,63.950214,-10.748914,57.689236,-32.861046
15.598347,-37.643,-20.636856,-26.60932,16.02081,-5.5686307,57.26611,-20.955153,74.07322,29.468582
38.450546,24.737911,9.083631,34.195526,27.681593,-18.19316,-31.67726,39.510075,-6.045004,-56.134567
-17.150633,-11.846097,6.1966324,13.106751,50.54684,-45.300938,51.94226,-74.89091,-26.279465,-29.602953
-26.505306,-37.04776,-3.9751592,1.7938789,3.3818684,-54.739067,74.40238,-16.265802,-27.7487,-10.6245775
-11.146451,-41.10757,-6.005521,-12.891734,53.28002,12.815839,31.194422,-12.435123,50.676926,3.2895277
-27.708767,-50.954777,-6.5624814,-1.5146233,8.6789875,-61.763203,53.25373,-29.046482,-39.57671,-39.44668
-45.571056,-3.5900605,-33.49229,-30.930153,-25.78411,41.45276,18.9844,33.596184,15.86932,-11.376662
-31.89687,-75.67767,-9.380594,-35.09906,7.0958586,1.9209415,32.353092,-15.295587,32.31486,28.110289
-10.361165,-17.18685,-37.41379,-50.7848,7.8759136,29.691132,33.484665,-3.6724045,63.494217,-21.046572
-49.470024,15.487344,-24.365005,-37.24086,33.92874,33.96991,65.78959,3.0454211,46.724922,-55.330505
-24.47301,-37.55452,22.753567,-15.216452,-36.96389,-34.388943,69.96843,-19.525867,-61.278233,2.6146758
-27.534958,29.939714,-35.53969,-49.82043,1.7036841,58.895416,27.59525,-11.72358,22.595886,-14.684277
34.99282,-2.5289164,19.79601,-32.55888,-4.035276,-42.55739,-13.531834,-20.198673,5.255649,-100.98556
-46.786057,20.294733,38.63137,23.349329,69.09021,-50.902077,80.95715,-42.756763,1.7544622,-10.511961
21.406727,15.300575,19.210545,-19.888103,8.621237,-12.851503,-44.681595,5.135686,-24.64938,-75.320656
-9.268292,15.034046,0.90291524,-39.492596,5.2239585,-44.88597,4.160955,34.06721,-11.827572,-64.22125
16.772894,8.36419,24.758503,20.962618,54.408665,-55.48917,-9.990426,37.784035,-8.534717,-70.109955
-31.206686,-37.242157,1.5651822,1.556429,-13.634215,-73.70309,61.80261,-9.366692,-57.123207,-17.935558
60.894035,-4.9009814,10.340731,-4.686149,3.7740505,-6.9319816,-51.516396,24.76705,1.7970916,-43.8984
1.7947576,-62.13046,-15.424509,-8.653466,43.20414,13.982407,71.64597,-17.836197,69.37735,41.08377
-11.575083,-70.33251,1.2445879,-28.438112,41.158897,-8.601162,59.26161,-19.477491,38.90649,5.577757
1.0090666,-41.13191,-4.084941,-5.416565,54.835327,9.388769,47.723274,-20.253296,77.91805,27.97367
-20.14804,19.007736,-4.946574,2.9895782,10.079875,20.817282,21.946192,14.26993,44.081985,-58.519417
-46.238827,16.014988,-33.381245,-21.537487,-11.275157,36.04555,43.293232,4.6121464,56.393345,-40.289497
28.439264,-51.070877,8.876178,-9.513402,37.150417,4.9024,44.898495,-53.667896,48.15359,21.775358
22.009989,8.264602,32.537933,8.664153,-40.455833,7.4810266,-27.68732,-2.2420373,23.266905,-51.425255
16.936964,-70.17758,11.00403,-25.892336,2.1671057,35.77676,45.395023,-35.82452,59.641407,-28.736748
9.35246,-58.24504,17.225628,-18.791368,41.33178,1.5162243,37.79902,6.1400437,52.32476,39.287773
-10.403689,-7.446847,-42.201614,-29.752638,13.265979,23.550179,51.113155,-2.6165285,58.82628,-66.93988
-33.15072,-19.92373,-23.641438,-44.793518,36.700386,59.205795,7.9744306,19.54573,81.00408,-42.435486
-4.847773,-39.112743,-16.451588,-39.335083,29.677023,-21.934668,34.68971,-35.992233,98.69748,14.810428
-32.0636,-45.224148,-15.874079,-30.065067,39.128555,25.780012,60.30014,-43.993164,69.707436,53.96056
-27.339108,34.759132,-40.390327,-31.320324,0.9955302,37.198093,39.986717,6.7758765,70.86252,-55.875984
49.77343,-10.073103,31.427185,10.581398,-6.667141,-2.8774207,-45.896194,33.245308,16.45927,-36.695072
-31.16949,-32.24914,21.96025,-12.696699,43.94422,-41.764355,34.169464,-78.65527,21.858587,-1.6902444
25.881691,6.164202,9.49229,10.145807,-3.214361,-38.17316,-46.029358,17.896938,0.9113798,-36.335594
-43.184933,-24.992317,-23.397776,27.591982,-18.252867,-37.16087,46.68099,-18.285442,-9.110507,-15.899964
-19.82135,12.713715,-42.27965,-52.615868,25.119444,36.211,45.546867,-41.40961,55.78167,-7.15866
-4.3259816,43.48227,51.737465,-2.9435325,10.959254,-38.933937,-51.40465,-9.898501,4.968426,-51.45404
-0.8858719,-64.826996,5.5615582,-40.20894,43.435783,12.107487,18.456112,-7.3957624,81.992775,48.435223
-14.109228,-13.961042,-29.718555,-81.191925,11.330031,0.07426131,6.3683443,-19.378788,-61.999092,-30.151735
7.0591874,-43.626152,6.0418773,-24.629908,9.299268,23.468073,47.543457,-42.562565,48.467186,-11.193033
43.279312,-42.62984,-17.970633,-55.50794,2.7055068,-5.332115,19.988344,1.0402659,-54.247234,72.38764
1.024632,22.701517,23.79868,2.9448962,8.904331,-36.747963,-50.88728,18.635042,5.8239803,-34.03274
-46.77402,-22.351294,-27.804527,1.3027214,-20.476583,44.42998,39.193382,-26.061703,79.14051,-38.122894
23.543818,19.81984,33.758305,19.80247,61.20049,-26.361197,-31.705328,46.071766,-18.883873,-80.35754
-19.548243,-81.23572,19.855831,-10.770791,64.9218,7.8940954,49.085533,18.95281,49.136116,2.8790157
35.799896,26.71202,8.1247635,-27.576742,39.844677,-27.873442,-30.107557,17.225046,-29.339592,-85.36927
-22.231796,-18.921186,-3.2453547,-25.404467,8.867223,-22.30193,25.05827,-56.979343,-26.63838,9.624775
-21.154108,-21.552898,-17.046474,-34.856525,-27.674715,-28.392265,42.740566,-15.939354,-42.07313,-24.305904
-18.264097,-46.59659,-58.47346,-54.007294,4.2344785,10.720941,-1.8953277,2.1383853,-21.455511,7.3795004
-21.45955,26.271053,-40.0492,-91.172226,-32.637257,31.085087,-13.909875,1.5912786,-72.720474,23.492971
-27.614782,-72.16829,-25.17248,-41.72475,41.21885,-25.008991,22.138958,-21.224981,75.65211,16.760399
-7.2249126,-34.91865,-12.424114,-39.04746,-20.06205,-94.04954,30.108,-0.7572525,-6.7483754,14.587328
-13.588928,-25.541872,12.087023,1.1012625,57.69091,-55.42714,52.43168,-51.28319,-21.45915,-28.207294
-31.49664,-33.515526,3.407189,6.467178,32.86643,-56.990673,50.875553,-45.925575,5.9413342,-36.63727
31.376638,-58.451946,-65.19585,-40.528767,-1.3658992,-53.993397,0.6530444,10.121364,-4.2485456,15.75334
28.281086,-43.282944,-11.890334,-9.772347,17.960773,3.939908,52.43449,-56.554,70.44702,23.998579
-66.43579,-42.460148,26.367973,15.7668495,2.4792,-52.438118,60.8859,-7.8587084,-25.817429,-4.4903564
11.381368,47.734947,34.56551,-42.40335,9.84751,-0.06446442,-11.594312,5.670671,-18.79072,-68.21223
-33.891838,-77.73518,-25.205122,-65.66888,51.45313,-28.638212,-4.620843,-44.527035,76.849205,-3.7470758
19.566868,19.017239,35.740093,8.127639,23.611855,-27.451714,-52.190758,6.0851564,-20.67011,-96.249794
4.6344376,-51.927113,17.694283,-18.191582,59.782196,6.3317137,46.18761,-53.74783,62.889366,12.783968
-7.1926236,-30.15385,-33.440342,-35.08317,-12.244337,-23.197756,-3.3258805,-24.69378,-37.16967,63.70348
-23.094826,-11.166934,-26.944523,-71.67894,-48.334507,-7.921198,-7.9227967,21.303156,-13.096636,44.429512
-28.307676,-14.306267,19.064674,36.105316,25.515633,-62.467754,68.4396,-27.105904,5.6266775,-30.663311
-25.65017,-43.87179,-24.257204,-50.117687,21.428,18.027624,30.464893,-40.167755,90.596794,21.584036
10.860997,20.153624,52.111465,-9.441065,5.0089936,-22.460772,-20.919386,-2.1257114,0.55289626,-71.82703
-3.3326244,-24.13177,31.825527,-25.474688,11.639187,-15.600079,-8.730231,-2.8398068,65.66743,4.7879667
-28.323223,-12.618955,-41.635033,7.733229,3.1360028,-68.01976,-71.333786,3.1765234,-7.901009,-21.821825
-29.115393,17.714813,-28.952473,-49.79875,7.467467,27.144632,34.843803,-11.754602,47.084003,-54.765884
-32.56696,-53.01029,4.4237895,-7.209775,53.59373,15.738196,72.36173,3.8511136,71.68877,44.35723
-23.881462,-57.106964,-17.238768,-3.0932105,14.554931,-55.3433,76.30082,-19.22155,-15.27222,-46.57005
-8.896119,-48.9495,-0.059292305,-25.46235,29.65078,-2.5665362,34.86229,-64.56768,44.701145,15.716845
-3.0841234,-59.567173,-16.768171,-35.19323,49.94429,7.1556587,41.336006,-4.8950286,68.48252,20.641401
10.265502,32.9321,17.464256,-31.54889,-22.1482,-40.681744,-50.813343,6.9873567,-0.9588294,-40.51442
-25.889448,41.612682,-32.21535,-33.895855,-3.308451,70.28439,38.731457,18.23499,62.04699,-29.234833
-60.091984,-44.83411,-69.19259,-27.273153,-7.787588,-20.458513,-29.148693,-13.241752,-14.068413,26.059772
-11.306517,-36.666767,-30.377619,-21.712627,63.880436,18.76633,44.784977,19.922007,61.305546,5.8251114
-16.279076,-43.11678,-24.157404,-36.89149,36.581764,21.015713,32.408264,-17.0972,69.89854,-11.2932
-52.36176,14.690968,-62.883205,-27.024023,-3.6971955,-6.0885034,10.693718,10.4363365,51.172405,-38.486584
-18.589533,-36.64803,-23.392612,-18.322449,-23.433758,-41.291187,-4.5638437,-8.983298,-5.644197,-8.541654
-39.061996,3.8337495,-13.314183,-9.272844,31.543333,44.194363,51.83399,-6.755527,42.302,-48.747246
-22.746527,-32.975365,-27.567913,-40.784306,51.41947,19.889914,33.035633,-14.379396,51.339787,10.535384
4.0625057,-78.70892,-25.126749,-17.937328,7.9309363,-16.626205,25.233856,0.3446469,-27.166899,26.506613
-26.477608,-18.52395,19.302261,-0.72878224,13.976396,-61.041325,-38.57666,11.37142,25.759502,-46.819202
28.796507,-59.58912,5.1144056,-8.147014,47.792843,17.132471,56.5451,-33.36493,61.45411,34.980404
-18.344902,-71.96371,18.27903,-49.921005,29.145397,-2.5046365,33.141594,-4.055348,27.434887,68.981926
37.954334,7.630366,-15.181392,-21.573536,-24.06861,-37.98707,-61.277042,10.137801,-32.58247,-75.175385
10.114935,-23.220675,-45.266315,-74.58633,-34.313545,11.258253,17.0202,25.423023,-62.919006,38.329945
13.299601,37.153767,26.716396,-20.114147,9.5444765,-40.55898,-33.212894,-4.9479146,23.506372,-39.198586
0.6146699,5.284518,41.97946,-37.06087,21.234774,-18.069227,-27.798655,29.20886,20.575562,-39.205116
-6.9884105,-45.028133,-29.988634,-4.2022886,-15.32639,-69.93271,67.54099,-26.921513,-24.616392,-37.049828
-3.2219589,-67.05708,-17.132687,-26.489857,-4.42489,8.52843,64.4999,-55.60442,58.957436,11.410521
25.924292,8.721277,32.453465,-0.30431888,5.759662,-35.17406,-26.57473,42.101917,3.8012283,-49.90004
-20.288582,-1.9312651,-31.336205,-13.652646,35.336815,69.79685,58.096386,-15.907634,26.720634,-45.55473
-30.416845,-7.7274837,-47.380096,-31.088953,2.6415305,40.95327,30.704447,-25.677624,15.693341,-36.975155
18.82319,-56.052948,-14.969854,-16.923195,30.417465,9.983997,46.177002,-58.01062,75.626816,12.934423
-10.217744,-68.37535,5.0301147,-19.193474,43.596992,6.171243,70.443214,-18.36241,41.96424,-8.516556
-4.355237,-33.462738,-60.465492,-28.299978,4.751061,30.100834,14.400981,-21.227938,23.75341,2.0507243
-4.233747,-35.53787,-41.019432,-26.723194,26.530958,-10.332009,35.162918,-32.481274,51.834988,-19.137098
-6.884433,-61.27143,-11.154525,-14.03394,62.475655,1.4125961,41.493767,-18.662682,68.61608,18.485748
-6.7929688,31.624634,-15.570648,22.443914,3.934432,10.056509,9.620998,-33.17721,24.465729,-60.73096
-17.459251,5.07483,42.167862,-26.377243,-29.542542,-32.978897,-3.350881,12.579056,-31.073277,-44.974277
20.924969,2.4979823,9.870101,-11.481159,17.984816,-62.45155,-21.240576,22.603855,14.045655,-56.065758
-61.41951,-1.6767297,-26.929018,-29.734808,8.505877,26.37225,45.770653,8.718469,50.065186,-65.05147
-22.096704,-61.05736,-35.70265,-24.859606,48.417538,8.757661,53.14619,-17.235407,56.93651,8.449146
-20.870562,-87.06739,-26.062557,-14.090947,9.802523,-38.67663,44.60885,-27.084549,39.56333,12.879133
-3.8619642,27.33817,13.343353,-26.62639,-33.06746,-58.38686,-45.778034,-50.207096,-28.5793,-126.59985
-54.266483,11.730898,-26.719196,-20.992939,15.843506,60.981106,41.14672,20.968721,14.297159,-52.48795
-51.34948,38.510643,-52.805256,-26.373566,-10.686461,35.531136,24.166443,6.333813,16.894012,-10.041106
7.471784,-49.511833,-40.389793,-23.675634,17.492506,-6.4746284,-6.826403,-45.49555,-34.15595,38.8893
-66.62645,-65.57161,-4.606744,-6.1041164,-33.689095,-51.779636,54.636864,-17.220812,-19.680172,-20.908129
-38.67467,-21.150211,36.126442,-11.485911,31.50139,-37.93535,36.255447,-54.534378,-35.492172,-20.664316
-55.303383,-47.307404,-2.4475791,-12.640754,-23.657703,-58.431183,34.550537,-33.596577,-42.967636,-7.812689
-44.71438,5.12128,-27.31144,-38.434372,11.747463,40.419025,36.547733,39.24572,59.163216,-85.72687
-20.838842,-9.602417,-47.129425,-23.55942,44.07897,37.807243,48.689484,10.064778,42.482773,-3.9671485
6.046277,15.829653,41.11283,-15.145504,-20.881924,-65.10882,-30.829866,-1.5729771,0.9975245,-39.97332
-19.221674,-42.71881,-8.416788,-58.866837,-38.454033,11.548549,37.363617,-35.1633,-56.321167,49.286922
-20.498545,-28.737215,6.510158,-14.493195,18.308807,-56.87137,31.146034,-55.426502,-42.49763,-12.841204
-24.437908,47.347706,-44.99163,-17.994408,-2.0027413,71.312836,42.80575,-4.5113544,34.21622,-38.9581
33.85294,15.017091,-53.684505,-70.91271,-42.391907,21.72729,17.683851,-8.558904,-55.240753,70.61518
-25.278986,-20.60397,-13.005493,9.368428,5.5717645,-41.787533,21.604074,-35.51228,-11.992727,-36.801273
24.369923,-13.103011,-68.40719,-83.099045,-12.736786,-8.24218,4.3514686,-16.523005,-23.329405,19.797016
-22.375076,5.944589,-70.15123,-74.56318,-44.227715,-50.969315,-5.6746006,15.09917,-31.72243,32.0277
-12.046215,-59.936737,-3.3541372,4.419786,-26.86382,-49.86361,57.20033,-30.20403,-31.575136,-55.945133
-13.099355,-25.279083,-39.725925,-78.27625,-26.648462,-6.5279074,2.367259,-17.710814,-61.52749,37.832657
21.38274,37.901825,15.5301485,-14.421826,-6.818646,-52.74958,-50.596767,-16.876904,4.010358,-60.20472
-39.58829,-84.37221,9.008233,-52.837307,34.5952,-17.216707,46.178295,-28.120821,36.83728,-0.76496243
-18.684034,2.9996111,-58.363415,-36.508698,12.666606,-6.562542,26.873224,1.0765934,46.16763,-43.761864
6.210199,9.880256,7.438134,3.5669355,21.073051,-65.828896,-39.64961,42.002476,2.1868494,-48.165565
-18.585897,-48.120644,-25.290525,-37.270905,23.769516,16.095474,59.333767,-31.552557,38.226723,42.320625
30.298128,18.166756,-10.175849,5.8045955,19.33856,-28.99357,-42.520172,43.037804,-10.961559,-61.263844
10.31117,27.592417,47.345985,-33.708275,20.766588,-46.689575,-1.7332706,34.717693,-42.088062,-94.218864
6.0024085,-58.714737,-10.720779,-19.867605,29.298878,1.7557541,43.338287,-45.738953,93.4713,21.912027
59.07142,15.861059,46.440163,-36.826878,-6.2886295,25.618656,-15.019723,22.610312,-9.8932495,-64.71093
-1.7652687,-78.29723,26.784424,-28.255268,49.67768,-0.5900985,17.881203,-28.083237,63.55497,-22.858593
-24.413013,8.782912,-10.345917,-52.27114,-10.146823,75.32297,47.878647,20.029114,54.44725,-44.1122
8.560326,-39.22277,-41.145218,-10.285173,-13.104709,-9.485245,0.9437772,-31.806137,3.520366,36.127415
9.357958,31.259884,-12.990574,38.066685,-3.978116,-38.07769,-13.705461,-21.331053,-7.4753346,-37.838387
-19.748459,-22.803938,-62.264637,-54.192036,23.022827,-29.9607,-3.581753,-19.054922,-38.86903,22.876322
47.06333,-27.7594,39.534294,-19.947107,10.428684,-13.135864,-15.466421,14.483187,13.555006,-69.86457
32.081364,27.534912,-11.755838,19.576336,-19.431114,-26.481153,-48.5919,17.154888,10.11722,-10.211943
-24.761675,-20.78989,-13.465034,16.041582,41.586964,-54.38791,56.69233,-39.16514,-3.212454,-44.619404
-10.251658,-60.068962,-7.9852514,16.242283,-22.884184,-62.047733,58.25395,-17.854973,-7.7807565,-28.653366
-76.015,3.7457354,-26.839695,-20.241703,13.173693,70.79651,31.091436,-4.0069313,66.9909,-8.575947
14.604316,-22.973753,-13.622578,-62.0998,21.096092,-3.4635077,20.053284,-23.018167,92.65833,35.765263
38.424076,2.048703,-21.625704,-28.3489,-33.589844,-21.397997,-40.135162,28.880184,-7.9380655,-96.96839
9.864348,-26.666887,-40.62803,-74.36925,10.713514,-9.247596,-2.7048125,15.77613,-87.48795,32.04176
25.84027,13.883036,19.481838,14.845392,16.748842,-31.285694,-46.39409,-4.7486196,-7.197923,-96.712975
-57.628036,12.173537,-17.704578,-22.331934,-8.029271,45.514538,57.367756,-8.182556,21.890009,-20.534643
-31.983646,-45.553825,-5.2096014,2.8970513,-23.922653,-52.100086,63.19359,-25.175453,-22.732948,-36.015697
-28.021366,-18.994293,-33.394142,32.399834,-14.049338,-43.552692,59.914005,-7.4852967,-1.4121147,-10.095542
14.886196,-28.848684,-23.556372,-64.09915,0.13612062,-40.553265,24.338816,46.249058,-32.091644,23.896147
-34.93244,-39.256668,3.8460455,-40.477024,-4.1280627,-40.470253,23.053787,-34.702766,-37.028194,14.066902
-51.8186,10.8710785,-21.536806,-35.89459,-4.2579026,66.107735,28.922401,20.340618,47.63547,-58.926346
20.905012,12.645396,0.37869787,15.358799,-4.946896,-37.201534,-33.134426,6.0924487,-5.527862,-69.77665
-44.649834,-52.261597,25.666058,-6.1712036,34.305836,-46.634117,28.298716,-34.97719,-19.789642,-7.897465
-8.405647,26.439587,-5.166245,10.792059,-16.514515,-34.82006,-46.583492,30.290749,-5.7519293,-19.179218
-15.4739685,-32.19841,12.283752,10.47613,-10.653295,-57.06187,52.1836,-40.33686,-19.194075,-9.019678
-33.43919,-22.316647,33.41859,7.6968865,10.828841,-58.29627,44.467,-23.262072,-16.756119,9.17106
-35.188618,-24.600395,-34.924385,-28.008854,11.6002445,36.24712,45.567654,-47.124252,70.41779,-7.061766
-12.981587,2.4139583,6.626251,-1.402119,31.951181,-49.474346,-14.240419,-46.184357,-5.8872232,-43.80611
-38.84846,-28.838985,19.581528,-1.4488332,24.010405,-42.859352,53.416805,-33.011497,-39.788887,2.3674018
-65.06813,-24.16493,-28.614521,-34.961113,-2.14406,-20.8996,-2.1015737,-11.265832,-48.705013,5.6591835
20.037075,26.551716,32.765034,-18.127872,17.841705,-15.362766,-37.986298,2.5875468,-33.066757,-90.88061
31.327671,-9.503434,59.348465,-7.4243073,18.694489,4.3484206,-9.669088,24.430565,7.2531137,-68.670364
18.329004,-22.945442,-41.291256,-14.18182,11.175434,3.7459097,16.132223,-35.10511,16.142681,27.35904
-29.973509,-46.862194,-14.890761,-8.525999,2.6682005,-61.590023,62.80437,-39.932686,-32.812737,-46.098995
-29.310335,-24.172394,14.483168,-10.139503,39.915127,-61.227283,41.623688,-52.503746,-13.598683,-21.494036
-20.891998,-6.635899,-11.364502,-61.38165,20.501144,29.204641,20.772724,-20.840994,-27.98921,52.98119
-22.424356,-20.547993,-11.713657,23.592152,7.718108,-69.34557,60.02067,-1.9352381,-43.06184,7.7754965
1.5560064,-18.458275,7.6902313,-4.4704065,32.708828,-58.129623,52.84843,-78.688446,-24.941664,-27.858805
19.428885,-58.69099,-18.954733,-15.32807,31.056458,14.760556,49.525795,-61.98377,67.498344,14.117257
36.362453,1.6880449,-25.231512,-32.36194,-12.316381,36.835026,41.395836,-13.131155,-73.95864,62.665417
19.048452,-50.966724,17.451756,-30.033049,24.099934,13.423755,43.292168,-25.164518,35.01499,-9.764541
-38.515297,23.706888,-48.87602,-21.813402,18.88683,55.10946,36.902233,-22.893673,37.86689,-47.020405
21.062332,-6.0007744,-3.8970861,16.54926,-6.0892973,-40.310966,-35.073418,22.365805,0.9959781,-60.894375
-66.57584,-31.548117,-3.235545,16.09967,-22.320316,-31.23956,56.50493,-35.289124,-18.623661,-44.62032
41.977867,-8.70535,39.007282,-23.209417,14.919974,-20.013916,-32.47756,32.309753,21.51967,-42.42154
-9.855493,-44.39337,-3.7341692,-20.372948,21.380926,15.3447275,75.8105,6.2413936,42.152397,2.766554
-24.46969,32.303402,-53.248466,-49.025658,-6.7599444,32.440514,38.018192,-3.566337,28.82381,-14.7063675
-23.332922,-5.7818933,-5.0439835,-39.7363,28.860561,27.82039,33.594105,-31.310015,69.84998,-82.4782
-27.821688,-39.341145,-0.7626963,-34.78525,-4.8638177,-84.03819,19.28429,25.254202,-21.612734,33.72848
0.4315996,4.421197,27.471329,0.7018405,11.949645,9.858666,-17.153627,18.713997,9.748466,-78.91571
-24.635279,-29.039742,-20.25796,-82.97098,-22.525593,19.701475,13.72864,-24.888157,-46.02752,41.025578
13.422712,2.0645761,6.0327954,3.4426036,-5.6279097,-36.67881,-46.218174,11.929526,-5.3279095,-46.71326
-29.130495,-47.98536,-16.667736,15.717039,12.403045,-43.69639,49.970318,-27.860617,-15.865565,-48.966034
-40.390327,-39.482864,-14.515282,-6.738049,37.41558,-20.786028,34.76687,-32.1671,86.8163,25.556257
-20.61219,-42.085228,6.0972004,-21.722864,2.8431983,-67.04597,39.970196,45.655323,-83.46716,39.943333
-41.355896,-4.0840645,-44.894928,-28.342346,2.228808,12.042683,9.654323,5.044017,-2.4526489,-20.34734
1.6349041,0.06567612,-47.315723,-15.705769,20.162382,-28.016792,41.86991,-13.676402,-0.30654922,69.81689
-21.708975,-35.20378,-64.95165,-60.889412,14.847558,2.6085477,-5.172964,-19.903107,-20.896133,26.320326
39.63103,0.9417683,20.603218,-32.351875,1.5444539,-37.22506,-13.705197,-26.695347,1.0877922,-101.774796
12.784561,-75.825264,0.8430934,-49.420986,11.174499,-13.813222,20.831202,-67.04429,57.366035,-4.461214
-45.30788,16.627783,-43.20642,-14.210967,-10.597141,53.822933,47.745056,-9.574532,53.328377,-43.160084
-20.971518,-15.718271,6.926292,-22.681913,-32.56603,-21.50271,-36.920704,4.6002073,-21.305937,-2.8138022
-48.114346,-52.54715,-9.711283,13.901475,11.3569765,-52.065414,58.736362,-22.39653,-11.162752,-42.564213
-40.69574,15.43036,-18.781742,-49.310078,-45.351704,17.604246,9.657303,-6.2934017,-23.099848,58.61779
-6.0254574,19.540941,13.979619,-0.6448486,-5.413794,-34.772778,-61.052773,22.595215,6.1473966,-29.373442
-34.84272,-17.763752,-21.846083,-18.970211,8.8420925,26.952255,36.830975,20.261415,12.517133,-12.630635
15.9609585,-6.326345,37.259148,-4.2479815,1.841588,-56.998352,1.5553477,-3.254457,5.1997833,-80.381836
-43.51713,-34.666008,25.991596,5.404485,46.353188,-48.23716,39.591633,-59.590446,-13.11648,-36.347515
18.160568,12.795057,7.943247,-13.1582775,-1.3878539,-42.23931,-42.83738,4.2004747,-12.27823,-49.81991
-29.802544,26.667675,-37.772575,-23.99371,7.4734144,-38.7823,-29.204762,4.376445,-31.898178,1.1346743
-15.058079,27.963594,-17.433195,-12.124332,-42.45453,27.099577,28.572441,31.211346,33.079456,-49.710068
37.59348,22.277744,1.4831197,-23.24731,-10.144895,-34.708496,-50.7678,-9.529205,-9.86473,-57.309753
-22.86298,-19.176844,-12.292613,15.124622,-0.5019075,-29.983393,52.726696,-46.019367,-26.095016,-55.264393
2.5107458,-6.6491437,-24.313648,-30.75707,-14.609146,-23.311724,7.7060156,-20.656126,-64.26225,63.980915
4.905782,-56.491047,-25.922775,-14.364908,37.071476,17.773254,84.08311,-35.021847,76.51753,48.202003
-15.05276,-0.983773,13.470468,-20.346651,-14.132242,-55.90407,-18.850403,8.53664,-4.537701,-112.61803
0.17040378,31.620192,15.63318,-25.51052,-11.274819,53.508278,2.2778468,-25.456747,35.296997,-29.77489
-38.509003,22.969353,-53.354618,-38.834934,-34.56256,31.934795,10.129207,-35.056747,-28.855753,7.3700066
6.765293,-57.976837,-4.4400005,-44.923454,41.592964,-18.10285,19.567553,-32.992798,60.966965,7.890871
-25.622028,2.4629414,-35.93622,3.4215703,0.18701178,76.07688,39.083332,13.954535,46.40631,-62.909767
12.029677,-68.44246,18.654823,-33.312767,-3.2030268,29.68692,59.213333,-22.834808,53.292824,26.347708
-47.392754,-9.77827,-7.668492,-95.38812,-20.148232,16.56954,1.8467749,-11.767004,-59.892056,16.93404
-21.448658,-5.525487,7.1207075,16.874756,71.14223,-60.87975,55.72858,-59.99049,-15.077718,-34.642982
-11.999353,47.684513,-58.5871,-36.74413,7.407302,64.1244,35.29792,-13.578871,24.109526,-22.571209
-17.415049,-55.60006,-2.194683,-28.638271,44.61689,3.8750782,37.4243,-36.879135,48.670372,19.949572
1.3532374,-63.443935,-21.386658,-28.120356,52.734028,1.1955234,18.48457,-22.730553,72.548965,17.840977
-5.596362,-37.07994,-23.843546,-12.02497,63.80395,18.56877,15.793899,-3.5922756,67.06611,2.8452547
-62.298298,-3.1497426,-43.910076,-63.474533,-18.338858,8.200716,-40.362564,10.317471,-39.920532,1.9214742
-12.274782,-7.0445204,-20.449146,-25.018482,-20.19386,60.195152,49.00454,-4.3081317,14.971886,-21.194618
-3.6375544,-71.874756,5.158281,-65.665184,33.234535,-12.89474,26.02314,-59.037918,77.44811,-3.735743
3.4469125,-46.674675,-65.19127,-31.109697,-11.961241,9.282124,-24.458096,-18.227901,12.10393,16.808939
-48.607143,-47.46514,-28.052109,-23.965473,7.352082,-41.768715,-8.93341,-10.952662,-20.163431,10.117279
-24.069862,-39.41983,-12.089253,8.927035,-2.5305226,-82.657555,69.74133,7.6456585,-21.748405,-32.156624
5.1729937,-0.56949407,-48.236656,-44.49822,-13.820193,15.966399,43.896263,4.511718,-66.565315,68.89327
-9.84371,21.807932,27.791489,-17.288166,11.5390415,-25.24469,7.110414,40.018795,1.840486,-78.254234
-9.441525,0.5856372,26.188995,23.443726,-5.858203,-24.181623,-37.690025,2.7413373,-30.722586,-57.629574
-18.350513,-56.115623,-38.047543,-25.632652,52.854374,3.1419048,37.566357,-9.056272,69.76761,-0.62741864
-17.467299,-80.21063,-30.562632,-44.39719,13.800299,-6.860273,38.718185,6.0434856,-0.08502226,23.151533
18.651455,-14.819951,-56.140747,-83.65127,-20.951967,-27.34382,-11.746265,-22.54093,-33.13583,8.076568
-10.563446,22.01691,-5.8977356,-7.01822,-12.076544,-63.182487,5.084296,-6.509837,-10.859366,-34.998768
12.469104,3.694639,53.268864,-3.8163943,7.4757233,-32.09259,-13.808963,36.453148,-1.5951679,-78.10015
-49.720894,-38.86834,2.1038609,-21.18922,1.3227234,5.013354,35.359764,-46.900696,-34.974087,4.869322
52.52946,4.164246,11.4721155,-29.075216,-32.737644,-34.695004,-22.636896,-11.003,-12.86159,-51.771545
-51.603394,1.8440908,25.2627,29.186768,48.187126,-37.662624,75.61029,-33.03705,-4.730313,-7.2450056
24.072771,9.03272,3.7239237,1.408152,25.662855,-21.194996,-42.58728,30.096157,-23.60672,-69.46143
12.503081,30.585226,18.13758,-0.1612999,36.458797,-80.92259,-16.839396,39.72651,-40.115097,-74.983955
-44.12597,-29.911118,-6.9105654,12.449213,-22.432556,-23.832575,62.057198,-33.32099,-15.407124,-16.636467
20.128416,17.835897,21.857399,-35.586845,17.245237,-36.113247,-19.08254,44.689316,-8.67798,-84.04724
-23.989511,-9.422002,-20.024572,-46.61807,13.868003,18.87978,59.100777,-7.3689704,-13.120362,-59.40934
-6.933163,-16.368086,-26.117292,-45.26524,-46.24389,-3.3427174,8.510603,-3.107598,-8.06167,55.9278
12.3093195,-30.33623,-11.14194,-28.26608,33.831364,-17.584028,27.44778,-10.181452,67.40008,4.971423
-53.04582,25.583017,-22.102331,-42.37017,-6.7047443,69.51431,31.923294,-14.794885,59.706036,-17.55073
-19.232038,14.495291,-48.957058,-28.815323,16.966013,34.502945,47.349667,-23.94929,61.11531,-48.816696
38.91023,3.5104544,53.702976,-15.808462,-10.540465,7.720641,-43.472527,27.862356,-4.9255447,-54.5517
-36.930073,15.604692,-43.813942,-37.912395,0.9576879,45.720367,37.702065,45.230663,58.75678,-72.42586
-5.1197085,-14.252128,-12.472508,20.010345,-23.574652,-38.809803,7.806239,-12.802995,-5.2470474,-44.405342
-39.64633,-51.768936,-10.566251,-35.79319,-40.740093,-4.575534,27.169334,4.341546,-67.363014,47.648083
-63.759144,-12.445644,-7.042977,2.0425377,4.093626,7.0012894,73.268875,-20.237064,4.683284,-6.572978
-28.655893,-31.623062,14.018774,-38.93077,1.9575467,-55.697525,40.626083,13.0952835,-42.26039,44.94037
-33.83872,24.543514,-16.654753,-45.676872,-18.730337,6.6315336,23.026554,32.154793,40.438824,-83.626015
6.503842,-31.042997,-35.196323,27.987991,-14.561279,-36.136913,52.859802,-25.513739,-7.4684196,-46.21657
-48.049244,-56.877563,-2.154736,-28.036509,8.122308,-60.965805,16.009954,-8.722896,2.0814273,2.9284456
-43.23508,-28.06039,-32.646507,-9.716816,34.158348,13.938256,25.63483,14.483046,77.67412,5.2045183
-48.579735,11.685636,-45.16412,-26.755232,15.487512,44.96358,19.91915,-21.040041,35.04381,-44.032177
-8.274083,-50.44952,-28.433216,-29.968416,60.139557,-11.909427,38.21998,-23.723463,66.96554,-12.737985
-17.33493,-26.347368,-36.764183,-68.92283,-63.906906,-6.232871,-4.2563543,29.465748,5.2799745,61.21919
-18.132215,-37.842304,-32.77775,-10.867628,-13.405191,-38.97058,70.12532,-65.38743,-36.177578,-51.30578
38.540447,23.93248,-2.071316,-25.591476,44.078075,-29.253937,-29.071672,36.008793,-27.248743,-64.8395
-50.5434,-25.759308,-60.018173,-10.288276,4.7455573,-0.79898906,5.35426,0.36319205,19.016882,62.174152
-32.098114,-62.181576,-19.650808,-31.01643,20.93973,-42.421577,34.60479,-7.3643723,34.33937,6.1408615
-49.325497,-47.62739,-27.04048,-7.326527,-35.649654,44.509254,44.285946,-43.26611,26.351856,-19.127604
11.796499,-15.621742,-50.379868,-34.032043,12.243132,-1.7986932,38.3908,-15.082378,-21.56402,61.291428
-4.143099,-74.23223,-38.86051,-19.833763,-2.5657592,-26.178299,-12.476672,-23.892975,0.31869718,4.6159687
-11.688036,14.637764,-46.775692,-71.715004,-4.202059,34.295723,9.045221,-8.076998,-58.93544,38.63257
4.9625216,31.025238,-19.218264,-0.41052622,0.7054046,22.052166,19.563318,-23.48622,19.235931,-59.932247
-40.932503,18.856882,-40.75861,-26.581818,0.69690067,33.754314,52.967777,8.415128,56.74469,-74.49351
3.0911505,-13.875314,-30.850462,-69.09851,-39.103508,-45.180824,16.388388,-44.015984,-37.489044,31.7516
3.756641,-60.060535,-16.397982,-3.0236242,66.191315,6.0311947,32.776516,-36.68326,69.03914,5.2921124
-28.440052,-4.432889,-46.993824,-73.27785,-32.195335,-25.368277,-8.99759,40.795002,4.9948936,33.95145
-35.914974,-0.02505243,-36.37121,-18.49728,35.6647,26.038166,52.597607,5.7988405,25.339466,-28.564
-4.167225,-43.373283,-17.335735,9.35038,-7.659813,-65.684135,62.271217,-22.206743,-21.5448,-48.89983
-1.5878792,-63.93446,27.270515,-46.91945,37.279495,12.138671,33.673473,-49.00922,56.296406,-9.470038
-27.66332,-32.239742,11.849861,-6.818051,42.57577,25.158426,72.619606,-26.179531,45.504864,-26.690622
0.8413866,-52.153507,-17.808767,-34.260868,22.175106,-11.574831,45.12589,-38.57244,67.94435,19.684095
21.331518,20.765827,-20.518333,-73.09132,-20.29544,35.926994,83.104774,-10.67825,-78.072975,65.72294
-2.007664,-77.647385,11.585612,-27.539223,43.73716,10.515501,31.013866,-6.872779,61.877327,53.02074
-37.603714,53.756523,-57.478214,-42.644863,5.3969913,55.405804,27.81434,41.095562,47.7764,-33.923824
22.91706,3.5326874,1.2630177,12.600498,-2.8084784,-21.956993,-62.07749,39.52644,-5.6972365,-18.792976
-29.076887,-44.81421,-44.23812,-36.257675,0.77907294,-31.26725,-15.55068,-6.7018375,-37.03748,43.219975
-14.965397,-38.133663,-42.410786,-73.67556,-11.529545,-7.9845223,1.5604215,-30.121355,-37.03485,15.519684
-11.216661,-7.844713,-5.069916,16.902525,-30.666239,-22.451693,-41.309994,25.081816,10.521381,-36.98581
-51.048607,-31.127611,3.791298,-8.867624,29.447172,-71.042145,17.455643,-11.641993,-10.960713,-24.1814
-18.055355,-10.209127,-20.00882,-2.4225032,-3.64351,-45.42822,-28.50793,-39.43581,-8.021006,-46.132336
-42.800316,-23.60773,6.307752,16.116255,39.510162,-55.20278,52.475533,-47.35008,-31.171013,-56.349487
48.54854,-7.624598,24.247963,-29.267849,-4.099724,-5.25106,-5.491838,23.465519,33.100494,-38.188087
-11.122119,-38.508656,-64.86716,-66.70534,-15.038056,3.628418,7.8679304,-20.387707,-91.98425,-9.6679945
-45.07097,-16.86254,-31.281086,-29.624117,48.748238,25.738766,55.122612,-2.6578104,40.871826,-16.011667
-38.28796,-44.7629,-6.357973,12.439068,11.900872,-38.126423,65.76766,-42.88255,-0.54285455,-50.909485
8.129983,-19.172184,27.977795,-5.1187587,-63.14537,-30.970144,-19.147158,-8.999907,-28.008173,-29.886549
-3.7624855,44.335426,-3.8697076,-34.083435,-26.17722,-43.882473,-45.88834,29.894512,-30.232548,-65.7804
-22.18635,-1.6320065,-28.886927,-76.27993,2.8559034,32.49344,-8.393042,-31.392736,-65.64668,46.114536
-25.333954,2.5179284,-19.270441,-76.25047,-3.2752576,52.750164,-17.035763,-8.432262,-73.671,49.531113
-13.834758,-0.28673324,9.793112,14.2221155,-11.073549,-29.691618,14.260245,-33.54249,-17.510359,-43.816936
-24.25812,-48.46889,30.121666,-24.327614,4.1008754,-70.97644,58.53396,-14.174856,-51.69964,9.487984
-2.8717723,21.731861,-92.22619,-93.927956,20.793839,-10.698331,61.362137,-55.094666,-67.07341,4.1102104
16.643633,-78.53059,-3.0448587,-31.793032,-30.419514,21.503094,42.615562,-28.038853,34.485897,5.7090635
-55.272373,8.82026,-49.445866,-22.012537,-16.298689,26.670109,0.8090275,-9.938409,-41.594925,32.311504
12.050657,28.692823,14.901823,5.077013,2.0665212,-35.96359,-45.288548,3.4014225,7.0415564,-38.191833
-56.91947,30.791758,-38.431404,-15.853523,-2.9192224,77.47443,44.24942,-16.369917,64.881294,-37.21418
-40.71093,21.128191,-25.960192,-6.6682177,-15.196144,31.683796,45.902832,8.7608185,54.35104,-60.734146
22.22369,27.146915,4.0146456,-14.53764,-8.928771,-47.77856,-43.105026,-10.209435,-8.4382,-54.19965
-23.440605,9.881315,-60.13062,-38.50148,-2.59813,33.759975,42.914448,4.2124805,50.653053,-54.977814
-45.172432,-7.507184,3.4671693,22.153374,21.188084,-42.920475,53.67897,-26.78779,-28.106085,-27.914324
6.1551704,39.501965,32.911118,-16.569324,12.531954,1.246143,-10.078881,3.5567987,-7.6001897,-94.46154
18.243616,-3.86779,36.661484,-12.660336,-27.577118,-49.965855,3.347518,-9.812462,-0.21970503,-70.81358
3.9969873,10.867422,10.963688,15.137976,24.903267,-44.801277,-39.65976,-27.249306,4.7932143,-64.69928
-39.07865,-33.799454,-10.312167,-0.38123173,-11.566764,-61.967266,55.852783,-27.649446,-20.646425,-17.458261
-11.744696,-44.67947,-15.100784,-25.367249,36.93753,1.1345493,65.15174,-8.462827,61.119743,-6.812778
-25.591818,-69.849236,-6.1706147,-34.31749,22.581802,-10.870293,58.880924,-8.52749,73.24009,27.164446
8.610969,-55.39543,9.786999,-13.682315,54.76788,-3.4194756,43.184692,-52.0748,44.17605,6.352272
15.336706,-22.909775,-18.791368,-25.298481,15.265661,-15.282712,15.336778,-24.237797,54.31498,11.664218
21.014595,-12.564804,40.750698,12.240403,21.733503,-8.090104,-22.420393,17.433285,5.3676214,-81.18272
-29.464125,-14.547263,-24.118315,22.932085,8.02,-53.971035,69.90725,-14.392281,-17.617537,-38.532898
23.542572,12.796515,33.020382,-27.134,16.287277,-9.180227,-46.30044,5.6501923,-19.53823,-61.230618
-16.390388,-30.545055,-13.322089,3.8072357,5.4492116,-45.340496,66.57957,-47.85753,-18.993725,-49.385696
19.844223,-47.750633,-1.4245715,-41.118126,23.218925,11.779956,35.867,-32.511173,71.02394,33.173115
17.354172,-6.7034087,-50.657158,-53.264126,4.598068,-32.18265,-3.2229497,-2.626673,-95.119446,49.060215
-27.823097,11.155831,-46.32624,-0.62677014,-11.127449,70.985634,47.506485,-4.141234,44.75568,-59.815155
25.816706,-1.1548551,38.44836,30.525194,2.4359038,-73.59002,-43.72922,28.316845,-8.1457615,-44.824547
-4.4343376,7.852222,34.70895,-4.6572833,4.40177,11.327585,3.5940862,10.363861,18.220757,-74.10595
-9.339944,-15.926886,15.19295,6.4738975,36.021477,-52.747177,-8.422264,-38.717216,-5.828742,-57.772053
-12.703301,-54.307476,-27.584425,-10.938362,-49.68844,-15.470654,-9.947156,11.142483,-37.529465,68.922066
-33.648033,-67.26831,1.5083194,-13.0978155,1.3558278,-80.44107,50.893845,-13.870173,-18.026804,-1.9099652
-20.64529,-20.61873,-2.0797327,-4.525146,-7.9267793,-65.91098,64.4652,-21.371105,-23.662312,-27.327093
-43.55227,18.705347,-0.43412343,-52.30322,17.295864,39.161938,56.772034,7.585628,68.92201,-69.46272
-35.174286,-74.80669,-24.916061,-28.029215,23.765625,-3.4990036,74.70168,-33.756912,66.437485,22.837778
-24.494646,-52.515564,2.6663265,-17.807419,36.79112,2.1846976,53.173336,-41.47591,72.07339,20.664106
-36.649532,28.6271,-55.59727,-31.83148,23.260345,33.708206,48.070408,7.3435135,36.994392,-53.510883
-35.332287,-24.34585,39.840538,11.366064,18.147184,-21.967682,29.15864,-62.318653,-43.737114,-37.707684
26.26412,26.375553,50.470264,-11.693214,6.7557416,9.76711,-32.81048,-1.7880149,-26.040155,-81.0271
-23.72957,30.61874,-53.325638,-67.24997,-17.654667,37.004475,-3.2099783,15.403541,-12.12972,4.7765083
-28.446646,-22.971207,4.024496,-8.278712,19.702442,24.925072,68.355064,-10.316852,34.021416,-34.280033
-16.006277,-72.97148,-20.644392,-38.505703,25.606604,7.72571,22.691998,-3.7695696,86.63567,31.703814
-28.201311,44.816887,-59.36988,-43.877052,20.22467,46.469513,37.93073,18.69298,55.548332,-69.01645
40.972065,32.690502,13.677247,-25.659828,6.0154104,-22.930456,-35.257008,14.19069,-32.316628,-52.07326
1.061729,-42.55794,-46.36855,-15.584838,22.196674,16.858198,15.693211,-38.465218,33.988014,27.598917
-0.18075459,-68.076385,-12.41921,-23.348946,86.17163,6.489004,18.308905,13.998102,70.36392,24.437447
-35.030247,-9.595741,0.5529567,-2.7915578,-17.320227,-40.88493,62.024887,-4.777786,-36.92604,-5.735991
-49.058258,48.996624,-28.561426,-51.28496,-9.013757,50.44974,47.741104,27.735693,62.835327,-24.806398
-40.383427,26.855057,-13.885069,-34.37027,-17.367287,46.334557,52.529408,22.803179,55.34678,-45.53494
21.201042,-2.3534842,11.615876,4.637354,1.4499519,-45.566147,-42.010513,8.355303,6.420621,-35.762447
6.5280924,-58.54503,-13.414731,-31.496405,25.301746,7.443384,35.458282,-31.220684,76.95454,21.832905
-55.49555,-21.184715,-21.582487,-41.83337,48.020756,36.110794,39.56556,-4.1725345,70.05727,-55.484734
-8.927872,-8.649287,20.742588,8.652484,-58.9347,-17.576084,-13.267464,17.266031,-6.5128736,-37.657146
-14.952573,-23.938803,-30.15324,-57.400097,-27.10908,1.3581129,21.176418,18.089033,-44.507053,-6.9915805
3.8445604,-14.614703,4.922599,-14.425127,25.375534,-36.093155,14.196602,-28.613287,47.608315,-28.563585
8.064309,3.1214125,-36.27016,-79.71915,-0.37501332,39.581276,7.309318,-35.890747,-80.696754,58.261955
-32.32101,57.38337,-30.044235,-22.388647,-0.21209756,61.746628,35.873165,-28.19931,69.00684,-27.655785
32.495304,-22.15165,27.13322,22.94243,26.339558,-63.204285,-25.175022,14.331441,-0.1337468,-58.691505
-48.185127,52.521343,-26.833364,-44.849464,-4.8683004,71.94305,47.164894,-2.8545396,41.589455,-10.724255
28.70783,-21.45549,-90.43967,-34.914474,-48.22985,-14.659704,16.26452,8.663681,-18.435701,15.606909
-53.336456,-55.66211,-39.498585,-9.151219,-1.0204587,-10.519262,18.062132,-31.29916,66.14399,-5.452953
-51.304955,-28.301426,5.782844,-41.93413,10.286557,-25.233118,51.3622,-33.99798,-22.37528,7.3232822
-15.355802,-43.248413,-2.361472,-40.437542,29.917255,-3.9001982,64.035164,-2.0085185,42.50852,26.763508
-24.578625,14.158352,-7.3096523,-43.376377,-33.799656,28.367157,30.291733,15.213761,33.797092,-56.6396
-16.820354,-61.239285,-20.962364,-14.124026,41.216534,5.4018044,55.471645,-18.916525,58.004784,24.286674
0.7109196,-56.11243,-13.420039,-33.785007,-4.092199,8.236042,53.699394,-21.969675,59.348824,-29.993105
-8.924352,6.9150796,-45.375023,-24.838303,10.536089,13.22895,86.135635,-68.64736,-28.079628,-56.109455
-33.917957,52.129517,-59.659695,-35.482395,9.648502,55.15866,13.628495,29.784163,50.714386,-39.826324
-7.3960094,31.947353,11.387935,-23.783297,-35.361797,-55.099308,-43.52926,-38.652412,-19.012053,-115.22009
-25.7915,-4.4154506,-1.9890308,14.39127,5.7730823,-40.813217,65.526276,-54.4726,-46.474655,-23.587862
3.1034853,-50.14459,13.613454,-33.672726,54.55755,-7.016306,42.773773,-41.053493,38.223682,3.137921
-36.649185,-9.716968,-48.950203,-43.8418,-1.6187179,5.192149,-2.6095202,-16.810453,-60.27175,25.552927
48.239292,-31.248562,26.372387,-18.82096,2.2455134,-23.390566,-23.423193,-4.0428324,-2.3601344,-84.149025
14.701588,-54.71652,-4.9463043,-28.195236,30.385056,17.2659,73.846794,-32.209778,77.12862,45.473747
37.960747,2.6103814,14.028385,-30.003267,2.034196,-37.159966,-15.178532,-15.4650545,0.11949512,-102.025826
3.5574982,-18.256992,-39.20098,-84.24656,-12.933155,30.26076,10.802611,-49.9152,-25.2243,27.013231
-47.97814,-33.334892,48.609325,29.4704,28.382069,-40.405296,56.88956,-42.62271,-43.792305,-10.523795
-33.031654,-44.796745,-63.82217,-29.953005,-37.200584,1.1235434,-17.65629,-59.53379,-31.53193,17.521215
-18.063173,-10.628457,20.486774,15.716843,-13.18757,-49.523186,62.107483,-45.65907,-28.014202,-3.2710814
18.292044,12.346957,21.65627,12.03885,5.18442,-40.040554,-33.66515,43.46057,-7.512,-39.175304
-14.050856,-51.560177,-5.4821944,-43.545753,32.02771,3.4329352,51.007828,-69.18881,55.138687,27.980934
-22.741936,8.401829,-67.25943,-49.53962,3.599043,-2.9818604,5.933041,-22.85775,-48.160908,34.73527
2.886382,28.785084,46.849445,-29.70924,-10.159868,8.411822,-1.5457894,18.964993,-1.3128636,-61.087296
21.496807,-39.217075,-22.628675,-67.6252,-39.55957,-18.257078,-1.9552017,-51.052395,-37.963123,80.316444
17.590588,-45.88392,-13.886626,-4.207601,61.948994,11.59977,38.15576,-33.10194,64.54687,10.844836
-7.0085287,3.2853162,-34.134903,-18.05923,24.019056,29.270155,26.162739,42.83588,-18.568556,-80.73229
-43.328297,26.526945,-35.03445,-26.03602,14.935297,40.42355,42.267597,-16.796833,50.075768,-59.893005
-28.410536,-40.91979,-16.772009,-14.7092285,28.289265,-7.1812725,43.152145,17.811897,60.10164,9.266445
21.234932,0.06734875,-41.24389,-77.23323,-3.655419,-14.217897,-0.87841654,-18.154251,-73.293144,27.840063
35.740208,12.320791,-84.69764,-86.41592,-34.209408,-3.7999132,10.643317,-12.433346,-21.403046,40.727985
0.87680477,-58.473297,-2.801859,-0.75505334,45.091866,6.329393,24.090908,-59.733826,70.54434,4.3145742
-40.148373,5.928021,-42.627056,-3.8736053,2.7537546,80.27748,35.933983,-8.193784,65.380424,-48.43911
21.557161,4.7715683,28.580837,-23.618774,29.59738,-29.70228,-44.265717,36.58362,-0.9671369,-67.21685
-46.07859,18.893251,12.899651,24.714272,55.84105,-51.366833,83.77942,-40.50959,0.36439893,-15.72603
-69.66463,-23.856613,-83.304016,-60.525978,29.839182,21.99764,14.380219,-11.328305,-58.734962,21.170635
-47.55311,49.51783,-53.97704,-18.582602,-6.696398,64.96469,41.749634,-1.4738979,51.34086,-0.31742233
-18.75741,-38.494057,2.7861671,-7.1590023,-30.8882,-44.68816,65.12591,-10.859228,-68.109566,-12.190308
39.50669,6.6715875,11.36164,-26.200205,2.5937645,-7.358001,-40.89614,15.183636,-29.723993,-55.142006
-21.329075,-74.951324,-16.168886,2.0317926,13.57326,-52.10302,41.44567,-13.959765,-52.295265,-36.213413
-18.68582,-51.66168,2.0649247,9.870639,-30.466465,-61.974552,57.203533,-22.16673,-21.12214,-30.31011
-15.695573,-21.444231,13.913675,-3.3744867,-9.627116,-43.855885,45.731037,-42.78713,-19.861696,-18.202425
-43.734814,-38.63313,-2.4681988,-23.309875,3.1708107,-9.850501,59.87285,-11.249558,3.3441427,19.089401
-45.97288,-2.1516166,-55.236233,-28.108913,12.277243,31.890762,45.43141,-3.0718262,52.788246,-42.180347
-3.5778184,-53.87454,12.097962,-51.876217,32.62558,-9.56204,54.754368,-32.395176,19.355495,28.323938
-18.51932,-14.65303,12.743957,18.619335,25.31088,-57.461918,50.837517,-19.260199,2.935774,-10.156245
-7.3742094,-8.987969,5.812677,16.41874,64.58759,-55.846485,55.403736,-69.26899,-8.075722,-49.166317
-8.504914,-67.4033,41.999744,-77.90849,62.37629,-5.9250116,29.034487,-59.81723,37.795326,1.6638858
-27.441475,3.3342354,-66.87609,-28.83322,13.689484,-48.02802,-6.511599,13.922852,-57.837162,54.742393
-43.608723,27.179356,-4.365346,-14.209649,-12.907013,44.29359,43.060284,10.317219,48.479523,-37.172447
-55.46927,6.054733,26.933079,-10.5727005,18.704563,-30.339855,79.70163,-25.374165,-27.50759,-8.563261
-47.33546,-23.46654,-46.34575,-50.96996,-0.16083749,14.620527,13.34479,-39.642567,11.235189,10.641034
-25.266632,-39.306435,-18.501589,-48.239674,-33.85039,-11.446093,26.574814,18.39511,-68.73511,46.00909
-25.443176,-12.402449,30.082989,-25.079985,1.4583132,-49.004547,-39.71492,-23.743515,1.8747613,-67.54771
25.429775,-8.381656,-27.46979,-67.70325,-1.5276587,-32.21995,7.546238,-19.607689,-65.85173,57.74902
-9.614025,8.550535,23.561321,1.6704773,-27.35833,-67.37831,-29.051973,-15.935318,1.8941514,-84.704796
-37.09335,39.017128,-52.71039,-50.8673,7.5744414,65.57939,5.2846646,46.84799,58.673958,-59.25476
9.077196,45.716404,-16.54856,-3.786178,7.779462,12.903716,-7.9922805,-20.95812,36.299633,-55.497215
-64.369865,-34.67786,16.967937,26.753807,3.818452,-28.389181,33.09286,-14.484259,-61.29776,-11.334204
-53.139717,-28.585102,-30.701134,-14.048922,26.561707,5.7518954,35.001823,-29.98671,51.03483,68.7394
-0.9110971,4.1876082,-14.7291355,-59.64578,-60.260563,1.4808258,-11.509886,2.6980028,-11.49719,66.14633
-11.597343,-1.0710717,-39.396183,-32.197166,-15.494732,43.63677,37.681282,11.410843,65.474396,-93.55415
-39.641594,54.484043,-52.582222,-23.026136,-39.812958,34.84778,40.28735,5.6802807,63.436016,-44.78668
-26.461826,-54.744507,-14.995082,-17.232424,54.832695,22.132362,76.718956,18.4785,45.065178,36.507282
-27.435389,-27.641594,-24.687536,-20.908484,32.86139,29.194202,61.36173,-40.550568,34.590427,-17.743587
-24.085957,-48.121883,-12.917268,-19.73986,59.128113,18.745861,68.837006,-2.058024,49.76629,-11.047958
-25.823526,-5.2354693,-36.952755,-74.12771,11.480188,20.668064,-5.447001,-21.045076,-66.39144,37.28778
25.988811,-70.512596,-13.644844,-36.48655,16.468779,-22.480106,5.9207964,-49.287098,61.033085,0.05937934
17.992287,28.854578,7.0618873,-7.3082485,-5.639975,-31.107319,-41.480244,17.008738,4.2383723,-33.077114
-19.463736,-38.671425,-9.153917,-35.35639,-20.821983,-74.938576,3.4856968,27.24996,0.6589906,25.485083
9.180822,-68.04513,-0.5403764,-23.856724,45.51911,16.727474,29.84957,-54.909573,58.28961,2.7536032
25.165348,14.820323,45.857635,-1.8959961,15.08688,15.339049,-28.90652,0.77257365,-14.702987,-80.34146
-0.017081548,-39.81447,-50.313072,-28.760628,17.41114,18.089552,12.089813,-24.571953,40.29902,19.138771
12.375524,65.93302,20.870884,-4.5679574,11.6325035,-66.5112,-61.891464,-9.17416,0.61170936,-102.70304
-56.7168,-50.82178,9.432271,0.42336273,36.19269,-91.96307,39.73992,-6.745943,3.8746202,-29.629164
-31.088121,10.866528,-0.103049695,-29.003275,-32.551445,31.17323,53.801544,3.9093246,40.752125,-63.9826
-51.41722,-33.312534,16.68267,5.6351466,9.376503,-42.235638,75.3434,-5.808916,-16.729874,-15.623617
-35.178886,-48.47214,-31.411718,-42.10048,-7.7127576,-27.24491,-5.377545,-26.800875,-14.014349,7.1845627
7.7054048,-66.71378,9.035321,-40.398094,36.412804,-15.348619,23.783215,-26.078026,64.75015,-17.481142
-27.10476,-34.7496,5.6549683,-2.0013487,-15.623929,-69.880196,69.21874,-6.365921,-48.58195,-14.248426
22.89716,37.990753,12.550267,-19.442123,-5.214711,-56.292683,-46.781837,-35.43101,0.8611047,-73.078926
-6.5390058,-69.76383,-1.5822502,-17.315952,50.019424,3.7470713,66.98139,-20.03739,37.669098,13.466904
29.821325,27.337015,20.02584,4.890388,50.33371,-29.751791,-30.560392,34.071014,-29.085764,-82.30356
3.0695307,-55.037117,-21.045261,-24.47369,21.115383,6.055011,71.9179,-33.01861,64.54547,40.373116
-8.1681,-60.693695,14.203127,-31.784103,43.65915,-16.086895,57.64253,-34.83607,43.263645,11.994675
-23.25541,27.255375,-42.237415,-68.88154,11.966324,28.290075,-13.239171,2.119675,-29.764719,20.204475
-26.940184,48.456272,-39.40589,-38.199238,0.5029872,34.377285,63.22202,-15.759546,74.788216,-46.305046
17.758701,18.212276,28.579788,15.023109,-9.982296,-11.766186,-45.572174,-23.905838,2.271074,-72.70055
36.85454,14.581692,-66.404816,-96.438095,-50.88875,13.695822,11.441438,-26.866377,-28.948576,23.789345
-32.9615,-60.912,2.9070458,-47.417736,-35.775364,-36.460445,19.800657,0.49872681,-36.171394,37.88771
-6.4222245,39.38165,-5.813872,-4.2067113,-34.894203,54.808388,14.663188,-8.141176,44.749107,-39.308193
-22.57945,-47.840595,-24.945208,-18.605988,57.07772,16.642067,59.654087,-7.9640293,35.326122,-20.62411
15.31908,11.018086,22.4366,-17.659935,2.6597223,-58.942192,-8.168211,-25.506222,2.3569515,-97.08832
7.719963,-0.6334003,34.900627,4.6072965,-19.076014,-27.308989,-42.063725,-2.725888,-10.953063,-78.11182
-35.204926,-43.08771,-35.131702,-28.70304,-19.27259,-23.887693,-13.232019,-35.08678,-31.131285,1.7884028
-30.07949,21.50588,-24.66424,-29.094013,9.231016,32.24058,52.59065,13.432877,-12.523153,-69.462975
-36.87271,-7.9102407,29.34489,-5.880916,18.177551,-44.239883,49.70951,-39.25391,-19.369799,-22.23204
-18.409985,-35.901676,-43.254356,-61.819748,-29.443941,41.858326,-22.576744,-34.39981,-11.212331,27.43786
-54.835045,-12.862194,21.912132,16.90392,15.274272,-53.95086,58.348354,-21.094526,-26.71881,-2.54829
6.655809,-31.411556,-62.971672,-48.31185,16.060005,41.433723,13.247241,-0.67283565,4.7305503,8.501907
-28.50641,-53.69396,-49.535564,-17.681843,-7.527096,-10.578568,-13.945047,-47.720318,-39.559326,21.120474
-11.9318495,11.224588,1.120287,-14.467891,-19.24946,-46.44145,4.334537,-15.087504,13.805819,-49.605457
-28.744995,-2.5828626,-29.791601,-99.34404,-39.145035,6.3915215,-13.329445,21.69705,-29.655746,30.862978
-1.107809,-54.81366,-30.68994,-20.577887,49.315228,4.555279,58.980495,-34.77327,59.52883,27.531588
-38.757473,-30.757128,-15.44369,-20.862154,18.179129,-31.60094,0.8289714,-29.467024,-18.764364,4.805394
-34.88806,-82.70037,11.55418,-32.845524,37.733948,-0.20958854,27.763779,-34.34182,93.57726,18.947344
1.5779886,-50.627388,-5.9467163,-29.438742,-22.82959,26.950575,45.07717,7.569327,33.06468,-18.10943
-12.196462,-53.871048,4.977029,-0.96182,-11.1688385,-55.844765,70.54255,-45.44883,-20.13457,-61.538643
-16.626005,-21.095392,-6.3546205,4.828118,16.555573,-42.70695,80.816284,-62.352093,-45.497307,-59.89196
-26.994545,-38.75814,-14.870689,-15.968157,50.61983,22.261475,71.8754,5.8058705,26.074677,-26.288364
40.411137,8.340839,-14.789784,32.311478,-16.794094,-28.81391,-18.502542,5.3237777,15.935409,-54.587578
1.2696464,-22.712767,9.214365,1.5144633,17.706264,-78.83363,74.33517,-55.801426,-24.581394,-25.995916
36.919865,16.810995,21.883148,5.5164123,8.301449,-27.666761,-49.15574,-12.354599,-24.021236,-99.825356
26.535376,40.946033,-4.0742393,8.540523,3.937306,-13.748069,-29.075197,-21.319471,17.729206,-71.95972
34.70849,22.088392,-3.581242,-11.497466,37.000988,-38.410988,-48.60138,19.458166,-29.78653,-68.94728
-57.275913,-66.52937,-0.20633315,-4.7224693,-44.121582,-37.55618,65.28189,-25.810541,-16.155441,-38.65559
-45.331924,-5.8224254,12.696188,2.6125593,21.546337,-65.52629,24.682068,-18.52457,-6.077979,8.616472
-2.82365,28.40905,-1.9460478,-12.974197,-7.588991,-26.746857,-17.699263,8.023987,9.607053,-92.48176
18.202911,16.876053,19.558529,-23.104097,32.981346,-60.41654,-45.806618,20.365265,6.6928687,-73.479
-50.336903,20.386614,-49.257523,-18.624666,4.6975436,51.232716,31.111305,-11.987909,64.6175,-43.476887
-28.131039,-92.3083,0.47115612,-33.33249,29.9539,-6.3792586,60.45219,-24.553051,27.122997,6.2949038
-6.6578355,-25.657625,-65.52314,-33.344223,-0.46894398,-19.286337,28.720043,-25.33132,30.334446,33.716854
25.289574,-57.654705,-11.863457,-14.930301,36.164368,15.375613,22.94791,-49.7615,84.52952,11.59498
-49.591957,14.692766,-29.017138,-43.03783,34.062477,41.329086,58.971622,-3.3426745,38.53907,-59.341385
-2.3346126,1.0139827,17.430618,-5.364915,-5.2459135,-56.643414,-10.603644,35.0443,-21.161835,-102.5116
7.0031877,-65.40691,16.168667,-37.479496,52.343147,-4.243741,35.103367,-15.635311,42.16962,-12.447991
11.061177,8.893689,33.265587,28.307388,-19.081047,-74.13617,-40.164963,13.7486105,6.225277,-47.24589
-7.4782686,-35.861816,-20.543219,-47.2631,31.791584,6.4103117,19.268993,-16.81468,79.48611,7.901327
-28.417837,-19.213678,27.80291,-4.944295,25.00184,-64.34881,10.948727,-16.925165,-24.137402,-39.574547
-5.490971,11.233566,21.269802,12.648718,-2.2007942,-52.718964,-61.82715,23.204182,4.8751025,-29.836771
-36.789753,9.409832,-31.762789,-32.237335,-5.392995,65.8764,33.158073,-1.4338775,38.36431,-22.139793
8.836628,8.29179,28.210312,10.630523,24.62125,0.9533676,-19.905514,14.847763,11.950469,-84.75044
-35.588467,-42.23486,-21.422531,15.128355,-30.411137,-41.814224,57.93887,-32.311676,3.5420606,-42.76543
47.24531,2.6634367,21.533733,-25.236652,14.751868,8.082064,-38.682037,20.111956,-17.543877,-72.830505
-57.329376,-15.52548,-31.559067,-18.50134,-25.789402,45.084644,33.321148,-28.968157,18.293846,0.038403273
-11.96733,-53.878704,-0.0541782,1.9834274,6.0873194,-61.83748,6.7761197,-60.95259,-61.49969,-24.080526
-10.569094,-54.318516,-16.432474,-36.02123,28.693378,0.7054249,63.87122,-15.134337,13.309507,27.1405
-14.819558,5.1272583,-11.933104,-44.76612,-28.720865,-1.5706906,-3.599242,2.6920679,1.5447633,25.100042
-38.83361,-45.324944,18.591728,-5.9147744,54.968525,-48.605793,45.176373,-57.332493,73.53237,12.946178
-27.592943,-36.26945,-28.275824,-38.79872,-30.547993,-14.306985,-16.202888,34.08566,-3.2425056,34.30907
25.615234,2.92784,15.294772,34.93292,26.02457,-31.278809,-38.299507,53.698574,5.132355,-37.63016
-23.386095,59.524826,-60.381992,-43.05511,10.719294,65.39152,30.393211,7.5505276,41.93178,-37.5616
27.297508,13.794495,35.49588,-17.560879,26.662691,-28.770031,-28.58987,48.36213,1.1044261,-64.65445
-3.528811,-11.9654,23.215206,-7.6846766,5.1095815,-38.823517,6.82857,31.727964,28.703932,-5.244014
-26.103848,-23.307274,19.988941,0.07929218,-34.95742,-43.895885,49.696175,-63.90942,-33.48327,-8.797742
-37.143932,-0.99597853,-37.465588,-41.93487,36.73598,48.228172,28.069128,-38.058907,44.44131,0.76309466
-35.704002,-36.967857,20.34953,-53.187454,-24.33968,-36.811947,-5.271444,-1.5777087,-22.846956,28.517742
-41.72489,-16.481562,-18.750715,22.01688,17.5491,-40.49468,54.695248,-35.267693,3.9993665,-40.817177
-57.269028,42.62416,-18.234959,-21.510208,14.686647,63.018238,54.103268,0.90961534,42.624462,-16.722677
-8.028594,1.2079812,-54.97401,-9.459963,-10.749881,4.2704124,77.94943,-74.04197,-36.778194,-43.55671
-21.965889,16.152395,-70.98138,-41.712807,-32.773354,31.489017,19.74403,-5.6926117,-50.419724,50.68883
-11.283314,-5.5802326,-6.5220833,-13.700775,19.267866,34.49887,61.92137,13.771958,35.38871,-48.27586
-14.1233,10.131522,-11.5885105,-37.700153,6.8299594,-44.919765,-32.675995,31.71892,-16.77493,-45.17436
-33.98174,-43.718903,-29.956833,-29.978106,-63.042,24.90745,31.784101,10.964448,-50.93913,57.79407
-55.90351,-15.146054,4.6239486,-38.280666,12.724566,10.339173,26.769968,-33.281475,4.444491,-22.922255
-28.622818,-1.4513624,-18.865877,-7.5917,9.721258,50.95438,44.49807,-21.061356,76.73143,-58.972076
-20.82803,44.52567,-65.41769,-29.935575,20.960701,65.33251,21.064243,-8.288316,45.293755,-39.98241
-4.6886754,9.415819,11.1013365,-3.6087406,-59.160004,-56.141617,-26.848518,34.520844,-6.356044,-76.391685
-25.104477,-47.136696,-20.566635,13.598513,-30.259935,-41.310753,47.8039,-21.855873,-26.347576,-37.58229
18.332664,-33.557083,-12.41492,-26.177984,7.48889,-8.162827,46.467514,-11.27898,60.66039,22.322882
-44.323154,-15.733647,-23.487545,-1.3233203,-11.440949,55.79724,50.230946,-26.206114,53.758743,-46.37154
-27.133997,-43.29064,-36.01203,-34.524334,7.983865,19.40931,71.390564,-32.465458,29.0732,5.993186
-28.27403,-53.683517,2.1671498,-0.92342484,14.380822,-49.91044,56.879204,-43.064354,1.7383916,-35.682228
-27.186234,-19.927172,-2.4586139,5.7146397,-16.674341,-38.476414,56.35269,-14.980581,-64.19188,0.45506167
-30.953094,4.5737133,-19.249218,-54.39225,10.047774,46.167084,44.84227,-26.518091,55.625214,-73.04194
-19.92289,-3.1812048,5.6325088,3.2865996,16.982841,-60.1609,43.14798,-45.36886,-8.117155,-53.039066
-7.2471833,-47.69008,-17.097172,-16.759161,34.034653,-4.77474,20.71868,-42.9395,78.53373,6.7356358
-30.04102,-17.788912,5.3020315,10.521279,46.18241,-61.33162,22.0974,-50.921974,-17.126371,-38.296688
3.4563944,-30.276846,-8.128033,11.062001,-31.567137,-53.505627,13.823447,-5.4781446,-46.821262,-16.4752
-32.773624,3.848564,-31.74741,-33.060966,-29.40547,49.80478,46.102486,-10.550062,6.5464754,-3.950151
-10.578031,-25.009102,-45.874535,-75.25127,-14.45993,-11.050564,17.323364,-17.794134,-29.271233,28.015934
-21.002012,-42.987286,24.372883,-7.3541183,15.07672,-110.60286,52.078472,-12.364404,-47.168556,-5.4106693
35.375526,17.076805,-8.921853,-9.156248,28.92695,-19.698767,-36.64234,36.523567,-14.957971,-66.40075
-25.02024,-56.983444,16.092617,7.107331,4.4580913,-52.915108,29.295527,-59.13749,-48.471523,-19.228899
-22.484266,-30.900894,-14.428363,-7.3974447,-15.477796,-69.89854,43.00359,-37.581192,-23.131716,-27.860106
-31.24106,24.792019,-38.59707,-29.781822,-4.078789,26.9684,44.50489,0.26644096,55.99433,-59.36386
-29.284355,35.046806,-29.33235,-35.613155,-16.662666,55.83047,30.848654,-1.2331109,39.9382,-46.791
-44.650524,33.176056,-65.36156,-29.216007,11.857764,36.9189,28.23077,-5.144721,52.405113,-39.63791
1.701693,-9.956297,-45.361115,-49.06902,23.345098,23.642487,4.2947707,-15.728847,-70.08172,44.054188
25.515247,25.631075,4.6530566,4.5214987,-29.7708,-45.82033,-31.882282,42.755775,-2.039001,-44.699234
-1.6083057,-18.715033,-50.702854,-29.462923,53.954685,30.502407,29.48118,10.550015,52.693707,-13.87536
18.412216,-39.134296,-77.476326,-66.32972,-17.87223,2.8397255,-22.253736,32.994675,-45.00083,13.371555
-25.844025,-36.94051,-71.57754,-34.835484,18.092146,-14.803123,-23.626871,-13.373725,-48.656544,27.163225
-42.21856,64.5717,-61.293274,-31.896132,5.418182,51.259903,41.37458,3.884505,46.990833,-3.0318985
-8.069361,-4.1598372,-13.982838,12.258635,-40.485294,-24.290253,-29.681963,16.74681,6.4205813,-34.78629
32.278324,16.726624,9.943682,-7.011833,14.748616,-52.561913,-21.763279,6.087784,-11.687849,-57.21042
25.376982,40.19709,10.644483,-10.985427,6.9393125,-55.47214,-54.357094,-0.9453437,14.443313,-40.34262
-19.88903,25.474195,-33.76255,-82.99694,-38.33166,-10.231274,-17.832624,14.531067,-41.818474,15.346388
12.576528,-10.055633,-44.028797,-75.2971,-1.3675067,-4.3577733,24.728756,-22.015676,-71.819435,24.006132
-16.296549,12.793265,26.19529,3.6332421,-24.767273,-52.771584,-16.838425,17.081774,-14.807772,-101.64636
-16.902033,-26.854275,-40.344933,-79.954025,-1.3638395,-5.9388747,12.654392,-23.226263,-48.054905,20.003553
12.459925,27.192842,-70.18391,-111.84604,-10.431267,10.949027,49.623497,-29.295483,-43.99933,21.647972
-47.809807,51.38151,-53.993824,-27.87243,-0.5606936,41.67837,49.41219,9.666335,48.102947,-23.643867
12.047517,-51.7061,20.979633,-2.5887253,59.861214,4.754102,56.28415,-59.31376,37.258095,5.848132
-19.559519,-55.27332,-28.851217,-23.514929,39.91318,10.3035555,65.21402,-10.390486,56.79628,14.302916
-10.227237,6.751069,14.455336,-3.0828536,-33.12421,-63.408653,-24.617884,23.02471,-6.609775,-99.47256
-71.76942,-7.9265566,-20.078863,-1.4445411,12.15861,51.733738,18.308336,2.8958127,67.53418,-42.85099
26.645771,31.533224,31.430546,8.148626,-9.226548,31.025177,-26.261656,-8.811533,7.694676,-65.248634
-4.6812997,18.322023,31.122715,7.142285,-10.244898,-59.37918,-15.554546,-19.286156,4.818105,-60.93503
-36.44293,28.308048,-18.614319,-49.873764,9.796736,82.08273,34.299664,33.26407,28.74834,-62.29451
-16.968607,-48.982174,3.4182048,0.27920532,-5.877585,-49.78359,63.67943,-38.852383,-33.916813,-38.27936
-15.86879,-36.07357,2.8913367,5.213943,10.523298,-68.14397,62.386547,-19.031622,-55.093834,-12.861684
-24.533455,-46.298065,-47.0975,-22.648039,-36.9275,-25.865023,-18.756092,1.0489211,-33.198303,45.110477
-33.81649,34.799362,-14.414903,-58.859386,21.757912,89.489624,39.083218,36.519466,27.573055,-58.779778
4.60827,0.084236145,12.668245,13.121589,16.813154,-41.89911,-45.90974,-16.038012,2.3851078,-65.366516
5.997834,-70.35105,-4.141586,-12.058524,62.046867,-1.809954,17.074263,-26.814995,71.94624,26.915886
-34.21657,-26.032265,16.044762,-38.860786,-18.317293,-39.482418,-30.66142,-6.634329,-12.637545,16.76141
16.282015,-47.725765,0.7388387,-24.149494,25.761751,4.7400475,37.26342,-30.28251,73.7112,28.876944
-39.43194,-1.3308023,-50.96202,-35.511154,-4.5438385,8.840098,20.110872,2.840468,50.365795,-80.61162
12.921652,-64.72606,-7.8817825,-21.149166,36.538998,28.387493,46.93931,-52.246487,83.944595,26.430382
38.159893,0.043383986,34.69765,-10.495033,10.940941,-23.480856,-2.174546,26.284758,24.756989,-27.641216
-35.273342,21.624762,11.666113,4.0963206,26.671455,-20.184269,65.56202,-24.459175,-28.216955,-13.72915
8.052218,-32.730667,26.876087,-19.787241,47.014683,3.9027796,48.659954,16.98247,44.700832,46.94645
-10.90699,-67.70322,-5.8509965,-66.87701,36.910767,-21.26715,16.09856,-63.07386,61.54367,-20.607956
-1.64954,-31.37685,-51.708347,-82.30765,-13.152245,-11.711487,19.058964,-4.296845,-50.435005,-0.50610846
-22.039402,-9.041039,-36.217045,3.8942866,19.510368,43.532677,54.4032,12.436618,16.046099,-52.825382
-38.03152,-63.012455,13.183482,-47.462646,67.348236,1.5561293,46.466114,-21.889751,53.18591,15.594749
-14.250481,-18.720253,3.008059,-30.730011,-27.691418,-57.906536,25.549639,7.4938707,-21.469124,-5.8230205
-42.15338,19.115116,-51.173817,-29.518124,7.6943765,16.51824,35.165047,11.55764,54.9288,-87.182755
-27.885763,-63.985386,-16.053034,-22.426819,27.481886,4.6756573,72.8283,-29.114305,46.538673,17.635426
-24.454472,19.09235,-59.296547,-47.872025,6.198459,5.096077,-30.839054,-13.346558,-54.147976,37.182507
-35.710228,-25.403645,1.9694102,-57.922173,-26.746078,-17.441637,-26.060656,1.5971392,-6.6479177,31.779337
-33.603954,-11.329422,-12.168311,-32.249626,26.330214,31.98381,41.522423,-16.054266,66.64158,-84.45381
9.434034,8.896999,34.304306,-6.874331,-6.767716,-55.66877,-21.58353,58.764896,-25.741041,-82.957054
-50.393997,17.435411,-7.0656734,-47.6375,29.972599,46.43791,67.70348,-6.2931795,43.173477,-57.535408
-41.496326,-34.96082,8.005639,-5.656458,20.951698,-58.828587,47.187725,-37.774506,-22.004158,-33.525547
-65.044914,17.446344,-23.250729,-43.519947,30.983858,46.69858,53.42805,-7.0454464,28.193691,-37.72836
49.388508,-7.8589387,20.15969,-16.70604,-4.687896,-21.99521,-17.451786,37.33717,-1.6095811,-83.423096
40.62987,-26.358667,41.840027,0.6399063,0.34157366,-39.2375,-22.165339,5.795517,19.17685,-54.5817
-31.159319,-56.556698,-8.522214,-16.031675,32.449894,3.596397,68.85374,11.470808,56.342236,-10.045948
17.182724,14.064032,38.851547,16.025455,-30.732836,-74.07565,-14.350438,1.8425648,-4.44996,-65.037224
-36.72119,46.375885,-39.193535,-12.931196,-12.909218,73.51653,34.804623,33.92591,39.251053,0.89696336
-14.372693,-50.566555,24.212463,-21.546347,55.48458,6.8604593,59.908676,-36.320835,58.88334,18.80346
-42.20116,-15.772232,-55.53525,-43.59582,-15.2410555,-1.111595,-5.1062264,-41.9264,-19.392645,34.636253
-30.45819,14.49042,-51.740448,-98.04286,-35.739185,4.205459,-0.006176754,11.542334,-37.471004,25.574066
-31.007889,-26.827456,7.0341105,-64.02074,-23.097607,-24.012142,9.980213,15.95138,-20.422472,32.38244
-0.439851,-39.25278,22.229095,-7.5753903,-22.452034,-36.23749,31.188997,-72.82865,-22.362581,16.307474
14.627343,-58.127354,-44.60146,-37.6752,21.977638,4.729895,66.64701,-36.56654,63.73326,43.56188
-24.30442,25.347218,30.8432,0.4944824,5.386579,-61.640675,-38.35811,1.4719936,-7.4167953,-59.516808
18.740288,-14.632017,17.230278,-30.56807,23.088778,-22.837595,2.0617356,22.126596,39.40018,-41.078457
23.432543,9.37,16.718262,1.4665686,-12.895738,-55.249638,-40.37508,-8.179053,7.0184917,-49.775078
-44.60103,33.459476,-57.892735,-31.018347,-27.317675,34.863293,18.78799,17.146585,6.1916065,4.624461
3.1538596,-32.026672,-58.928593,-52.088657,14.516079,4.055646,21.3352,-12.724239,-29.340597,58.845997
0.94133633,-66.765274,23.910862,-51.151264,51.034172,-12.3718,14.7098,-48.66666,46.96305,-7.311831
-15.340958,-48.99817,-11.364937,-23.230547,50.65618,2.7188911,34.563446,-24.513493,62.633415,8.706824
-22.060291,-24.904545,1.6287203,-8.955102,34.61828,64.20981,56.282032,-13.647888,49.38125,-41.59733
-59.485054,-14.494236,18.643745,-6.047268,29.073427,-31.809517,69.228226,-12.868309,-28.563654,-15.721641
25.629915,24.354572,5.686984,-16.453175,-2.4480984,-58.905193,-49.83704,-20.05616,2.818789,-57.73874
-35.377678,-62.217197,7.585288,-19.125032,7.4946666,-79.493546,18.757254,-9.825099,-21.80154,-2.314528
-20.286232,-62.008575,17.718822,-32.930103,37.871788,-22.055372,34.041172,-37.125496,38.8797,0.75662804
17.956945,-71.779144,-1.2948396,-67.995255,20.289099,-1.815215,1.595913,-52.23212,78.249725,31.096674
17.50473,36.454315,30.470829,1.1094693,10.879462,-27.836126,-36.55851,-17.487919,-6.711835,-98.33041
-9.010157,-31.744156,-56.589256,-79.87077,0.6079777,-4.1018243,11.008035,8.855879,-52.363197,-15.658215
-48.176502,-0.03400556,-50.40358,-46.84267,-22.876226,21.55207,23.525187,-36.8533,-5.064749,21.409008
-45.31018,3.617452,-6.771225,-94.53598,-28.05688,6.7083035,-20.842186,-1.4126782,-47.150658,9.871151
-9.916726,-71.051445,12.112282,-41.44123,40.046066,-13.215866,43.818455,-36.328106,37.737236,-11.948113
33.088696,38.830112,52.437065,-47.85716,5.0426264,-2.2088091,-13.453873,27.482292,-34.621998,-73.092606
-10.996644,-71.60631,-16.48294,-2.7038176,-62.310528,-13.352768,7.56819,-33.93929,-51.482666,49.58116
-2.741598,-2.2002225,22.078358,0.30314302,-11.393558,-56.424706,-12.642328,49.13462,-23.149412,-64.06885
-48.186005,-18.113932,-4.4129953,-2.9838388,21.227509,5.2471094,76.61198,-31.718075,-19.19401,-51.197475
-49.85045,8.3317795,-38.47816,-20.56476,14.038202,52.591465,28.494013,8.317688,68.00907,-51.33126
-11.751656,-47.129597,-11.28707,7.830567,25.868834,-54.463757,53.443905,-34.999184,-15.630457,-40.613415
49.683563,8.863089,-21.792217,-33.10119,-7.2550797,-33.07872,-54.543236,13.682262,-20.480354,-58.70328
1.7086403,-48.325047,8.012385,-34.760326,43.537666,-12.70285,46.81174,-38.3023,48.812386,12.769138
8.576808,9.928398,-60.751377,-67.14051,-34.2878,40.783825,63.871506,22.560026,-67.48256,51.659634
-6.272669,-24.990635,-47.18789,-80.05218,-38.288696,-28.18449,11.001391,-2.254468,-9.529346,12.215881
-21.841406,-19.909199,21.520393,-6.097823,15.503469,-64.69295,57.88985,-48.338028,-46.319096,-13.233691
-36.30637,-8.564399,-45.159847,-16.941406,10.937297,68.433105,31.335728,-2.7490926,34.62665,-49.47925
-9.831477,7.0374074,-30.04816,-38.28941,-9.795028,20.051855,46.812054,13.054058,28.332989,-8.435694
29.408567,-1.7099658,-48.83851,-95.011086,-43.20169,23.290041,57.20952,-10.390667,-44.015087,40.035538
-9.69748,23.836533,29.538822,-27.243938,10.002981,-49.82019,-17.065784,47.402466,-35.220707,-80.844955
2.3019023,11.83758,9.513225,0.73402154,-31.273474,-29.93253,-43.30529,19.977243,-15.492891,-16.721014
-45.56131,-62.178173,-28.856218,-17.288773,69.56325,-15.411545,34.794136,-15.157663,64.83773,3.3252676
-22.106623,-2.3666615,-9.769457,-9.658406,37.902004,-41.731236,47.4383,-44.225517,-33.402,-15.014806
24.615152,17.589346,61.463478,-40.24238,1.6031394,-25.441029,-7.3329453,33.355507,-35.51181,-76.51752
-44.298195,-59.503674,-32.29739,-50.023106,1.6172822,-25.549297,-26.319967,-6.6426682,6.4387603,5.5748987
-3.067352,-51.77645,-57.528095,-73.86432,6.6478343,9.535731,10.058411,-17.02744,-66.98555,-19.436707
48.18412,24.899923,-12.587672,11.611566,-7.871349,-31.001368,-27.047686,28.307453,8.217873,-51.48318
0.2917872,-68.930595,-19.548265,0.36426103,85.28132,-44.01299,38.915867,-62.35961,92.518845,-16.523071
-2.2958417,22.25802,15.21896,-23.739204,-17.766726,-37.116383,-29.665842,-10.513444,-18.225218,-95.37434
-23.050476,43.035114,-50.24205,-22.49967,1.832948,57.38456,9.582863,18.749193,70.05459,-25.236824
-8.001808,-6.7599,12.257762,-23.8188,24.827312,-26.116093,13.343342,-2.5255387,42.82055,2.2638118
27.326466,6.9850287,6.2778554,-4.091388,6.62738,-45.426666,-34.48822,1.2979586,0.9298006,-54.961758
24.13466,-26.949345,-53.2695,-43.207,-2.7384377,33.46496,19.422762,-47.605774,-68.92676,20.244783
-30.056404,-21.965511,12.6456175,-8.371754,3.5387993,-34.190548,36.837456,-34.65202,-47.796806,27.633463
-24.455513,2.8988907,-26.31041,-47.68396,-16.760231,40.10106,16.973347,13.954439,-32.54122,48.934982
-18.865664,29.586063,-66.06575,-90.05512,-22.949232,11.022982,-0.60680413,14.386283,-34.286476,13.042227
-11.229476,-51.47121,-6.637406,-48.646244,45.08809,30.876713,36.6,-44.693993,48.486576,9.534207
5.0871434,-18.26772,-9.865154,-31.081472,38.706272,-13.16931,38.51719,23.26964,59.381523,31.899313
-9.186387,-29.696798,-32.93934,-34.18238,-26.063839,-39.87951,-16.72766,15.543491,-39.99607,52.814053
-25.831415,-67.7759,13.110358,-21.501112,49.83706,3.7410636,58.307133,-23.544752,76.33848,-12.05155
12.608989,-36.715157,-38.522903,-70.141594,1.3663425,-29.258709,-13.161528,6.8497033,-76.9482,45.705303
-18.455433,-18.626095,24.395115,9.3873625,-17.362684,-36.217487,65.10037,-80.301636,-20.920538,-27.750917
31.826046,-5.537828,-61.382973,-69.6131,-24.843721,0.535727,45.543713,3.7418268,-33.877712,20.077522
-45.03034,-34.79102,27.156677,-8.939429,14.418495,-42.27204,34.693092,-46.890045,-47.59409,-17.7566
8.944171,1.7601651,-16.172045,-19.419233,21.687466,-38.011772,18.926598,15.308349,39.617374,5.98297
27.573061,30.256481,15.544015,-6.2490335,34.17443,-67.2732,-23.593306,41.632374,-30.441425,-50.672886
-23.84987,-41.069553,-55.868927,-43.782993,-51.322292,54.725628,-35.957584,-20.478394,-11.256088,26.892715
12.550022,-32.66136,-18.61614,-62.015873,0.72103816,-22.652988,12.086473,-2.0640626,-65.34585,36.666103
7.8002963,27.21055,38.642,-41.345654,17.365858,-2.8096814,-20.421064,35.140636,-11.105207,-53.852356
36.604725,6.476643,42.521717,-53.617184,1.3860953,-7.240145,-17.27263,38.980247,-17.84317,-80.36642
10.626197,-37.415443,-21.784882,-18.88156,33.21888,22.709446,4.7330275,-5.5221033,69.162636,-25.55509
-4.253644,-35.048874,-14.866971,-51.990616,38.54677,38.048466,25.239897,-33.60058,58.31842,9.833336
-36.042244,-38.552677,-18.725973,-28.677633,-11.29962,-47.527317,-5.8819013,-8.494575,-43.526676,20.957003
-2.433541,-25.457184,-33.36199,-1.2870803,22.714756,-19.269268,52.62985,-33.63083,63.700527,22.962631
-62.247345,-2.0862756,-11.687719,-37.685062,25.224516,36.688046,28.85848,1.4585233,40.13188,-50.806267
6.375604,-64.61746,-21.671637,-27.17072,29.086052,1.7297896,45.280365,-55.781258,83.088745,16.240671
33.151276,27.38824,-77.1294,-33.47806,-16.103254,12.850463,14.244607,6.1028113,-51.219032,36.95535
-29.77549,29.167048,-48.345383,-17.424944,7.8061233,38.512943,38.448048,1.7212008,49.541573,-66.1586
-15.546641,-55.0619,-30.81944,6.264257,-18.294168,-63.356964,66.1135,-31.283092,-4.3267,-37.062878
-39.91321,-21.421387,-9.9282255,-14.815041,13.9547415,-30.921928,35.043026,-35.800762,-31.869858,-2.3413808
-11.399901,-51.930687,-19.168905,-37.696026,41.78075,23.649952,14.472157,-44.28194,65.28916,31.840925
2.6603878,23.293646,-3.4903586,14.137598,-6.7213154,26.302626,26.493881,-17.118912,11.343368,-58.13695
20.945757,-26.079817,-1.5823146,-20.2117,15.20756,3.8019176,44.106625,10.86142,-18.383026,-25.469208
-17.072502,-1.4323882,-61.22939,-84.86712,-0.9605615,-18.48269,7.247662,-28.454685,-59.87483,-45.320374
16.176346,35.726856,27.857708,-9.423524,26.724665,-39.679047,-29.370419,21.576797,-19.757273,-79.88646
-18.379322,-35.239742,-5.408938,8.140945,8.281234,-40.19003,44.286263,-28.905651,-27.02193,-30.347881
-45.73755,-48.277306,-29.393177,23.049284,-26.697948,-53.90509,54.32421,-2.808998,5.848141,-22.369122
-50.06375,27.165268,-33.92842,-38.36487,30.52611,45.797104,42.77707,15.750327,36.00341,-42.20141
-59.108814,-25.139713,-47.899952,-71.62953,-2.5518103,-2.7736142,-20.3978,7.7979755,-55.597065,-45.945923
-23.549149,12.088598,-10.390748,-58.938488,37.141552,57.073917,30.501213,5.8598456,64.90179,-77.138756
-32.51361,-42.741997,-1.4532913,-8.526327,10.747407,-67.81541,68.41082,-24.451061,-38.60253,-39.114613
64.296555,11.349308,38.8795,-54.714752,-28.04224,9.048874,-8.269781,-0.7747623,-7.3339167,-69.084435
37.54247,18.20585,-1.6665269,-21.959475,-1.1203125,-29.964659,-45.17058,-10.841879,-20.36206,-88.17423
-22.51171,-56.438423,4.76377,-23.246021,70.06688,-4.582133,37.383324,-35.61548,48.23668,-1.5829026
-29.26039,-17.02391,28.507095,-11.581128,29.342909,-62.062313,46.27675,-26.202147,-43.592842,-3.726954
-39.035027,-52.52258,12.196922,-9.3374815,33.385643,-61.095165,53.145905,-46.2782,-32.66296,-36.563553
-36.413574,-50.141907,3.5577455,-21.27464,-8.967379,-63.36078,17.295444,6.0245833,-7.5765123,1.8535373
-7.9596543,-35.826588,-34.3708,-40.062553,19.421682,10.867623,37.80915,-42.03746,9.924525,41.480408
-45.55224,38.652588,-38.061066,-52.087658,3.163357,15.1047735,37.381664,26.796528,38.72896,-49.76117
-20.936468,-38.361626,-30.76896,-14.787704,45.187183,26.506733,39.904156,-27.258827,64.212425,-2.3305726
3.486184,-54.399246,-81.38796,-79.203354,-26.197353,-36.079067,-36.60731,24.942965,5.0867963,1.1925747
-17.674685,8.264036,-65.475204,7.384749,-10.460827,76.9633,37.72612,-30.737427,49.925198,-32.409748
-15.086998,-43.85316,-30.789297,-51.143566,8.728596,-30.577684,45.374287,-78.87168,94.00117,10.96142
23.236593,-46.693623,-56.996906,-31.44029,18.364548,39.062607,3.3391714,-35.345234,-49.637905,34.41466
8.526714,12.882857,-0.9916686,8.173299,-7.0142365,-27.504679,-63.30473,27.995682,-4.5475516,-11.5150795
19.737202,-46.59079,10.031399,-9.920268,32.78285,14.605227,42.088917,-46.318295,60.543686,11.302976
-31.339476,22.996733,-49.301044,-44.87843,17.081875,47.20301,43.122337,5.520517,64.32971,-60.93209
32.747288,-23.254797,-46.24095,-50.57183,-3.881774,-48.63061,6.045322,-40.14634,-4.0939975,31.546366
-15.553372,-17.000162,-43.224407,-68.62012,-4.0726347,-37.862663,3.681222,5.3931756,-49.588024,13.607258
28.27281,-32.490562,-41.581345,-44.036377,-24.976429,-22.407616,-8.67731,-16.181725,-56.21195,37.991703
-5.1107826,-46.91464,-41.609955,-31.17002,41.814938,14.155285,29.93397,6.944012,76.619576,-24.120363
-8.850615,-15.426293,-26.697788,-86.91787,-28.397202,10.536616,9.518114,14.239235,-62.13049,53.069645
-21.00526,18.891415,9.7244005,-15.536608,-15.246221,-47.164352,-46.95747,-21.084572,-6.532253,-66.4873
-23.750895,-16.398808,-22.084862,-37.091213,21.985514,33.857044,38.38703,-24.689043,61.760986,-64.75671
36.12564,-13.295706,47.52768,2.3522043,-5.7491126,13.324668,-39.091335,20.366343,-0.013227216,-52.29014
-33.58328,-9.996853,-26.6025,-23.949963,30.098236,65.83857,27.205555,22.42683,19.943,-79.24437
-70.653244,2.0255,-23.09922,-35.762974,44.869335,48.669266,32.49966,2.0349176,51.280228,-43.678616
-1.083251,-43.214855,-27.082542,-17.805305,36.901466,3.9801445,14.127907,-28.905506,80.7214,1.790344
-9.70265,-68.49087,21.922134,-28.113474,48.51377,8.597299,15.034614,-4.2045712,44.462677,42.33205
12.705562,-91.538826,25.523838,-18.526968,21.851255,-0.7328099,47.96972,-2.939577,62.929604,-12.746942
15.473266,-6.116831,24.232231,24.95809,1.5983288,-18.32447,-51.45992,1.0962195,-2.499279,-81.7362
0.029407442,-54.47802,-14.12897,-23.855322,25.462154,-24.868597,63.312344,16.832895,7.1363053,6.394741
-29.759136,-32.120148,4.6458178,16.04119,-19.991964,-29.326824,47.393337,-24.797009,-40.055153,2.9092305
-18.775198,-64.507126,12.164329,-24.092005,25.729536,-18.569887,53.276993,-17.003916,44.019894,-0.8212297
-40.16319,-55.7456,-40.83958,-16.587452,76.92635,4.1377873,18.902918,-18.75538,68.90049,-31.859934
4.8506966,-43.6271,-28.625612,-37.089622,-6.9923415,-2.7355154,27.901854,-25.364569,76.21991,3.3450668
10.043075,10.301786,-4.8996086,2.9507837,9.866914,-70.90993,-40.56146,15.77719,-2.423007,-52.570477
-25.715563,-27.11132,-17.725906,-6.808568,3.3509517,-35.937984,63.59838,-64.40031,-43.51374,-45.366344
18.095976,-3.6298327,-45.719936,-18.565935,8.804099,-24.667456,8.438339,-6.748509,-65.900116,69.426796
88.7885,32.48835,14.393149,-39.530945,-31.659756,2.0993385,-20.197567,-19.030191,-2.155016,-51.682274
33.139038,-5.363765,15.31645,-12.961211,21.585983,-33.593494,-6.473488,43.389744,22.836464,-41.096733
-17.574104,-21.52237,0.5310055,-0.92575955,48.987545,35.00522,26.193138,-13.20372,60.398506,-18.163939
-39.11154,-75.375824,-27.119522,-45.748127,35.1061,-35.382088,20.597307,-30.200214,66.47075,-5.6204224
-45.135944,-33.307137,-47.439903,-53.90616,2.36412,-44.163063,-27.963476,14.906705,-40.44547,21.523928
43.04269,9.51278,51.453957,-24.287567,-1.6635998,29.293108,-26.845537,16.503948,2.4006536,-64.44197
-9.189388,-49.915886,-28.74646,-4.5960383,65.1581,1.8402647,45.98072,-29.88883,64.467606,4.4986725
28.738892,-0.36896288,-59.51952,-42.65361,-47.059654,20.857397,39.860367,-1.1627102,-57.602184,35.19949
-39.467976,-74.65624,34.557846,-15.160415,4.4241333,-25.335745,43.610252,-5.4433775,-66.990166,14.472077
-16.46508,-36.736763,-8.364184,11.1738205,17.6969,-43.933994,74.1502,-46.76374,-23.785463,-55.262962
-41.230156,-19.443804,15.063327,-10.034413,27.35088,-47.125927,50.587048,-41.482937,-25.675343,-16.10184
-2.002227,-43.013412,-45.49565,-24.681383,33.111954,10.22055,46.68401,-17.679716,34.3609,49.119663
-10.599438,-58.133717,-10.255132,-12.516558,65.09245,9.686137,27.53221,-25.012234,71.6139,4.5527716
-32.1702,-77.97498,9.942175,-56.827488,47.313747,9.979621,67.082436,-59.60958,48.97303,21.715937
-30.512968,-11.758207,-25.76923,-101.34037,3.7467268,9.209474,10.63964,-14.757071,-69.19105,-4.824996
24.622414,20.405134,24.45715,-36.25504,3.2055447,-16.909258,-18.900154,37.489174,3.2715085,-65.36085
-11.411603,-2.9212883,9.986001,4.527827,-7.8981667,-63.04885,41.70624,-44.469296,-52.479713,-4.611284
-13.564033,-6.8369536,-57.928318,-21.29868,31.15671,25.369402,-2.6036417,-16.943762,74.251396,-3.2329762
4.5170164,18.379204,18.07779,-7.454039,-23.14808,-57.876842,11.1901455,-15.759904,-23.236574,-13.238926
-14.679565,-3.0535119,-14.567723,-29.55204,-35.28659,-45.5121,6.7687516,3.8439348,-36.9398,24.16978
-36.175285,22.219141,-72.45391,-39.193386,-16.038986,23.380714,0.17291206,-21.368662,-50.64417,35.917492
2.817639,15.667662,7.4372673,10.011915,-16.993864,-28.075418,-14.301667,-40.688717,16.685705,-84.32763
21.033571,19.37264,15.368233,-5.868315,16.51235,-41.792618,-44.026012,-26.203999,-23.781292,-48.07564
-19.756897,-30.960058,-7.742615,-79.37429,-1.631185,15.309028,-3.5370584,-16.873814,-91.98746,23.728584
-11.6744585,-40.004787,-18.66802,-35.164234,40.058945,17.795237,44.705364,-38.593224,63.57025,-8.8363
-38.610123,-57.25884,16.845806,1.9865302,-45.784275,-42.132404,52.155056,-33.364105,-33.220512,-8.270765
-32.440636,10.505949,-73.90107,-36.371307,5.0495563,4.572339,-21.855906,-9.88461,-66.73581,40.329163
-36.354424,-20.635208,-81.26803,-30.311722,3.4900343,-8.300993,-6.0447984,-38.871567,-21.777132,10.445644
22.538853,-22.226542,-57.587814,-56.212955,-49.799175,35.955887,30.94095,1.451132,-10.361821,29.824299
5.395201,-0.8913314,0.47194505,14.528558,-43.798187,-34.751476,-21.13012,-11.662864,8.219243,-25.44375
-13.304149,-71.277115,-26.503311,-1.0124618,7.566105,-7.2308507,-0.17522742,-43.761787,-25.20449,42.214764
-9.686976,-55.756805,4.931505,14.1941,62.514404,-53.947598,43.125546,-58.659603,24.605137,-32.03379
24.748909,-2.499759,34.8362,-2.5174227,-36.183636,-43.9257,-44.848114,5.879434,18.755775,-37.64115
-48.589874,-43.899117,-16.326128,-47.21081,-19.34265,-16.946981,-15.929664,8.976051,-36.271275,36.616096
17.844421,0.9008907,-34.984066,-40.129654,-11.639876,-10.251922,25.90037,-6.9064693,-76.43665,59.30488
36.90252,-11.008621,-7.5719085,-44.55772,-30.51116,-25.160337,-29.025743,22.00898,-6.890057,-107.60779
-31.23034,24.652946,-58.761745,-46.995213,-17.498884,3.2891493,2.0018008,21.171339,17.222523,-12.990507
-11.645746,-9.84204,-27.727274,-23.577621,20.0246,-49.96925,38.972008,62.103825,-58.638184,-2.7177885
-20.474499,-61.141987,-2.5413363,-0.4563678,7.219177,37.260117,48.782566,-33.900314,69.19233,-25.059921
-3.505805,4.965464,9.558508,-14.416388,-29.194773,-44.44173,-8.740644,10.626682,-25.941372,-120.7472
25.706097,9.715441,-77.38024,-46.85336,-26.425217,37.208527,14.903796,2.5087066,-53.62757,4.6608276
-29.860573,-57.67621,18.125526,15.509823,-26.648037,-56.32037,55.401024,-21.81927,-43.535366,-14.49947
18.405302,-77.43712,-36.107494,-46.95786,-7.8463554,-57.28443,-47.837505,-15.344934,-33.53018,10.649469
-41.139412,-22.493923,32.93558,-10.389881,28.401865,-49.36982,57.64049,-45.577965,-46.338913,-2.7755406
-27.812368,-2.3319514,-31.063274,8.951929,4.1713943,47.091167,52.616985,-40.61623,22.343632,-45.536034
-54.17317,26.404364,-24.89158,-44.852516,9.411841,39.97634,29.80085,-8.686818,39.35591,-36.63793
-47.305466,-32.94327,23.703083,14.517523,34.60036,-47.014187,56.7368,-70.126785,-45.764946,-39.019215
-22.028519,-69.379326,-3.9040058,-35.641834,23.071129,-9.626302,58.38795,-40.467155,48.92318,22.251244
1.43904,-71.90753,26.670319,-41.220737,37.009876,8.174739,24.489523,-84.34271,68.73487,-9.765726
-23.005146,-84.51687,-17.598696,-18.887941,12.499309,-27.698301,19.459116,-15.602402,10.558201,-12.785263
-34.241524,-10.396076,-25.472193,38.72797,0.097622216,-43.724148,55.462746,-25.285492,-5.5127077,-13.699579
-53.1669,28.742516,-42.74431,-38.061085,-5.90236,60.502007,21.236212,-0.85768896,66.74062,-43.85187
-21.337908,2.969925,-43.83555,-50.353603,14.869361,23.02468,52.081345,-26.94364,61.099396,-29.99782
46.28373,-4.8601933,32.782402,-33.363937,17.010584,-27.007559,-16.86181,-1.2450774,-4.541078,-92.59097
-2.9268043,32.38537,-7.465817,-19.065676,-12.429254,-32.946377,-28.285418,-0.028268008,1.8981309,-29.494026
23.638758,-59.253815,6.2283435,-27.942135,22.202953,12.766795,50.729263,-61.2891,55.120087,21.166557
-39.087864,-41.37478,-40.240814,-19.604506,-25.525007,35.936886,36.63916,-45.53132,25.505444,-30.324223
-52.90133,27.936607,-15.808337,-43.92717,20.631798,40.60998,60.012573,17.349884,51.279053,-50.33951
-34.94296,-14.776691,-35.9871,-14.384367,15.74121,42.982925,54.056396,-26.651386,37.676186,-33.94362
9.791853,-18.207903,-16.404154,17.482397,-15.680495,-62.59532,16.166224,-3.7937977,-52.37191,-7.987066
-31.432577,30.984089,-33.380856,-37.20301,0.2256692,48.76048,28.960634,27.440067,48.414116,-32.7037
11.242648,27.251884,30.097347,-28.727486,25.20599,-33.646675,-25.66069,19.14466,-28.341913,-92.01897
-20.30918,6.4396915,-43.578186,-37.58439,8.742133,21.813398,39.72553,-22.751799,61.87419,-30.147564
51.01466,0.39643916,7.025542,-6.9513574,26.808285,-35.59497,-35.933144,8.51808,-9.614577,-52.2719
11.669899,-62.288006,-6.676655,-41.740437,50.180195,22.39481,42.87635,-10.791477,85.40776,60.61687
-65.97206,-20.96584,47.085682,7.989962,13.319647,-45.177628,55.683193,-13.715336,-38.087276,-4.802803
35.74991,25.104946,11.019968,-18.00761,17.003105,-32.079395,-32.3151,2.4854558,-15.230706,-101.37767
21.051239,12.872299,-4.9313297,-10.471718,2.208112,-29.803734,-37.21662,23.538557,-26.456871,-75.26992
-8.76565,-56.21375,-15.322455,-49.931435,28.34441,0.8357779,30.331242,-22.92959,78.55372,40.885403
5.6172957,32.444733,4.0987477,1.9591829,-3.7463844,-43.354313,5.0638022,-13.4044485,-36.426395,-37.205956
-9.0961895,-32.989277,-2.691803,4.1711745,-47.21996,-36.04107,16.838772,-1.9735103,-31.118082,-23.610254
30.938217,9.574379,17.496258,15.452631,24.059723,-22.074457,-17.178185,1.9556338,7.570447,-99.43892
-29.152426,-5.159206,0.74245346,7.791881,48.375526,-39.81493,49.953045,-51.343903,-40.972874,-32.51889
-35.86719,-10.298193,10.712617,-41.157192,-27.43787,12.389651,20.463348,1.0929389,2.4879067,-28.518913
24.710598,-65.54891,1.0621946,-40.54393,22.066391,17.30796,34.323555,-22.957636,65.70877,33.534733
-27.259933,6.469215,-33.3441,-60.88305,-5.6774535,58.295258,17.457775,-2.5651186,-9.953812,12.237955
-11.069504,-11.1597,6.6468525,1.3536934,-28.497458,-76.2353,-0.82897353,-40.76791,-40.5115,-27.51299
-59.354824,8.095304,-19.130072,-51.81804,11.241102,51.163414,45.33088,-9.29932,40.607014,-53.93223
21.075073,-4.162061,28.329792,13.617642,18.07571,-67.870705,-11.48147,-7.4534926,3.2022107,-70.77172
-42.846443,-39.027348,13.740924,-11.406432,39.598755,-66.77654,32.083824,-31.170595,-3.7802815,-13.105615
-37.818874,-25.665434,-2.0672529,18.668484,37.627758,-48.132347,68.51271,-37.66024,-8.2887535,-45.327805
-54.977592,4.0555286,-29.649261,-32.268864,3.2319722,30.561388,44.876823,6.919338,57.931175,-61.677685
17.611858,-20.716429,-87.23634,-21.843264,-42.781563,-4.3741155,-27.357021,-8.003722,9.897017,16.855047
32.12801,1.25347,15.964313,25.284122,29.621893,-41.659943,-18.39806,35.529137,5.7415576,-71.53407
2.9671352,-10.741193,3.4610019,-28.197712,3.7609105,-47.56235,-3.2057824,24.92486,28.029636,-46.755688
-15.442258,-0.55849624,2.1781535,-54.267117,26.186005,51.80397,28.366152,-25.29588,57.898228,-86.406006
0.9243882,-21.994244,-49.34448,-56.01406,-12.923629,31.448727,2.8736153,-30.689953,-66.535965,50.499966
0.71945566,-19.2268,9.508136,-29.770332,13.43273,-40.30605,11.132198,24.468708,15.741175,-34.0933
-9.497258,-32.486332,-12.883196,7.3155894,7.8988147,-56.784706,61.29283,-7.6695957,-66.41559,-2.212892
14.244836,45.7322,10.444809,22.190607,3.997921,-46.039436,-6.040311,13.390019,-16.065615,12.062292
37.355286,41.045788,25.882626,21.739311,0.18757135,-29.047024,-36.914948,-25.011166,-0.18762898,-50.976517
21.112139,-4.0154066,25.671383,-31.040388,5.673081,-33.67671,-20.859747,37.09827,-16.062609,-102.55139
-19.140507,-63.916122,-0.36956567,-52.303806,56.79364,5.972202,21.331478,-44.120296,70.49589,17.080412
-43.53319,45.730255,-39.603294,-42.3895,30.174961,51.69361,55.308895,4.900262,54.378937,-41.099
-34.21783,34.71407,-59.694977,-39.75184,19.659304,67.287285,48.746075,-13.123688,41.12415,-48.959656
-36.638313,-63.667316,-4.292582,-30.841135,16.187708,-11.611881,84.031334,-64.235374,87.95791,32.37757
2.3824778,-49.3512,-4.0008917,-20.24324,71.392456,6.028186,33.88783,-27.325905,62.40712,0.59702253
-41.305347,25.532944,-63.760513,-37.49478,-8.377514,23.158081,5.0255656,1.2894738,-48.751686,42.726624
37.133644,-2.137727,-37.769943,-76.05745,-23.334324,-11.2581835,-5.3825665,-30.642254,-58.513233,15.365316
-29.361122,28.22616,-39.102432,-23.732914,10.956247,30.574781,47.693302,7.7214575,62.118263,-69.40566
0.42214468,-16.65908,-35.797832,-46.54123,9.007638,0.7339622,14.42655,-26.197868,-53.297047,26.382164
-19.720066,-26.084015,17.073261,0.31152225,1.2468421,-40.36992,63.473045,-59.557796,-51.865627,1.878912
-30.427387,-39.38156,-50.857983,-75.37648,-15.547441,-7.7249007,-23.860857,-6.9519157,-26.708029,16.698587
22.276375,11.053291,-15.075175,-89.70053,-35.4085,37.071865,42.105476,-27.42325,-32.42622,60.248962
29.620794,39.282066,7.408781,0.6832398,0.6340205,-46.007786,-56.45971,-11.782976,6.71639,-44.521664
-6.257121,11.656242,-12.045275,12.564347,-49.642387,-28.689623,-49.09585,-10.894677,1.4665744,-31.75832
-43.223186,-66.633,26.794521,-19.978842,15.597274,-56.596363,43.388046,-22.400537,-46.168148,-8.433943
-46.702324,-39.553,48.979095,18.404373,29.835611,-34.474663,55.60153,-65.48243,-55.632214,-31.487137
7.6598825,-14.096598,-38.484573,-16.622816,23.243208,-41.966248,42.57488,75.34981,-36.075043,-12.33812
-36.793724,3.0458999,13.993824,38.645508,24.43344,-28.635416,36.808334,-14.9415455,-47.51504,-14.532398
-10.653159,-37.515476,-17.596735,-30.057112,40.76789,7.594798,38.074818,-29.45601,23.59906,36.200077
-38.064117,-16.839136,-15.492317,-14.575035,18.407894,-23.781155,21.105247,-47.87185,-3.2253094,-8.953163
-36.460106,-66.822945,-25.96878,-37.82262,-13.543695,-43.88777,-13.748754,-13.396134,5.560187,12.572011
-21.0603,-44.269512,-14.007882,26.4956,29.767319,-46.768753,53.682064,-31.779852,-6.0896072,-56.32895
-26.3664,-27.857239,12.445345,-14.2151785,12.260599,-76.872025,53.566124,-40.32479,-42.388596,-12.9072895
16.013058,-65.16542,-10.513082,-23.158228,57.533768,23.923386,29.039988,-0.65428483,69.263054,35.74091
-39.270283,-52.798378,-31.484333,-18.906073,49.21285,2.7122192,48.946075,-18.559193,54.59538,4.24957
-26.545464,-15.950764,-4.6296473,-12.033179,-20.274464,-57.620667,21.388971,-18.743841,-28.937603,-11.630101
6.934497,-47.913876,13.379863,-45.842773,55.24379,-0.2219814,38.019405,-31.027721,45.466137,5.010145
12.534823,-8.587383,-58.550095,-40.620975,24.32406,13.79039,-1.5212425,-28.332893,-83.44431,39.0982
-22.682955,-33.448345,-25.203382,-42.24326,49.897858,32.89298,45.517876,-22.089848,48.66684,0.145607
-40.723778,-2.5833018,38.00119,19.94819,19.802677,-34.19451,54.907238,-37.865845,-27.848648,5.7797403
-45.374664,-48.24676,3.1828737,-12.815446,-4.68754,-79.83019,49.337696,-20.571941,-60.43057,-21.55067
45.457035,7.6626344,28.948112,-50.59083,-16.77356,-26.65246,-3.8205135,-34.38619,-3.8448472,-96.413506
-18.571764,-58.975376,13.565029,-36.290092,27.362003,9.727327,61.780476,-33.410927,60.08115,-4.158847
-25.99882,5.962366,-44.979565,-58.998966,4.796434,22.062572,17.28415,24.639738,70.87584,-34.640865
-21.922054,-47.616287,17.423538,-0.65154773,-6.994354,-63.56761,60.554333,-36.81646,-44.731323,-21.448666
-9.159234,-53.949062,-14.651733,-19.325281,45.735226,1.641728,31.353947,6.975956,80.42843,-17.848667
22.537302,-32.97519,0.5961442,-18.978458,33.80856,-10.682329,26.085083,-4.643701,51.72339,-4.8656487
-29.694893,8.265614,-43.433975,-31.27804,2.7142262,34.898117,28.727945,-10.179576,26.79735,-44.862934
-10.40436,34.96464,5.475651,4.2388473,-21.556532,44.00926,0.82473433,-15.018081,41.014744,-52.688004
38.24621,26.093203,8.612586,-17.914051,33.842392,-29.29208,-24.286644,16.894878,-20.671366,-91.53359
-18.456062,20.569674,-50.39593,-73.08766,10.162842,27.210821,1.9038321,17.200901,-28.233557,5.1905003
28.269156,5.869719,13.489703,22.812372,4.230984,-68.416466,-64.642624,8.313464,-22.33896,-72.56848
-27.192951,-45.337658,0.08655441,16.475843,-1.6875535,-49.803432,66.96247,-21.880428,-0.5600735,-22.321545
-55.86541,-36.273777,27.210762,-5.8527193,30.45418,-65.526665,10.008161,-11.687722,-34.533722,-8.698221
-1.4999211,-27.507,9.330737,6.014337,-17.506645,-59.67148,31.852396,-55.77106,-13.423578,-7.794106
15.154621,20.151001,27.182663,-13.541027,34.84873,-29.637344,-3.6844983,9.39627,-23.277342,-96.771034
-44.742733,2.1243691,-44.74912,-13.942198,14.298267,34.28356,47.66275,-7.7855725,61.516388,-33.400684
-15.70598,15.998701,-29.318865,-75.11045,-51.863598,29.958143,-0.89372003,0.85256034,-12.779348,43.271652
0.45296597,-57.97525,-1.0866742,-39.835415,16.979063,3.4097824,69.94814,12.877966,24.34741,17.92464
47.650867,-4.1642213,7.565159,-25.018042,-2.694087,-24.408731,-4.600537,10.951318,28.890198,-45.55744
-41.717106,35.270763,-64.311874,-36.340603,17.311,42.323856,21.430473,20.503752,40.0347,-48.736774
27.290087,19.248941,21.009758,1.205264,19.460987,-11.830427,-28.225765,-0.75166297,-4.7916694,-86.090294
7.9872084,23.83798,29.361065,12.804433,19.152084,-52.235985,8.539094,-20.826069,-16.383743,-17.508533
9.612105,-58.657997,-11.694657,-35.087086,46.847305,0.6551062,21.298304,-22.909279,63.909294,27.232037
-46.37286,-16.871416,5.671753,-24.463888,-4.2214384,19.236694,29.637253,14.636347,54.40546,-63.89696
-42.30691,7.1268444,-36.95051,-27.771473,10.045248,18.545635,15.451339,11.73369,38.76504,-30.112978
-20.31916,40.289093,-28.433397,-16.893797,-15.852083,72.00562,19.00795,-33.53807,61.164024,-11.782301
-49.40953,5.0142016,-33.575085,-25.98969,19.645403,74.15452,34.352676,2.3225582,46.373688,-60.26819
-38.92302,-15.334487,-35.460873,-29.509577,2.3572135,-16.090805,4.219524,4.419467,78.16749,-22.972185
20.267418,2.3688335,-42.29537,-90.140785,-17.227772,3.563527,66.850235,-10.612797,-68.01991,34.85566
-19.148527,-7.565002,-32.877884,-48.879192,24.743982,21.10137,33.12569,-17.50356,63.3302,-12.250498
-23.395412,20.181133,31.330757,-35.210148,-3.6587815,10.541561,-21.19142,-48.21431,23.177452,-40.433064
38.167984,24.338087,5.2604637,1.7509409,-29.835545,-43.10773,-56.16639,22.011688,-19.648367,-23.583828
-34.09776,-5.529831,-13.540509,-6.442756,34.76102,30.791882,41.63593,-4.250608,54.717117,-49.973347
-2.5830622,-41.7596,-23.18052,-46.018024,14.090472,-4.9271684,57.89526,-53.474476,87.56215,23.300596
-49.80168,-49.958324,13.258655,-13.796983,29.224438,-71.847,13.737487,-8.127537,-28.588663,-3.4422617
-43.994328,-4.530067,-1.806179,12.387505,3.201261,-31.556053,51.9352,-8.979176,-25.536182,1.3129063
-21.482138,12.875188,-46.303493,3.8162036,-52.491642,55.122833,41.651905,-4.3946695,44.76184,-14.057946
28.809364,21.035759,51.680393,10.552633,-8.784205,5.926202,-30.485842,-11.737823,-19.071955,-78.09718
-54.41675,-14.172312,-63.31746,-37.367485,17.634415,-30.42208,-19.695765,-13.735024,-41.608685,27.999533
3.960844,12.23178,-62.276684,-56.773987,13.265963,25.485806,9.1630535,15.021819,12.854177,-10.199911
-33.920406,-3.2074304,-29.563692,-42.061905,5.0862384,39.627098,22.20378,-2.9736218,56.700542,-59.23557
-61.928745,-26.460527,-20.89348,-27.052742,-1.1962581,37.163826,43.875736,15.727395,65.113205,-64.41811
6.259355,31.040691,-61.364285,-100.764305,-21.222319,29.144432,32.5403,-10.404104,-44.703987,31.70741
18.67385,-10.427136,48.855923,31.090513,-18.24407,-84.95866,-34.411774,21.362757,-0.7592408,-56.426563
-46.51363,13.216528,-51.317516,-12.160549,7.269877,53.934578,25.797226,-19.620441,42.308945,-38.957565
-11.866957,-78.42344,5.4454927,-27.110064,59.97664,26.60827,40.94618,-27.71795,74.62697,4.439579
38.13108,-37.33319,11.998879,-73.51392,-10.570536,1.8412834,39.5091,-34.130215,-7.61144,76.99168
-43.532726,26.019123,-18.072132,-51.188137,22.330322,41.2913,61.902195,5.477256,43.15323,-54.6745
-25.993618,-46.624344,-20.557335,-44.874416,-21.41477,-28.029932,16.710592,-41.373337,0.9015343,20.037428
-18.155464,-58.50502,-2.7801995,-25.451128,68.183525,15.702437,26.705778,-23.988821,61.063995,14.448443
-47.424606,-35.242573,6.6440277,-0.6467629,27.985413,-65.70744,23.971874,-35.919376,-1.7523856,-22.516932
-54.44418,-30.69913,5.2952414,14.799677,15.93508,-16.25849,53.644054,-3.3722513,-51.868977,13.9378605
-37.659466,-39.817657,-35.901764,-85.2258,-17.016895,11.085961,-2.5701628,-25.692799,-5.089841,30.604187
17.959972,17.885069,50.52243,14.251164,4.9352517,-15.850017,-35.049194,-10.610754,-8.053714,-78.55966
-1.3506936,-0.029648475,13.882388,-1.1942793,24.19501,-28.769386,2.2217557,-45.723,-15.191822,-39.06105
-33.679134,-60.52033,-24.22023,-9.470754,30.250362,6.9144316,45.544567,-35.735554,76.96646,28.161793
-12.022156,37.378582,-62.354496,-65.86205,8.839378,17.754414,18.240782,11.505798,15.322799,-13.949864
-16.48603,-74.683556,3.348001,-35.43211,68.19661,15.070441,37.788197,-6.703175,57.298653,11.758603
-21.059774,-50.470615,-13.504322,-24.259077,8.45068,-72.641785,59.990417,-7.197061,-23.509796,-30.293356
-34.623177,19.549206,-47.498474,-22.263243,24.293839,63.679836,39.683388,-17.193903,37.19854,-58.07756
-11.957559,-53.18925,-1.1306694,-18.133097,30.604548,15.588592,52.567307,-52.15791,24.496078,49.0689
-41.710724,41.86627,-51.167072,-38.097084,7.2323117,36.224068,52.599884,-4.2987094,38.98558,-43.218685
-13.370327,-34.000286,-3.1165738,3.462821,-29.752209,-53.8462,46.626587,-40.579544,-11.166313,-6.614486
-18.153606,27.46626,-41.79233,2.178081,3.9034026,78.69513,35.23143,-20.378996,40.95163,-38.610054
-28.297056,-26.900452,-18.121376,15.27232,-4.392414,-45.190704,62.859097,-9.839132,-36.089855,2.8339674
27.974483,7.0574336,9.753757,-5.0554967,15.977816,-25.00111,-44.366386,5.5237107,-6.7927485,-82.93173
-54.904636,17.29758,-12.558915,2.8067207,-4.4341793,49.59096,6.4020166,23.821154,50.07437,-31.420664
-28.80753,22.250423,-64.80776,-102.32758,-28.82628,9.35307,4.185842,-2.9425492,-48.38402,0.76099515
35.287674,1.6587211,-67.991234,-83.71443,-19.556595,-13.40592,21.48877,-36.7459,-40.641068,13.74727
-7.8567047,-32.59075,-58.30075,-61.984673,10.924048,-22.139181,-10.71468,-27.37985,-23.738712,14.078289
-22.494875,-29.597961,-10.515618,-66.22172,-25.812485,-79.66568,23.929468,12.066139,-38.997086,52.528904
17.606415,9.006258,4.490006,6.14041,46.162327,-55.187267,4.2169566,-35.183487,21.280241,-26.919846
-24.908522,31.62653,-68.5627,-85.004234,-11.11341,3.0821877,-14.665805,-19.111984,-51.368534,-5.5275207
-0.29604658,28.40137,4.1234126,-23.100744,-27.249266,-57.899998,-34.63704,-4.097661,-23.280182,-60.873714
-34.833546,-54.161507,-15.833967,12.05665,-2.4337986,-37.560078,62.771023,-30.719427,-6.2276697,-60.258327
-33.341553,-15.118699,-30.264242,-71.25669,-17.908773,11.253486,0.22769004,-27.327665,-48.04372,46.677155
-36.66004,-35.586857,0.1411705,-21.036266,8.828706,-61.11263,23.757128,-31.14416,-28.725433,-5.7028594
-3.634314,5.459811,-2.8198423,16.39203,-2.1319108,-40.413143,13.006751,-13.583046,-15.003456,-49.095394
-3.151166,27.129086,-28.542013,-40.2617,1.174726,57.83671,39.01082,13.890043,-12.847353,-67.67558
-5.9958825,9.740716,-3.2488325,20.031254,-20.577726,-22.282778,-46.05272,16.779755,5.7929397,-16.380083
18.837551,15.275696,29.937344,-25.119244,25.134401,-32.623074,-27.113892,53.55686,-6.8884034,-66.20652
-4.1174254,-15.853845,-45.022404,-40.96486,-61.44378,22.42856,25.408352,-45.659298,-37.88167,-7.997287
4.730346,42.332954,27.692719,-15.864692,16.80588,1.771032,-7.547261,4.8282156,0.3910224,-95.92149
0.53000164,-34.832905,-24.74306,-39.083454,22.254974,11.134608,45.118073,-15.686783,18.274797,59.05276
51.092422,4.827459,-9.202481,-24.698662,6.158962,-16.131233,-47.56158,16.972841,-21.102736,-55.04929
-47.116566,-7.110292,-10.174158,8.618105,-10.071972,37.565235,-0.8286799,26.05282,29.137249,-29.429993
-17.85502,-49.499256,-15.1670065,-36.201664,43.24268,-1.9314884,52.150776,-9.266073,50.287815,12.272648
5.851897,41.794594,16.662739,-27.257359,-27.264946,-56.075596,-37.349583,-58.177986,-16.281948,-118.487076
-15.044167,29.581202,-41.177074,-30.000595,-4.325172,62.40922,41.162212,-3.8770156,18.907816,-56.269054
-23.59461,-46.722927,-30.906689,-2.376444,-13.452235,-73.70273,51.77331,16.790016,-47.802147,-40.62538
11.588452,19.37693,20.85001,-20.432837,32.68474,-58.89189,-7.945173,22.308277,-40.81959,-103.66292
-9.316209,-74.60097,-17.82975,-20.759674,-16.43189,-83.09914,61.658337,5.944716,-22.921421,-37.71374
23.58535,18.316929,24.437775,20.253807,12.560043,6.245377,-36.97585,-22.490782,13.676105,-76.32928
-52.274174,24.549507,-50.49237,-20.84062,-20.639626,50.867485,28.641773,-8.611179,-7.3665843,27.253492
-26.977629,12.784171,-36.003273,-7.9953313,5.395532,52.18642,40.047203,0.16525504,32.70706,-34.984764
17.18056,2.0132012,53.49751,-4.724811,18.682714,-5.1657467,-7.776916,23.26504,0.9466927,-68.65629
-26.310532,-38.076855,-23.634878,-21.976788,10.601261,-11.577415,47.06052,-18.875353,65.03618,-5.763805
-19.008715,5.958036,14.56397,-5.1044636,12.714664,47.979816,15.999332,6.48331,59.74859,-42.225906
19.586164,18.49649,8.057471,-4.0342636,26.131239,-68.44322,-44.71909,34.12378,-32.234768,-83.20478
19.069157,23.984661,-2.650113,-3.4673314,-18.688251,-56.485134,-37.12989,-18.512468,-31.856806,-21.35206
-22.43128,18.660831,11.46721,-14.107197,-35.938213,-44.66085,-32.924313,-13.712594,-13.204416,-106.93162
0.3314798,-23.880869,-12.58848,2.956585,8.726747,-61.232796,50.9144,-2.8320246,-68.962944,0.7205646
15.430485,-0.6701753,-23.378819,39.76779,-2.522397,-22.39395,24.141048,-29.605034,-9.061198,-67.92905
-24.851254,-12.541147,-14.288529,16.002464,31.685827,-43.82249,37.744488,-35.44622,-18.85965,-34.93433
20.384834,-0.94801307,22.426117,-23.506725,31.984198,-33.367702,-0.236461,31.825089,29.687098,-9.242818
30.944971,7.946199,6.09877,13.657165,31.359426,-21.376453,-39.99395,46.250996,-11.230499,-64.582985
8.386659,39.8757,22.232742,-16.003077,-9.96766,-58.89947,-67.73569,-26.034529,4.3156524,-79.17111
-38.94566,36.361073,-58.970055,-4.8038273,-20.894293,70.0136,32.045177,-4.349623,45.04075,-11.441434
-29.485538,-41.73388,8.382204,-4.1024466,4.7476406,-44.32996,69.989426,-41.231903,-18.935581,-47.069477
-8.896393,2.7863922,-36.264942,-82.84767,8.031466,27.487413,-0.6339557,0.9479204,-78.44539,26.243277
3.503771,20.665302,7.917016,8.575287,-10.538594,-35.167587,-54.914764,16.242907,0.1606656,-27.776426
21.713661,16.53052,-69.64557,-58.283417,19.963484,37.504276,27.48782,-25.62045,-12.396214,13.156306
23.232092,10.798473,-0.6210428,-24.226986,2.372388,-35.239506,-33.65713,31.172935,-6.914493,-93.88752
-31.376886,-29.647635,20.075321,-21.993061,17.542404,-56.76389,50.850365,1.4385034,-40.762745,10.716545
-11.04128,-58.01819,-10.964716,6.73331,12.94,-45.602234,34.656544,-22.138372,-40.66193,-40.173542
-36.474655,-15.771669,-6.9442983,-3.76287,4.438412,-51.17316,70.12927,-53.700928,-4.8840017,-5.8967485
-42.85177,-35.964912,-9.420981,10.638728,-30.883698,-40.225777,49.263916,-12.77716,-44.330208,-14.743636
-1.9011532,-46.937252,-11.525714,-43.245365,26.162457,-12.634971,38.010387,-32.219524,63.116062,18.919966
29.967644,-31.008053,34.180904,-3.916071,-5.0594416,-42.99234,-21.777582,17.292517,25.899565,-44.622456
13.743652,-10.229169,-13.195234,-66.183586,-49.92988,-14.995914,19.24774,38.724667,-54.363323,23.309952
-35.505783,-13.25974,-7.5421653,0.10508442,32.317696,-48.66116,24.604841,-4.179321,-8.906847,6.1309395
-26.463888,-79.231575,11.274339,-47.098946,42.68543,-8.372093,44.677273,-24.39303,35.24057,9.139313
-30.83115,-40.06345,-15.998915,-61.044388,-11.540048,50.3277,-2.7771466,19.503132,-64.56374,33.682102
-20.18577,-43.91969,5.2238173,2.5299459,-25.400969,-49.199394,67.46215,-42.86362,-18.883047,-56.36534
-6.570937,-4.641016,4.7061825,3.9890847,-27.395594,-32.0596,10.78763,-13.535181,-46.31051,-8.911447
-50.75343,-0.9559918,36.748653,-6.0902605,24.980108,-61.920616,70.6793,-27.279457,-21.87838,-7.494243
8.8844795,19.009548,14.101763,0.44940102,-5.589949,-29.274124,-56.07024,30.527029,2.7902267,-17.48761
-23.7702,-15.986626,3.2146175,-5.3607473,40.25308,-43.582153,32.97822,-38.404545,-28.349424,-16.82329
-6.864277,-36.478615,8.464155,-10.456525,-0.7510459,-38.112366,60.29138,-33.888657,-76.467606,-29.728432
45.60172,2.8948042,-71.13877,-59.323204,-24.106459,-14.95085,21.370153,-47.052692,-11.320919,33.59497
-61.35815,-30.501055,-32.390278,-12.591521,-6.008091,-57.48811,-12.208785,1.2391527,-37.693623,8.686437
-20.601917,-32.758785,-26.022858,-36.28174,43.307438,9.136262,48.28486,-12.55373,59.206676,2.4021604
-24.552374,-1.5052365,29.455612,-2.6117768,21.421093,-46.465237,12.951859,-61.329617,-43.12065,-41.750557
-25.471241,-64.3427,-20.411945,-36.09278,49.72771,-19.385809,17.966972,4.8865013,72.96178,28.418234
-3.6024766,-33.237385,-46.834846,-52.89086,14.7922325,-11.880178,-3.65675,-47.87386,-23.22485,38.87515
35.565914,-18.973686,13.0326185,-61.01613,-38.98435,15.782132,35.68097,20.09115,-27.132574,25.47001
3.0296128,-60.00352,-12.36207,-22.619875,45.22262,4.7070937,38.472755,-19.397596,77.07404,21.099659
-28.687342,-23.002571,17.810036,-15.815063,42.70801,-55.483356,38.397446,-60.897907,-11.355797,-19.002972
-11.168831,-45.24582,-15.024422,-2.7111325,9.62336,-40.837322,27.272833,-16.30355,-36.144882,-25.531212
-22.646772,-11.013793,-24.286295,-6.252644,5.5852585,57.73261,47.2038,21.438402,22.951958,-40.474567
46.995,34.465717,-11.942183,-2.7139838,-3.5055754,-48.36106,-56.200607,-14.8149395,-17.975046,-33.628315
-10.519628,-29.785648,-4.992841,-3.8811777,4.170097,10.427545,33.276497,-12.512362,31.788124,-22.685532
-9.475231,-16.099592,17.26434,-6.733557,29.801195,-50.87598,64.41839,-50.088528,10.955097,-32.214386
44.843758,-8.570932,-5.0146103,-13.866804,-8.600373,-21.413284,-53.42148,35.59708,-10.182524,-49.08276
3.8006191,-56.376713,-12.127477,-22.905449,39.187954,1.2192196,55.889286,-40.50111,59.35637,21.03682
-9.345535,-27.540741,-31.858614,-45.16975,43.861046,48.15326,13.457424,1.1417441,55.84935,-31.972599
-22.708397,39.942547,-69.54924,-33.023586,7.967445,53.842308,10.742361,29.393045,59.6875,-48.025024
17.124762,30.16708,23.153076,-21.394072,7.499633,37.79844,3.158134,5.1219316,15.692754,-46.067345
23.282555,13.073796,13.716886,2.2731066,-11.992157,-46.215717,-29.54061,5.1911974,7.3187265,-51.295055
27.102976,1.8896054,-32.718033,-82.544395,-16.271286,18.277414,8.817091,48.912086,-48.644608,13.106812
-62.380238,-13.467781,29.505497,-8.226132,17.156712,-55.949924,56.19961,-19.942059,-42.53416,2.8442285
-37.63214,-39.78783,10.755795,-10.010162,13.064775,-67.491234,62.216953,-16.919392,-27.68339,-8.977885
-5.0426683,-15.289882,-0.46939018,7.023358,-32.96208,-38.21747,-32.996582,24.311836,-12.709423,-19.194405
-41.90983,16.041359,31.775291,14.773518,41.437428,-40.142155,63.517582,-33.120186,-13.37854,-4.901228
14.489386,-8.977826,-19.28377,9.41282,-17.609095,-44.26509,-22.163815,12.605801,-13.649604,-47.610302
-1.769809,-72.1823,10.515901,-15.01321,50.725224,-1.7913363,51.740036,-43.855423,45.13817,2.0224698
8.395428,-0.85341275,59.052776,19.642036,-18.561115,-76.789764,-12.644575,7.733689,-10.757703,-61.392803
-6.501886,-46.18945,-11.662886,-39.765648,43.362328,5.9877796,48.13185,-2.7270157,62.241028,17.17492
18.565226,14.784346,-4.2495217,21.237585,-23.182518,-22.553396,-46.97063,24.279072,-6.855153,-27.469269
1.6772125,-68.76259,-1.519762,-15.099584,36.461033,-13.378783,45.282814,-24.565866,58.16526,4.9334545
-32.37976,-44.175632,-13.769739,-10.25114,-4.888295,-68.12541,45.32759,-34.318707,-44.181923,-34.664845
25.732468,17.442118,-0.4845423,-30.389618,-1.7094809,-18.244986,-51.58473,6.8486514,-21.535814,-64.283325
19.280981,-41.496765,13.128991,-12.213383,32.832466,3.9903364,45.41237,-55.36635,65.54582,9.044841
-13.212576,-22.694998,-45.392834,-21.133268,-0.40601754,13.136626,33.00348,-0.021214359,81.28681,-64.882355
-30.313105,-40.667442,24.326393,0.3490324,12.312674,-68.19976,53.301067,-44.670944,-70.58234,-9.145321
-33.16776,39.261375,-0.1496051,-3.4506857,3.5803964,37.2291,21.897251,19.126402,31.757282,-48.566414
7.7149835,-34.856487,-37.030476,-46.207664,10.732698,9.956423,2.4976454,-30.51718,-41.652893,25.114603
-20.55641,-16.901703,-0.116904885,10.993387,19.879637,-43.393295,60.764404,-71.97075,-31.534822,-33.494232
-33.672504,-29.88566,-32.396755,-21.947742,23.296534,9.389815,52.17471,-12.548096,66.8407,-22.429298
-1.1822766,17.17243,-29.740992,-87.12888,-17.98082,23.299084,24.902946,7.8236747,-27.762451,39.644024
-21.71594,31.142368,-63.49379,-32.757378,14.522747,65.99584,36.90343,-7.4936333,23.74792,-40.814926
-45.60104,51.1717,-72.32269,-14.02486,-3.58037,35.012127,1.7710533,31.10338,65.87368,-27.857973
-28.527683,-11.163747,8.665381,-1.00627,-28.186243,-26.198437,36.878155,-11.091735,-32.417465,-1.0135509
-5.6102962,-22.43416,-29.865072,-72.91925,-31.338816,-11.321227,26.60732,-19.524817,-22.321983,27.720692
-25.421526,-39.096992,-12.126699,-25.219238,-11.25029,-55.80043,-2.008846,5.5474477,-2.1754987,-8.315515
-25.574186,-13.59615,-40.96137,-36.076912,28.276373,5.813426,32.925266,-20.233852,56.112514,-8.856859
-19.933329,-72.577805,-30.315207,-40.433163,17.87034,1.459386,53.213383,-21.690165,20.153667,12.370081
-42.976025,-7.710048,3.4408126,2.309832,0.7524696,-30.425812,65.16983,-17.334444,-36.556744,-15.473359
-18.108526,-39.946873,12.383317,-6.0562787,12.877089,-86.41317,39.341084,-36.56569,-26.81141,-2.2049263
4.961373,21.523092,12.276848,4.5642323,-13.472241,-47.055077,-8.435268,-9.627458,-2.86564,-56.210785
3.8952317,84.64998,45.256847,-29.391338,31.186834,-57.859493,-41.889317,-37.531998,4.7773576,-65.41139
-23.146677,-23.327494,3.5191803,-18.825176,29.414293,-40.704224,38.01284,-60.904404,-2.9947264,-7.8423414
-4.0116363,-12.839128,-35.78915,-52.68274,2.6424606,4.223965,17.999937,-21.224112,90.09321,-1.1883463
36.529514,23.10556,25.898838,7.099115,11.5356045,-63.221046,-15.473147,38.80024,-12.468777,-75.34511
-52.072853,28.481956,-43.2919,-38.89861,30.889072,48.518333,27.13087,-18.735352,31.109169,-33.24331
-58.81013,-74.838066,9.474804,-44.633736,27.18246,-5.1846356,53.37514,-42.847652,75.54047,18.687437
-53.91979,-20.913513,-59.961315,-64.26428,-16.969633,24.768166,-9.279864,5.7180233,-67.90665,-3.547828
-30.41743,-66.698166,7.5797243,-25.990005,47.940315,4.5225906,43.314842,-25.55466,47.701187,18.496546
-6.5394597,-22.63873,-65.120384,-20.53279,21.02182,-19.098106,29.775852,-16.721472,34.851112,-26.814144
-38.441082,4.851919,-42.369423,-29.242579,-21.417368,66.50227,29.961782,4.0714827,27.284782,-11.895303
-30.464392,-37.93032,35.9801,25.758835,15.476833,-82.08781,57.53981,12.906192,-41.128857,11.115829
-17.960321,-28.94016,-30.973877,-13.284731,33.495876,12.101998,1.818329,-15.935148,77.543625,4.278015
6.4426312,-34.236275,-34.69167,-14.75792,31.412766,12.714075,47.248108,-43.71083,62.94791,54.17942
-53.905846,7.083344,-45.632835,-31.70684,-12.288002,76.711914,30.854277,29.658287,59.537083,-34.213192
-3.8038247,-31.537418,-18.150171,-31.815882,9.22397,14.432075,26.268753,-52.024357,-31.813831,70.456825
-17.122734,-38.000896,-22.783041,-14.501628,-2.4641354,41.87667,59.247128,-48.479618,47.162785,-29.862127
6.1585236,10.555597,23.692913,-2.308231,6.427155,-37.895584,-9.770872,-46.74492,-33.27044,-73.86453
-21.000994,43.611103,-41.844448,-24.243883,5.0241966,27.195642,32.873814,-14.844458,65.917244,-45.100544
17.517464,9.564253,34.662235,-29.910612,2.8473449,-34.15128,-5.3424683,33.417934,-24.359177,-102.67819
-20.63101,12.831136,-2.653297,-14.508354,-11.318767,44.551174,46.43737,-0.117336966,4.402303,-51.353363
25.09677,-25.367329,-13.514727,-54.480877,11.73836,-2.675727,22.056087,-34.72059,87.62156,26.046663
21.664034,49.371815,2.4368427,-16.322338,1.4765468,-60.352837,-38.88993,-12.616313,-1.7054576,-52.19005
6.7807207,-2.326034,-2.9689412,39.327305,-5.4090357,-31.81766,2.759758,-3.873517,1.742687,-44.90499
64.79364,12.550883,44.86459,-48.720543,-35.44639,33.64447,-23.041534,6.3949633,3.1694458,-47.76399
6.9147015,18.734941,6.966,-5.48083,-14.236093,-30.034395,-59.176758,21.912788,-9.571816,-22.035843
-23.194304,-55.841667,-18.870102,-39.937183,22.133884,2.5089521,55.7066,-24.16292,73.68821,30.629622
-13.920654,-44.63269,-48.39575,-39.985943,11.9762745,6.35953,42.53022,-9.208076,19.869667,43.92806
24.263597,23.9429,-0.54830194,6.277249,3.7408657,-39.160324,-25.945234,-21.424746,-12.869091,-52.915794
-39.549763,-23.871443,-21.73823,-29.894548,15.855343,-37.14067,6.324905,-18.443628,-20.742146,12.467784
-9.885576,-41.79559,-18.985796,-61.525677,-30.842136,-28.019236,17.52817,5.4997883,-75.683876,46.89787
-41.408974,-49.29551,-19.120224,-41.324177,29.502224,21.153473,56.510635,-25.684141,66.36303,5.4969416
-62.177914,-78.2644,-23.844795,-3.2639046,-27.189095,37.495342,33.293156,-55.881535,63.03358,5.213438
-60.889805,-6.2506256,55.014553,25.458925,37.47873,-49.88362,66.424194,-34.178307,-17.09443,-1.0453644
-65.678154,-39.763676,-12.887442,4.9018745,-32.160686,-36.15345,56.325512,-29.22546,-15.426679,-40.97589
38.812428,8.747364,44.75175,-15.911263,7.172329,18.438818,-26.982037,17.858885,-2.27058,-64.14554
-24.121096,-40.96394,3.3387613,2.6574116,48.949436,-50.61619,36.59859,-56.40071,-10.905238,-38.774612
-2.413224,-20.012766,-60.53657,-56.179142,-20.936678,33.60282,15.472203,10.591287,-34.06019,22.970812
-18.226816,-39.87807,-24.383139,9.923286,-1.8412111,-45.552567,62.87889,-71.61214,-46.714035,-53.129436
40.760212,-9.834393,46.749557,3.6556954,-19.647976,12.881998,-42.88049,15.599237,9.780401,-44.336853
26.722666,-15.336543,-29.43208,-37.9843,25.361046,-2.7764575,19.025707,-28.231247,-54.356606,56.35617
-37.36826,23.412125,-49.362213,-83.74703,-33.323765,28.447353,-8.945544,7.702501,-27.667187,16.656107
-46.13851,-25.843124,11.614999,-6.401202,28.805122,-53.35382,12.205072,-32.8604,-18.762104,-16.016115
-34.74856,-10.885011,22.782993,0.88484585,9.479553,-68.24078,41.48719,-10.462832,-36.824852,8.959008
36.496338,3.3650436,-56.881737,-29.47297,-29.589312,6.0118966,25.509245,1.0712739,-43.504932,51.546085
5.1967883,-48.669224,12.140922,-8.258439,2.2138097,-59.588303,67.51283,-65.824615,-36.007435,-43.13316
-49.548275,-50.02249,31.580826,-2.0897691,14.908929,-62.754673,46.793587,-10.155385,-61.59973,2.549102
3.5130951,17.770359,12.590794,-9.523864,18.143997,-57.347675,-13.828698,47.060646,-19.212952,-108.69619
39.790398,6.4357314,6.9866357,-5.716859,-14.8841915,-31.214922,-55.13458,8.365835,0.7279149,-47.03014
4.9693675,-52.799736,-5.4966903,-36.327206,15.892139,10.611516,71.750534,-3.175444,14.771312,37.041416
-63.21567,-32.103527,-6.51716,5.3551617,32.625954,-58.78127,8.159128,-17.43442,-1.7388909,-28.324865
-34.967434,-31.410858,-9.520759,4.8664794,-13.280909,-58.93394,54.617397,-35.146618,-12.018588,-37.0423
13.228925,24.283045,10.61596,12.456338,0.7758136,-34.346848,-64.2522,19.278545,6.1023827,-28.055477
-21.13559,5.0682244,-51.073174,-49.23857,15.396166,-2.775629,-1.8345695,-19.122791,-38.07201,44.19858
-6.8104854,-28.133448,-38.243202,-25.335405,9.31131,-22.927849,43.772713,-29.823938,56.54132,-0.5999001
-14.974876,-22.119202,-47.60068,-73.17099,-15.118576,37.60986,-5.12173,11.450983,-91.11075,44.2296
-24.00181,56.961407,-64.550026,-45.894382,4.711209,59.522068,22.069893,12.708389,28.79448,-34.098404
36.341152,0.7364099,3.7605896,18.792898,-23.00829,-29.746124,-34.90475,-8.689497,9.797929,-84.93493
-14.857982,-33.103127,-2.3390913,-6.2088094,22.937153,-55.56722,63.402412,-61.532776,1.0138066,-36.42074
-13.67669,26.950098,46.005016,-10.200991,12.637257,-41.388794,-51.22048,5.8134236,2.4018295,-54.135258
11.946436,4.4768376,-19.44885,-76.276,4.1283712,-13.571804,18.876205,-28.730103,-74.60779,29.358845
-11.305404,-42.29583,8.3228855,-6.9528685,35.655296,-66.37622,54.705082,-47.52607,-20.07746,-37.588516
5.511178,-19.396326,-12.817732,10.550847,2.1803558,-62.735825,34.986774,-11.90486,-53.416748,-1.7975022
-6.7444534,-14.989223,6.9230266,5.768175,26.534328,-55.437588,49.432087,-41.218307,-51.551975,-4.6865606
-22.371675,-65.40077,-14.844579,8.508898,-37.209045,-46.96584,58.695267,-26.443174,-5.104929,-44.873993
1.6768897,-21.399899,-27.980675,-67.60145,-48.218662,10.362249,17.162924,-40.675022,-17.372658,16.478745
-46.285507,20.832336,-46.46755,-40.22935,8.613493,37.40277,59.024662,33.548927,61.829235,-67.008514
-32.428112,21.670006,-51.801064,-25.952284,20.829218,60.0352,34.694668,-22.253664,28.737593,-45.87403
8.836298,-83.57679,-49.88258,-25.639183,-24.071115,-12.32921,4.944408,11.6002035,-1.7131792,34.158737
12.421923,-50.793438,-18.126263,-2.8463922,59.63906,8.496327,36.128616,-34.721714,72.59704,13.98572
-15.610018,16.943396,52.129562,15.883785,-13.082355,-73.24956,-29.662935,-3.1502287,3.75293,-44.693043
3.080805,-51.450535,0.25612402,-49.53347,42.648384,9.0000725,70.71604,-40.625763,42.857178,37.929546
22.271166,-22.849161,42.192055,31.834867,8.018402,-73.10963,-32.9785,25.788826,6.140599,-48.266266
-3.8937876,-35.194508,-44.82062,16.64227,-26.126942,-72.50023,60.951305,-17.2069,17.731924,-20.996592
-30.361559,-70.35464,1.9614906,-32.992546,28.00063,6.052594,52.665855,-31.936539,69.3918,29.71702
5.2874165,-2.3960197,31.670948,27.475697,-17.232,-26.493994,-11.389282,20.313337,-14.171663,-49.466568
15.93154,6.8061185,-6.097733,-0.035265807,-14.316024,-36.30443,-35.29421,21.342096,-19.150753,-64.36687
-26.73883,25.850994,-38.152058,-35.335964,0.8135951,24.538334,45.018684,-4.9518995,53.304485,-72.77374
-13.788299,-18.970886,-43.92463,-71.93511,-20.723387,13.977235,19.837,-18.669651,-45.174164,14.226885
-37.642956,-43.8457,1.4014065,1.2607793,25.603973,-57.056503,57.82517,-53.293133,4.603246,-44.233913
-33.52642,-41.218086,-26.181625,-70.076355,-1.6385978,-22.5417,-15.355694,7.8853354,-39.298443,19.421186
-3.8971758,15.329335,-28.494783,-30.31439,25.205065,23.286924,45.729786,-3.3612087,37.778862,-46.01832
9.211151,57.719254,14.56877,-35.17227,1.8584199,34.18064,0.07788956,-13.462008,12.23458,-46.95393
-75.78167,-52.75988,13.600039,10.269627,85.371994,-6.410911,49.88081,-1.8015648,61.479748,12.451425
38.683052,-10.394132,5.533418,-3.9592767,2.7629228,-53.11372,-5.7810206,-17.111837,13.273653,-66.24064
-25.64939,-7.5751424,-34.2833,3.3630672,1.1544652,-3.371221,66.36082,-39.780922,-32.368973,-51.109596
-45.568317,19.922367,-33.51706,-41.405308,25.527586,37.188034,62.50432,-4.9132915,36.16973,-63.07993
-13.931834,-25.813564,-9.713267,22.776049,2.1016142,-72.61131,65.19344,-12.706098,-36.120533,-5.4915743
9.917049,14.177687,26.279774,9.513616,-3.3633237,-59.989563,-10.750074,-6.05721,1.928119,-76.6925
39.28995,25.297596,-5.5382853,12.475277,22.167185,-25.107777,-31.214027,34.426258,-6.3467684,-59.259388
-8.229514,-51.911835,6.1678357,-33.983997,42.224907,3.1433525,60.33328,-15.35836,46.15683,37.13688
-5.374927,7.818911,25.21133,1.4320003,7.596412,-74.38726,-28.01097,-4.9954486,10.983138,-53.482677
-9.688735,19.777607,-5.19334,-3.4983556,22.639746,-73.87465,-41.582783,36.839275,-1.2991456,-77.832855
-53.9542,-18.25108,-34.652794,-28.448565,-8.454915,-22.760088,-18.780693,8.703882,-40.6577,51.462025
35.014553,-19.17694,-55.699177,-65.68654,4.85887,-36.77869,-10.1169195,-5.9656754,-45.007435,29.732262
7.7999644,3.8755658,49.928463,-26.483316,-18.578325,-0.1068984,-4.269427,21.782772,-6.602701,-54.726776
1.0154274,46.235973,10.699856,-26.15151,16.726679,14.182736,17.662642,4.5772104,-7.9890456,-65.77485
-11.555143,-40.666805,-22.76014,-47.291374,40.048534,11.090223,33.170647,-24.688028,65.24113,10.248724
9.812194,0.13359514,6.009102,-14.6118,-0.8562843,-36.294647,12.093584,-28.506716,-34.916264,-39.520153
-28.982647,20.181831,-4.9115596,-50.91701,-22.274292,22.064806,47.739933,18.47119,44.547073,-62.611492
-1.0766232,-66.19276,1.5009761,-18.00054,46.62498,5.343335,49.347355,-62.100666,47.794098,8.000161
10.827277,-58.562637,-5.0622597,-63.688435,8.632717,-17.364388,-7.3631306,-75.08488,74.88355,35.84335
6.9707456,-58.67012,14.507496,-44.779114,30.478626,9.548039,11.338989,-22.720444,71.05834,53.522434
-1.592262,21.871927,-38.405426,-35.198452,9.789534,53.56036,35.79482,-7.7458696,-3.5277894,-70.996284
-59.865417,6.188893,-44.762375,-35.543613,-17.168772,58.79878,13.165116,11.942457,80.340614,-50.30625
14.288239,-38.646782,-29.926754,-39.623066,6.417663,2.2114778,60.485672,-34.565315,69.15236,30.31415
31.205095,7.861239,8.70977,32.023575,29.544485,-23.884817,-34.301933,39.549282,1.7558887,-71.64102
16.476254,-55.92447,-11.4369545,-28.331848,23.635773,15.788814,42.023834,-40.867794,79.734726,23.435976
-27.445948,-20.414545,7.0937457,-11.734869,-27.322079,-38.827644,63.03211,-20.254772,-67.81053,-7.461913
-47.856384,-46.429806,24.610138,12.80922,-22.157284,-62.300217,56.80968,-5.818732,-34.658176,-9.216017
-44.577705,-50.922466,-4.294981,5.7593765,-39.696423,-40.117783,52.46537,-16.541018,-36.64477,-27.390917
-32.476204,-28.92995,-68.55857,-45.752316,7.6536846,-29.2214,-16.774961,-28.254732,-30.584517,25.711153
-4.2219963,32.324455,-0.86670905,5.0840487,-3.9069576,28.730434,10.42223,3.0725183,24.934948,-61.271027
-35.623486,-49.317337,40.182446,-11.916657,10.588049,-66.57458,59.699913,-33.70088,-48.527763,-3.2555537
-26.082672,-40.323902,-19.972572,-50.168217,-46.391094,-29.623644,8.344311,-1.1792969,-32.53477,33.11016
-16.978376,-12.459123,3.166197,0.27428925,4.318774,-35.96703,46.395805,-49.296482,-32.76539,-12.7843895
-39.20232,-61.99763,23.97647,-14.302646,-22.765133,-76.89738,72.05927,-8.382583,-53.435272,3.2242496
-31.683266,3.5741189,-38.507362,-41.060448,19.352009,41.332176,43.53561,7.693041,39.747517,-54.634018
5.1468205,38.96213,3.9400663,-12.043237,-1.3401302,-63.929905,-18.779345,-5.7825603,0.37698314,-44.42207
-20.885624,23.633392,-44.635925,-20.415016,29.314268,56.204315,37.643776,-1.9556009,28.037365,-22.963837
11.078446,-63.765526,16.4906,-22.130804,14.334133,2.7001438,7.844017,-57.459373,68.207664,-16.892412
-18.764374,-42.642136,-9.738235,-15.113973,54.96627,21.773705,59.15887,20.055248,63.4667,-35.429455
29.220634,21.565212,35.303722,-21.81292,28.731895,-17.241842,2.2098584,0.2019529,-25.875645,-92.87126
-24.956114,17.827036,-47.4333,-29.069191,27.62267,62.641254,50.617027,-21.0088,38.292576,-55.813126
39.052734,39.1355,40.399414,-5.8058543,17.923988,14.151418,-16.074408,-8.805753,-24.358532,-80.04963
-23.040333,-4.1816278,0.028331518,-50.24765,-10.282343,23.420816,-13.634711,0.33408362,-42.79699,36.648163
-19.446146,-48.52184,-8.768562,-22.37726,31.258417,-2.1508262,60.375908,-26.208094,59.270058,2.5863028
-11.495485,-6.3212476,-54.351772,-62.563564,2.4681718,23.381933,8.62955,-4.899257,-61.702324,15.657839
-33.211163,8.053871,17.49125,-22.000315,-46.16826,-54.868237,-32.427174,-11.873611,-9.406686,-103.62684
-49.434082,28.212414,-63.42288,-39.42009,27.840883,60.765984,28.676178,4.833419,47.561882,-35.43833
-26.888086,-43.155575,-26.564615,-27.088192,9.081126,-26.267492,7.617427,21.385923,-44.87855,39.574524
10.0404825,16.1184,46.482388,-25.3759,11.681058,-36.94961,-7.508129,42.18103,-16.60784,-73.31662
4.6143975,-55.790833,7.45035,-12.739834,42.787064,-6.1244636,42.140987,-51.130295,46.185524,6.548339
30.159534,-70.015366,9.483737,-59.41531,-19.170801,12.334022,29.962036,-44.681442,-5.807686,58.57655
-37.22998,52.09627,-61.94878,-44.072823,-2.883508,79.12845,35.943943,21.796984,28.965233,-25.48311
23.373316,-40.68928,2.273123,-45.542496,-8.621387,-26.980322,15.26475,-41.2328,-45.452442,74.41661
4.329375,-53.104683,4.79453,-54.886562,44.149162,2.7586608,39.831364,-17.920767,49.637817,55.20649
3.658829,6.1527886,4.6397324,-16.884506,0.38781816,-50.596382,-21.67936,16.367373,-12.16394,-111.93861
-52.904613,-4.909227,-46.859196,-28.642885,-13.987748,60.88307,7.8133607,3.1656177,95.32387,-22.418474
45.526478,-4.302959,-77.433075,-72.44022,-25.1785,-12.991769,9.202346,-11.468636,-41.912903,32.26546
-20.801073,8.329581,-90.11624,-43.26389,-2.3620243,-10.403478,-3.0069726,-2.1408217,-29.994467,27.680544
14.479042,-0.5682316,46.84892,1.9905318,-16.658794,1.8085629,-34.440388,7.16721,5.093162,-64.51955
-3.237479,-74.26247,19.94891,-25.658615,77.499016,1.1746465,36.70715,-13.554236,37.91539,-3.23621
-11.609308,0.029233724,23.696323,16.518507,10.050373,-43.066357,9.428508,-58.47864,-27.544909,-66.497246
-1.2675786,-54.75689,-1.23467,-30.70787,-38.78824,38.3083,37.54348,-14.511791,22.679451,-9.106619
-12.540086,-24.181976,-40.94167,29.684645,-36.514103,-33.090733,49.150986,-17.764902,2.8313758,-25.084337
10.482313,-21.527882,9.478883,10.950384,2.5858335,-61.653305,-37.722122,-35.57362,-12.347299,-74.48378
22.961977,-58.143494,-4.977336,-41.130787,24.725042,7.3269396,34.441566,-32.219006,73.15505,30.878668
-47.561916,6.761252,-28.510822,-14.121961,-31.912758,48.241512,44.812138,-27.14764,36.29403,-11.356725
-40.00684,4.215351,-23.574944,-14.788885,13.697432,53.440655,39.757507,13.877529,6.80576,-60.621414
-35.29565,-16.100319,-30.240688,-31.073221,-15.0034685,40.10432,39.904694,-31.75142,33.93524,-20.43988
-33.997143,23.805372,-38.312595,-17.32203,9.939497,43.909397,52.467407,15.4820385,48.053894,-21.937738
-45.247814,-48.201767,-5.135646,-3.5737045,2.3073404,-58.677612,59.52133,-36.47717,-2.115248,-36.655064
-44.529713,-21.158594,-55.117485,-39.916607,-6.9616427,-9.892469,-18.605871,-19.112097,-22.636242,28.045946
-23.787224,-43.40327,-15.942321,15.676104,-27.347462,-62.9831,61.070454,-13.681335,-5.8796673,-15.573253
-28.351343,-44.38974,-39.824635,-12.68685,76.52587,2.6897902,23.48959,-15.644202,56.44449,-23.312696
-19.290314,2.4752412,-62.89029,-55.98149,13.939472,6.507475,0.12249917,-28.22529,-68.33468,16.121082
-43.873093,-72.26566,11.663767,-58.572598,38.315353,-28.317503,7.9954963,-37.419735,56.97166,-0.12340033
-17.243608,-48.216045,10.739304,-14.314456,10.569116,-76.26481,61.976208,-36.778748,-33.304337,-14.674842
-7.4359417,-29.775652,3.493157,-12.334071,6.1111507,-23.862993,60.38208,-58.615868,-40.790146,-42.090015
4.3817058,0.014474779,0.17199647,35.421,14.778829,-38.23035,-38.30907,-1.4607068,-3.6841185,-58.09649
8.056517,-63.9697,-11.816201,-25.99929,46.86706,8.9892,42.72063,-50.619213,61.38171,10.7521305
38.11748,14.515464,11.546574,-4.8377337,30.141594,-36.796867,-30.143152,17.506699,-12.5047865,-99.21739
-19.795784,-67.337204,18.186085,-18.78881,44.921616,23.270437,52.667213,-55.982872,54.60262,4.173276
8.289071,-0.83061635,21.746864,10.547322,11.588413,-56.745914,-28.308784,4.467338,11.948213,-53.9556
23.911037,5.728298,29.055687,2.6320891,-1.3337321,-41.580597,7.5753155,23.774967,-6.2675195,-59.45954
-23.367718,-34.61796,-18.72181,-18.71681,60.563824,29.963413,64.56827,6.2418737,36.7508,-2.2094293
-4.42892,46.578117,59.690163,-16.91386,-26.707392,-59.196247,-31.567139,-63.277203,0.88344455,-76.63526
17.495785,5.1404057,8.354549,17.022503,-4.8233232,-47.115986,-55.452816,24.552032,-2.046457,-17.116661
-42.880238,-5.341245,-17.329859,-41.713757,27.455355,36.329098,34.55604,0.05103513,73.537476,-67.015366
-37.671303,-38.19878,-47.259747,-0.6630734,-0.49296418,-29.151356,-44.236286,-28.04496,-19.497156,-5.0297894
12.72884,-19.937704,15.565253,-25.133478,48.644787,0.74142015,42.881454,15.531672,52.72544,33.5374
17.003086,20.60281,56.424076,-5.8040338,2.8036942,-44.347107,-38.733624,-13.578458,-19.49261,-65.313576
-13.49933,-13.302605,-43.43865,-38.06939,23.529543,23.39506,32.15131,17.998838,66.942085,-50.152153
-51.447227,-52.505333,-2.6812296,-22.726118,-6.5506215,-20.796955,44.096775,34.49913,-57.83413,38.601963
-8.229127,-54.770935,-14.346544,-17.005644,26.84025,-3.0533402,48.759613,-35.787033,49.79769,17.302685
-7.8973794,-23.413206,-8.075406,-60.725662,-3.7921655,-28.698196,14.875671,9.593563,-50.908127,54.647373
-66.73863,18.57431,-33.11783,-13.184178,6.085629,82.303604,25.113497,1.171092,72.29006,-33.800858
-52.847446,44.677155,-23.937302,-20.502304,-4.3649015,64.661514,21.008236,13.698753,71.0505,-28.73384
-3.7144804,-74.24919,2.158725,-29.932692,2.124946,-13.222938,42.981747,-50.948315,77.266495,22.50374
-26.7348,-15.093326,22.164295,-27.592653,20.726528,-42.47942,28.944494,-45.368153,-38.376236,-22.638733
39.873695,22.909441,59.224293,-46.81015,0.4594627,5.0753818,-9.971789,30.626083,-17.680855,-70.91791
-24.418386,-7.4207473,-12.603179,1.1034707,-4.084718,-58.36533,42.17442,-9.805941,-41.37717,-11.377472
-11.730618,-55.724632,18.029133,-58.603798,33.972942,-3.492468,47.65443,-32.174625,44.873466,18.000734
-19.12697,36.79621,43.26976,-1.3213398,-11.033804,-58.872818,-43.516544,-13.593283,-4.6777163,-65.60468
4.914601,-17.62034,-43.731407,-27.476013,1.6075454,-0.2513228,40.3577,-23.22815,66.86433,47.918934
-42.72705,37.25308,-41.214146,-41.877724,18.625414,61.083908,27.464798,-5.689351,58.13803,-53.84188
-34.873066,14.995004,-29.53993,-10.788919,-17.131136,-22.008364,-10.678406,2.4641492,41.78527,-62.711357
-12.293425,0.3871673,42.478355,12.621277,-20.41669,-35.235584,11.713644,-31.611425,-26.603994,4.402851
8.392624,-39.373383,-35.171337,-21.607115,3.9299836,-42.313087,4.7286997,-13.85728,-48.68483,68.76528
15.723242,15.850569,-4.703208,34.917023,4.001339,-32.10543,-28.32997,14.854461,0.9878137,-70.46279
17.34148,-51.97187,8.763782,-25.653942,41.230522,-21.932022,40.204086,-29.18673,44.24971,7.3872576
1.672714,-38.134033,3.5054688,-37.793083,41.189877,16.604738,45.32833,-22.514616,94.6785,39.1019
-35.142056,-18.647484,7.819252,-5.8418612,16.31473,-34.94465,37.041847,-77.237854,-34.816006,-27.54063
-49.67444,-36.64686,41.191746,16.115158,-15.439481,-49.46921,58.681576,-13.534828,-29.601824,-4.7228703
-7.884159,-50.25579,16.507172,-14.9457035,1.1724484,-63.90495,51.262638,-56.570103,-40.077595,-1.7048194
10.795257,30.473125,11.45665,24.237106,22.058527,-44.9971,-40.787857,35.45464,-24.394957,-73.62837
-24.948147,-11.911376,-74.68449,-23.92423,20.940489,-21.113348,5.453697,-6.077498,-11.86854,64.12675
20.60658,29.49919,43.58758,-18.600872,23.335386,-9.024957,-13.332142,5.445557,-28.827646,-80.53742
-9.146761,-34.038975,-47.00348,-37.796276,21.647682,2.4169784,29.44009,-24.600536,14.419637,64.0209
-13.4011135,-42.990192,-32.76466,24.084982,-12.969659,-40.057648,78.11997,-26.406172,-0.26421645,-60.426304
-66.59056,1.1562032,-20.922928,-9.785615,7.9423456,44.929222,52.617737,-11.837547,29.74559,-10.141468
-17.365519,-51.30669,-59.41348,-77.50657,0.12891555,5.5558577,10.213055,-20.605732,-30.132566,13.089966
39.335907,-13.254463,3.7091675,-3.9632125,-16.687675,-13.371982,-39.80348,22.975498,-5.722944,-42.65585
-27.794521,-62.776,-0.5832724,-29.508177,66.813,5.877517,59.204426,-35.320683,63.01052,20.62955
-28.13134,-10.170939,11.932186,18.630184,38.696774,-37.607235,24.42362,-42.719475,-11.7968445,-45.873325
-11.173286,-15.229522,-47.22147,-61.294758,-38.055386,-32.47627,25.965868,18.681244,-43.670826,66.6374
-59.402157,13.220072,-39.65759,-23.58925,21.915445,31.113304,47.551056,5.628758,36.505215,-46.62476
2.7011197,-32.156765,32.84636,-34.400906,37.681416,2.3405404,18.945923,14.715643,60.568462,41.88016
21.073812,3.0507665,-15.179223,23.06309,-17.966211,-32.722095,-33.53366,15.75069,6.4594197,-73.047806
-82.35693,-22.323822,-28.311846,-33.372585,34.755577,35.363728,5.3143086,1.235719,71.32349,-35.118584
-31.407503,-28.71771,-24.039837,-59.88814,-9.104543,33.501522,-16.297333,-22.41615,-45.785114,28.42913
-46.92569,22.533934,-50.758026,-18.610731,5.862343,40.943554,45.154602,-33.15855,68.825165,-35.55312
0.38850552,-48.99236,13.857293,-27.920631,46.416878,-10.826314,37.202557,-40.202263,47.967957,8.793901
-43.0995,66.16646,-49.484276,-31.408367,-4.888109,64.72567,36.819443,3.7858284,48.096046,-17.959988
19.29741,16.089079,44.112854,-17.93182,8.34981,-0.0991906,-39.424587,0.89095956,-16.20608,-69.156136
14.436873,16.543346,27.890232,-3.2526324,41.632313,-44.3236,-4.9355283,16.545,-15.028926,-92.94835
7.7325077,-12.421242,51.957874,19.447819,-18.558012,-39.64359,-31.433878,31.034473,21.141005,-46.525517
-47.23276,-17.500975,-37.34629,-27.291304,9.673485,-40.179977,-5.2438235,11.088872,-26.107386,31.866388
-51.81946,-16.09239,-7.444106,24.442278,-5.485094,-39.138165,40.759525,-20.016144,-26.124681,0.022013664
-22.38485,-15.3205185,-9.562176,-48.880047,18.462679,33.0407,17.163229,-24.136728,73.21708,-98.01702
-42.40192,18.41486,7.293812,-34.20826,-25.796705,-36.18725,-12.30507,18.449802,-30.535631,21.978573
6.00282,-55.3717,1.8151541,-11.838856,48.909904,14.789102,45.507748,-29.282251,47.885166,25.57998
13.308861,5.8590493,-11.364333,-16.114492,16.360245,-49.209904,-60.376602,24.40824,-22.527527,-69.81628
-37.27298,-23.575447,-7.3325663,-18.45695,-4.4836106,-39.594624,60.024635,-22.379984,-8.86363,0.289387
-33.164913,-28.131348,22.57856,3.4951334,54.33859,-50.857872,65.164825,-42.207573,-16.753798,-31.907612
27.068989,20.709398,31.045563,-44.380684,22.714178,-33.956757,-10.675259,29.519274,-21.314503,-91.49642
-4.6521025,-7.5056415,24.636242,17.605682,20.107351,7.608885,-20.308702,6.7918687,8.387913,-77.47996
1.8691938,-3.1876633,43.38774,-34.113934,8.388137,-14.298924,-56.047207,14.884224,8.494143,-66.56479
33.66329,-1.8684738,24.64886,12.050044,-16.138428,-30.270498,-43.209927,42.511665,4.045343,-26.439137
-9.629969,13.370298,-51.335697,-84.04967,-9.330972,11.08036,25.646667,-6.857486,-65.91352,-8.4824705
-35.846188,-21.014282,-61.30843,-82.42534,-2.6708245,-1.4244987,12.285113,5.1941366,-37.532978,-7.7695904
-30.23517,-30.405964,13.414264,-25.376904,-9.401735,-63.901283,27.439177,-8.178606,-32.344837,10.761641
0.09981829,13.724367,-61.154118,-45.82442,15.440072,9.915644,-17.478567,-12.042089,-30.680862,20.377855
-35.226395,-14.379271,-7.2889433,0.20854402,1.0609505,-79.754906,61.85101,-10.069629,-29.813265,-39.747852
17.51755,12.607349,-52.482815,-94.708206,-29.609148,35.658886,56.973137,7.889614,-72.029564,57.760983
-40.21978,-38.056126,20.374935,-2.810548,-8.969663,-75.93289,67.214874,-12.024734,-41.460426,-18.245203
-58.749584,4.00697,-19.73566,-0.70662653,14.317234,67.98233,32.24699,-10.606662,40.362404,-31.737371
-32.955982,38.956005,-43.731586,-40.149868,18.494282,39.79923,44.53179,-8.060269,43.685253,-52.308426
-15.549604,-51.98801,4.283487,-23.521318,61.019928,-1.1132163,28.30749,-30.613325,53.674538,-0.26615644
-49.390614,-42.32903,-47.221397,-63.35757,-11.017386,19.790298,-29.31263,5.3091702,-24.976067,-1.4936559
4.3389025,30.572292,-61.785595,-100.53217,8.851268,-3.3251414,35.243877,-45.613155,-56.169926,-6.60054
-53.781815,34.66455,-51.310535,-22.218287,7.683774,47.894623,40.939777,-6.31253,51.96495,-26.434715
-68.63456,-26.712349,-63.954678,1.0601016,-0.74432665,-22.00298,-25.10281,10.731188,-16.245836,20.539026
-18.04945,22.295738,-64.10147,-36.268085,14.583391,38.11423,6.530063,12.136533,81.61466,-32.146233
36.111797,-21.310675,37.427013,-17.901644,21.98334,-43.347565,-0.6125666,-16.815,0.9300773,-99.59968
0.6882517,-46.716,-39.610325,19.387123,-32.55387,-56.120544,61.778957,-14.965241,4.3460927,-51.202324
-19.745003,-63.403664,16.585464,-34.74089,79.96478,-13.936725,19.782415,-28.092108,53.769917,-6.889957
-1.7925092,15.365869,27.110878,22.377775,-4.7357836,-32.089283,-32.92898,-19.087328,-22.79079,-68.89407
-47.848602,3.6232648,-40.107014,-18.827005,0.9707523,29.659788,38.303917,-0.4501516,51.941536,-60.202187
-9.653754,-46.279854,-41.551067,-49.911423,6.1356883,1.3237952,26.818205,-23.767263,23.421675,-14.927125
-44.808437,-42.242397,-20.9204,-42.702957,-28.640947,-52.35265,-22.93367,35.738117,-51.842617,51.000786
-19.599129,-47.697124,-23.581488,-16.342714,69.84094,-0.5901316,41.365417,-9.746619,74.626114,1.5476623
-18.399508,-72.44834,-11.400116,-17.590036,39.937622,11.983694,81.718636,-17.828054,39.701942,11.916664
-11.014864,-62.810413,-23.29123,-5.09329,8.56362,0.20545685,20.03877,-42.607285,-8.846786,12.72168
-11.472743,-68.4865,-23.96136,-22.558064,26.25103,0.03409469,63.067635,-26.860939,55.43572,26.92009
-31.107447,-32.154724,30.777168,12.743005,-13.988798,-65.67807,58.62007,-14.9725,-31.972973,-19.757841
-61.48859,-17.751093,-12.106724,-31.767956,8.038022,32.43225,14.346678,18.233469,59.351635,-67.77462
-20.579994,-26.502247,-22.828255,-67.01815,-1.3772672,53.172207,-9.7467575,9.674474,-74.84938,34.040134
-43.14174,-49.35602,-37.45016,-69.69802,-26.711864,18.718277,-56.042393,0.36397824,2.6178973,23.509073
-43.03083,-62.629368,-26.88359,-33.80123,53.056347,-19.996363,26.487537,-13.64161,73.03237,8.42193
-37.540737,-61.50385,0.55032325,-40.656086,59.684406,1.8181549,56.40344,-28.097311,35.28327,12.236291
25.621288,30.339073,26.861126,-18.71597,33.981667,-15.798981,-37.617977,16.898815,-37.01351,-81.404884
-28.53228,-61.827507,-0.38191792,-20.177372,41.35697,0.67944825,62.261692,2.6385727,52.474777,-1.5704952
0.43843478,-39.800167,11.298256,-23.03371,29.99111,4.1398754,35.72276,-50.09147,86.14263,-3.644078
-35.27327,-71.13468,-45.85709,-3.146938,-35.4695,-16.336971,-46.179497,13.958003,-32.06725,45.58298
-30.82021,25.004583,-78.02747,-45.435688,-24.730957,24.52321,16.753794,-32.372223,-28.040861,30.047514
-20.607485,-3.497946,-30.867321,-64.20897,-6.2419086,18.62171,35.84984,-17.63886,54.216072,-23.097845
-9.780329,-63.375137,-37.784378,-52.37303,-28.136293,24.961288,5.0746226,-37.959904,-15.373868,30.404043
21.559032,-2.0726647,1.7521231,-33.873302,24.29553,-31.54254,-57.616287,35.430492,-7.0791893,-66.31284
-17.139082,12.596281,-36.866875,-25.346165,12.085744,38.365173,52.34843,9.233392,46.377228,-35.827938
-44.446133,-44.828873,-4.868201,-77.76646,-23.983027,-3.8604414,-29.598646,15.103019,-17.186838,24.124296
-29.403456,-30.965433,7.8287983,-11.137399,-26.677206,-63.576176,70.46187,-5.0765123,-50.618275,-15.59468
4.1304913,15.795589,3.8146906,18.54474,11.030685,-0.70665425,-24.5046,21.95396,-0.7078474,-65.58182
-24.112823,-60.898228,9.9915285,-7.5304155,-29.201036,-36.815475,61.939564,-33.304794,-34.084057,-49.147633
10.521682,-45.631,-19.554317,-40.865265,0.42246872,-34.630154,10.612079,-22.941961,4.5210004,48.542652
-46.967552,10.36311,-32.13367,-45.575325,28.434586,40.08732,20.855696,-4.4960165,42.580902,-42.16958
29.154602,-25.030539,32.110626,25.523739,21.37798,-66.97031,-28.668108,13.98885,7.134507,-53.120995
-40.639874,-24.255009,-32.55565,-8.871116,28.470308,-30.433372,4.058591,-21.782078,-21.269493,14.662876
15.918772,8.72034,2.5120516,17.297777,9.761244,-34.792492,-40.87118,22.266708,-3.818109,-61.3855
-23.896154,9.969512,-44.405155,-22.581112,36.956486,43.95138,37.75216,-16.348604,37.395992,-5.7619095
38.83618,21.202257,2.9430401,-31.150301,1.6338253,-23.179977,-37.644638,3.9938538,-23.76983,-67.04982
-41.294262,-7.4763885,-56.64242,-32.112133,-29.558075,31.382526,25.622444,-10.781322,-28.420017,20.60221
-37.819782,51.209248,-73.263306,-25.062254,-4.703129,73.59661,31.995953,-16.063404,53.753418,-26.374655
28.343048,14.920874,15.600051,5.130165,-11.694444,-61.913216,-48.664814,-8.083708,11.044317,-42.28453
-26.494097,13.5527115,-36.658825,-8.109572,3.3359044,51.510586,55.97044,-30.148136,19.811428,-51.568077
-56.08517,-24.1063,10.7929125,12.471594,5.471315,-40.07085,55.472775,-3.8353853,-28.336927,-1.4960688
-21.060505,-29.242252,36.247627,2.6221342,33.047318,-41.46451,8.327919,-39.92961,-6.130416,-43.699192
13.329106,-47.963703,-20.206812,-39.54908,52.266506,-13.596502,21.577032,-25.601559,70.55859,10.35187
-45.105072,-61.816025,-15.107364,-25.172487,23.162361,-35.473743,51.22008,-75.48811,73.5719,18.174547
-40.439754,34.743305,13.537937,-48.562004,-5.85398,10.16777,38.928684,21.228273,8.191325,-51.59022
1.4678793,14.537404,26.479702,-24.57167,4.2231617,-44.39101,-44.888268,23.072868,-23.367235,-92.64538
37.66154,6.2729793,11.329632,-11.389847,-7.4008145,-42.39625,-34.23695,-10.29912,2.905543,-72.06218
-37.168304,-48.544323,24.583221,-24.515612,14.042534,-48.689606,30.886078,-21.386494,-36.934223,5.051709
-33.462757,-56.444588,1.4237256,-32.532303,2.5409815,-83.344986,17.18643,16.760435,-18.593718,-5.8721423
-46.477135,-19.781057,-50.218723,-24.724836,-41.201942,-23.90508,-65.27898,0.46407518,-25.038591,-9.419958
-37.934757,10.577693,-31.623314,-19.523329,15.244541,59.40019,41.198475,1.0460582,45.27604,-45.92953
-47.773117,-42.08903,-67.73459,-17.110422,-21.684824,-23.905594,-21.813898,-11.016673,-26.966484,28.63262
-20.074705,-30.535603,-69.20224,-28.80301,4.373615,-21.184248,5.975377,-36.507874,1.1389568,12.483223
-31.69037,-47.985485,-48.110344,-23.989298,-20.999807,-25.123476,-3.4556704,-38.83355,13.227093,-33.575954
26.353502,-61.876133,-8.37063,-24.047989,-30.045433,-10.220507,-8.861855,-3.1149206,-42.61604,69.469696
-50.016674,-47.67811,-46.54614,-14.355934,-33.886528,-2.000073,-12.061007,-12.437768,-27.088903,34.725048
2.434776,-50.32909,-30.271366,-55.884876,16.895153,14.662709,44.720524,-39.78479,4.894217,37.47639
-35.021545,64.63705,-80.58132,-33.585835,-18.663269,54.081467,5.9130116,-0.04127905,78.520645,-23.465302
-42.68709,-48.586098,5.688016,11.136157,40.403492,-40.39563,42.05695,-42.694183,5.1398826,-30.05906
-40.255634,34.554024,-25.932064,-29.027285,-0.5080679,-2.4588168,5.326196,45.82604,-17.071375,-38.758297
1.3011713,-5.9311166,-39.157036,42.96305,-16.089802,-37.20395,54.478336,-22.55492,-2.231577,-26.707636
33.029884,-2.7411747,23.456398,-38.766994,-4.821516,-41.376125,-5.475312,-28.645592,1.4147546,-101.51168
18.3424,-20.43968,50.565903,4.228812,-27.929394,-0.6261522,-45.914318,24.82169,2.6856487,-57.864456
-22.372688,12.596436,-49.781372,-30.142704,14.110895,31.921303,46.057198,8.667844,77.593575,-61.71758
-80.06428,-36.196262,-78.13573,-48.353714,-21.761047,8.690803,-55.633144,30.46451,-34.3249,11.071009
-39.755154,-52.8146,-26.768648,-27.099731,-7.386842,-25.199013,15.588822,42.588596,-59.7197,26.579199
31.346561,-20.729025,-55.939053,-54.15033,16.271948,23.16983,-1.3309954,-31.931828,-90.438194,36.62174
-12.991176,28.147558,14.798926,-16.534245,10.17302,-58.935883,-4.829921,33.575035,-16.780619,-96.53115
18.132463,-68.15799,-12.352345,-29.848345,51.831795,2.8444138,30.750397,-29.635237,52.46417,5.315221
6.092899,-47.433662,35.08724,-17.948418,-19.454054,-32.73242,25.422634,-25.832804,21.879677,-38.526695
-43.218014,-45.974667,-2.477623,7.2325873,30.009108,-49.526493,41.71679,-33.92509,-12.143683,-30.216436
-38.878265,-13.549031,-75.8903,-29.14808,-3.3235617,-1.244168,-21.460526,-32.908916,-68.72298,24.56343
-42.132275,-75.88762,-29.62638,-50.711315,40.310722,-12.010223,62.228073,-31.299345,58.200375,17.647186
6.9439535,21.01065,5.510103,22.326803,5.5503154,30.105783,2.771441,-35.6953,23.927067,-56.57797
36.675728,-76.06568,-19.41695,-40.574863,19.060472,5.9100466,13.364469,-29.370333,65.185005,-0.88921046
-45.93027,-47.661236,19.563381,8.151882,18.442097,-23.410004,64.11275,-24.442177,-38.55935,-32.68476
-36.234722,-29.982903,18.121223,-11.738693,41.644035,-72.645744,55.07393,-32.420788,-23.468454,-16.509724
24.284264,-40.265217,2.6572814,-6.879547,57.24762,7.89054,54.877087,-45.52799,52.45811,14.431488
26.564268,-51.845467,11.283177,-2.0238593,62.898083,-17.503325,16.995804,-17.623934,77.05537,5.8797216
39.981293,1.7922846,-78.39375,-42.100807,-22.013996,-8.916534,9.213633,-2.5805125,-56.749477,16.008999
-0.30607322,-4.3286395,-38.0142,-53.902103,21.854862,38.318752,-15.006075,-15.841055,-75.24216,54.094063
11.368816,8.345091,22.734253,16.844084,-1.6667337,-77.65057,-49.9824,5.771452,10.601849,-31.206945
-48.349094,-27.14386,-64.46175,-20.317287,0.46548492,-21.250298,-36.245953,-16.664246,-1.996832,20.516445
-33.25291,-61.083126,-40.535324,-20.441235,-25.265293,-22.222534,-28.092054,-0.14304863,-33.7097,30.870932
-51.49894,21.970264,-38.84204,-31.081078,20.97881,33.537685,43.08146,-10.599241,36.581764,-43.2839
-27.92766,56.132683,-30.23688,-26.157913,-9.082518,45.813084,20.102684,10.234211,40.118782,-28.787106
-24.327759,48.562862,-27.795008,-29.238476,-2.4521601,68.50807,43.786972,30.32058,51.845226,-52.45901
-6.8521748,-28.345493,-15.292679,-78.2646,-47.641747,-30.658611,0.35332954,3.2370517,-45.546978,51.07588
-20.321493,47.902325,-45.724697,-24.8367,-11.840649,65.46704,23.133781,0.4010044,42.15573,-7.144587
-12.689536,-29.510132,3.6267757,-18.214664,3.2044024,-58.66517,61.098907,-69.97667,-1.0678525,-17.453917
-38.061478,-3.801284,22.148792,18.652512,22.18117,-50.684284,74.60213,-32.424473,-22.773535,-10.743991
25.6393,24.473984,7.286952,-3.9326673,27.076677,-22.792982,-47.805573,7.235418,-27.796082,-61.596996
-28.143476,-50.40521,-12.018307,-20.139647,42.851933,8.208415,68.09046,2.7595215,53.165844,-9.403625
11.840918,14.39066,49.267197,10.481704,1.1840079,-75.519646,-9.877904,22.753078,-20.739162,-65.892235
15.773402,-44.671772,-18.866468,-62.320312,5.359129,-50.433147,45.582565,13.790723,-9.901367,37.26862
-37.514046,-34.415592,19.005394,5.6401525,20.215786,-48.518097,64.20035,-23.984743,-31.519941,-25.785696
-3.1374652,-61.607437,-5.226797,-37.393234,61.701622,20.221209,7.2872963,0.6409866,59.208725,20.965166
-42.625946,-59.60357,-27.241804,-6.846598,-35.338028,43.92279,42.53061,-42.24238,40.916306,-19.365425
-24.360065,-17.966808,-62.204296,-75.90411,-20.060926,4.172022,-11.790658,12.864006,-25.784271,3.2293117
-11.028281,-54.90001,7.193808,-20.940525,-9.107272,-73.41325,27.698341,-36.982502,-71.013725,5.4660225
-29.16972,-37.223183,-6.1551023,-6.6517863,5.372591,-53.75334,61.44419,-25.750187,-27.435291,-22.570917
-9.498953,14.8341055,-3.6952608,1.7185882,7.8581142,-61.85027,-48.429237,-10.118053,-12.975912,-81.4488
-3.8672147,-34.467693,54.276577,1.1787249,-15.116352,-46.213478,-2.2395158,16.709597,8.169512,-76.044136
-12.940076,-21.460274,-8.327583,-24.928673,-4.8127847,-12.1795,44.00247,31.201344,-34.445927,-24.682459
-52.869156,28.948553,-20.581913,-23.113968,11.119645,61.49346,56.415623,-2.8295197,25.83027,-34.32003
28.546196,8.225204,-68.26228,-69.2622,-12.105372,-10.492123,59.464462,-16.23666,-69.013596,15.687786
-44.885456,-35.655754,-24.069025,23.824753,-8.996651,-30.114132,66.398544,-31.571917,-7.497947,-67.4241
-28.3614,-41.89939,-13.21378,13.100948,-20.066301,-59.32933,67.56356,-19.018894,-12.006146,-22.492369
-27.410246,-14.60818,-13.910302,-48.57801,16.433643,35.893387,27.258158,-20.257483,27.026005,-64.74039
-8.925475,-16.573479,6.7510943,-10.439592,-24.535131,-66.03465,15.943339,6.536125,-13.2788105,2.4924123
-14.233973,-46.187626,-24.50251,-7.0487347,70.747826,3.4261765,36.73495,-21.023624,72.16105,0.9789884
19.404102,9.742483,20.67556,18.740532,11.905818,-3.9265428,-25.010036,3.0105283,11.882352,-84.018074
-9.264635,-20.401411,-6.6322126,-55.03966,21.892128,-10.849573,24.808224,16.434607,47.539604,4.4145346
-61.836376,19.336266,-63.10821,-29.512386,7.220122,63.07636,24.917526,42.034622,54.787155,-43.616383
-8.777022,29.255198,-66.244194,-86.5789,35.73461,5.0830083,79.118195,-51.017456,-110.884384,25.780766
0.52214897,9.203973,4.9662566,23.061815,-15.1035,-41.300854,-32.22142,9.0643015,-8.128491,-60.700405
25.994741,-59.372177,-10.768091,2.1599007,30.67116,3.7706432,71.24872,-40.93528,63.496597,23.413792
-24.832275,2.106806,-46.22465,-45.591766,22.792084,34.857407,31.773054,15.6943245,49.549797,-59.118996
-5.133372,-59.357098,-12.373833,-49.639526,47.036697,1.1037625,46.817646,-23.710905,52.67906,37.805195
-37.003685,-50.695953,-16.712172,-31.888206,-46.00145,-7.7927704,2.8638663,20.023844,-40.87051,55.128536
14.86155,-79.31751,-33.92803,-24.637352,-16.846514,-35.791733,10.470149,-3.9516618,-0.6551966,33.727566
24.66119,8.775606,-6.2378063,-9.31809,-32.19989,-60.01603,-26.452217,7.8690357,-33.03974,-38.406174
-40.909153,-74.18682,9.94235,-32.460716,47.543636,-1.6602659,41.28776,-30.645418,36.73335,2.9104083
9.458597,-90.64987,-2.6999583,-42.841934,2.3715196,-14.369452,17.703804,-81.59575,57.752068,-11.750697
-52.462612,1.3961614,-41.93739,-36.337025,0.64548737,48.864353,43.52388,-20.89123,25.613377,-11.424903
-4.738462,-40.223503,-14.2156315,-45.875202,26.42612,6.143754,39.92675,-38.005783,93.30724,51.76456
17.825241,-24.09172,-53.28821,-61.91041,-26.823442,8.081526,-7.295752,14.316057,-38.831345,25.981081
1.150147,-67.24482,1.025821,-43.62146,36.098442,7.2897205,18.715406,6.9638705,60.734863,50.648148
-14.025785,36.13213,-61.467915,-5.8175063,-8.206565,79.42351,45.91579,-16.401424,38.07265,-40.929924
2.6271293,-61.8979,7.6415997,-58.153996,33.695568,-11.54169,48.354034,-35.201992,60.615543,24.077778
25.815678,-49.591747,-14.951791,-58.83101,35.491287,-20.39726,25.687191,-43.23145,62.313065,1.2873542
-31.478127,48.34927,-56.08977,-39.302853,4.9730425,49.92222,23.269453,-14.155172,25.608868,-36.7427
-3.0922434,-38.211308,10.473483,6.500256,-1.5758455,-45.058098,26.643082,-82.23171,-56.529156,-4.256998
-44.90614,-41.315903,3.4764423,-13.859789,-6.167705,-67.84537,56.06574,-12.581109,-14.251872,-26.710093
0.4837125,-40.986755,-49.736816,-30.259869,9.690616,0.3852365,0.734491,-50.77448,-53.239815,16.884508
-14.434317,-34.168186,-56.561775,-58.152782,14.211385,-33.67332,-16.350903,-22.72823,-29.524113,16.482687
-18.841406,-76.07557,23.002628,-42.644886,31.486708,5.7875986,58.619576,-21.321583,58.08182,6.802121
-28.85862,-28.324804,-77.12495,-50.509247,5.6219225,-12.54534,-14.793713,-16.258455,-28.24521,35.447037
-40.20818,-53.79008,-20.593626,-17.754288,76.00692,-7.1988316,37.4486,-16.28221,69.99857,-0.25181946
-38.277176,-30.997519,-2.92257,-15.359341,6.765039,-52.333015,51.79069,-41.339222,-36.41585,-15.048116
-14.822524,7.8031354,8.523757,-10.375948,-34.461243,30.793854,-10.402892,4.4958487,50.49157,-41.69492
-19.12252,43.099915,16.180206,-34.270462,7.722244,33.615215,25.334318,-1.985668,15.737502,-55.456505
-27.983795,45.160194,10.029575,-52.332405,-4.9662166,0.58503616,25.729925,17.945581,1.1107576,-75.649895
-36.731636,25.739983,-38.21122,-23.098352,32.776047,47.10507,49.149406,13.728195,56.960518,-57.29575
-53.267155,-51.36565,22.320541,-18.07876,22.590881,-76.17378,20.789612,-12.787034,-13.555685,-12.066325
-56.65449,2.182655,-38.115536,-11.864217,6.963175,46.301163,20.106236,-12.904963,48.49169,-39.622433
-52.478832,-38.697803,19.734821,4.540362,23.648222,-12.873322,47.220314,-41.659557,-36.824528,-25.544426
-9.311304,-22.097395,-28.354673,-39.557167,3.9186535,26.27859,43.73702,23.020655,53.962753,-56.856686
24.135443,-27.954727,-5.0032306,-51.248753,5.2030263,1.47285,19.912142,-39.158436,-43.773746,95.193596
-29.31175,5.334637,14.398283,-46.933323,-37.989563,26.737034,40.94975,-3.096847,31.71735,-53.477306
-15.892491,-10.138155,-1.4550711,-21.500336,28.712976,-37.6641,23.165295,-27.303366,-32.730244,-21.912498
-26.062216,-7.372759,-47.690826,-68.404625,-23.417562,17.978428,17.942183,-27.914234,-40.03405,36.840527
-46.353657,-25.46494,-0.18927105,-14.786189,5.17698,-15.636616,48.52922,-31.178766,-21.509745,-23.543217
11.958414,-28.167326,3.15151,-52.731937,-22.72171,-30.174883,9.309971,-14.788487,-40.398388,70.4811
-21.724659,-46.346996,-16.438608,-17.655659,12.425172,-65.26507,49.057346,-13.213414,-31.11275,-24.013004
-6.8999057,-57.65421,8.792216,-29.196787,71.58782,-0.47129384,30.343002,-32.610893,49.90306,-1.2070985
21.371891,0.1434274,3.1576495,14.032185,12.618702,-32.538094,-52.058376,10.223793,-3.197782,-74.61444
-41.563484,32.141254,-19.160864,-57.47425,16.478867,59.698246,62.63395,6.018694,51.85474,-65.61524
-21.421446,-63.398666,-15.38575,-28.399105,42.212337,-13.930744,25.745071,-32.00833,63.600704,10.557072
-23.238438,-32.93394,-3.4432173,-27.3272,-20.153286,-62.05791,21.321873,-19.911081,-38.657825,-4.1090093
-1.2494055,1.2628196,36.894997,23.16781,-5.077992,-71.40448,-31.91993,5.677792,16.071714,-44.919155
-4.1533117,-58.22364,-15.161384,-25.232635,36.912727,6.6488447,74.98552,-21.090445,76.57154,45.22353
15.056644,-41.3295,-50.412388,-47.514374,4.408723,13.174614,54.908306,-35.064163,26.605165,47.16886
1.8661749,31.224522,11.818296,-27.2368,-26.499582,-38.1736,-54.548225,-6.244334,-9.022791,-82.684326
-8.637775,-12.620875,22.53429,3.1876273,-12.244046,-44.61045,31.492643,-45.60846,-22.656578,-14.7084055
29.563572,18.424343,17.306026,-28.045254,15.50168,-42.676044,-20.87428,37.72064,-20.020992,-84.36781
-19.771187,-1.4580214,-57.662518,-60.042183,-30.434437,41.30928,6.399635,18.640255,-34.07626,34.53058
33.537262,5.21198,40.381157,-1.9792843,10.697585,-25.84391,4.882553,31.9816,2.9487064,-40.14741
-34.016064,-16.412714,-2.0163949,2.5275745,-1.3248701,-52.539333,73.82737,-5.2631526,-20.465302,-12.24787
-38.9016,16.980953,-38.562153,-44.23283,-21.198286,58.551666,52.545418,-5.966944,28.674992,-39.87918
29.96362,-6.026622,26.71363,-52.5613,7.205862,-21.235504,-46.368996,45.30624,8.36571,-74.9408
8.62835,18.140146,-28.269285,-5.6201234,10.9770565,-72.421234,36.876698,-51.58938,-0.8290354,-41.504704
-21.279577,32.70567,-65.73886,-28.860287,0.17021567,78.06644,45.741634,-20.671738,44.337128,-44.561535
-25.663183,-56.928513,4.5227222,-7.786008,-11.663663,-40.053486,64.55253,-29.567097,-40.546402,-51.248676
-0.11885537,-1.6368192,-1.4771969,-6.753198,2.2544887,-40.00214,8.855634,-42.818607,-28.133823,-13.3413925
-5.580419,-57.104763,-5.0415154,-40.437035,32.838875,-1.6308697,49.815475,-41.53641,58.96077,17.90839
-33.38113,-14.050406,-10.008442,-26.894062,-8.045105,4.6596045,48.366913,6.0549097,-24.763254,-53.29155
-14.1244,-37.18575,-14.377652,-57.33818,25.334366,-3.518532,26.972868,-12.396951,6.3068185,49.295914
-10.229732,-77.62603,6.2692003,-33.160908,20.668873,-6.9922767,53.41103,-26.62356,55.183502,8.651535
-30.637962,-38.162384,21.844875,11.242275,-27.79946,-36.208363,56.639133,-30.354729,-13.086008,-7.235044
-3.8676565,-70.72922,-21.998194,-17.385609,19.14544,3.9782305,33.284077,-20.468235,84.354485,30.237324
-12.59316,-34.00166,-5.5664306,-36.85219,18.286705,-18.437222,35.422226,-29.117035,-2.1946914,45.333675
-47.41554,-26.361973,-32.115112,-65.76242,-47.27873,32.893875,-41.618084,-8.859134,-25.193855,30.994558
31.52238,-47.7106,-50.506863,-40.541283,12.3261595,25.355873,-1.8815936,-33.058617,-62.91544,31.572409
-37.7572,-45.082787,21.181019,-30.02764,10.884197,-55.206573,10.259884,-10.527928,-11.51235,-6.671394
9.280863,20.058397,37.736553,16.949566,-28.243399,-75.32399,-24.857325,4.716381,-1.3355695,-67.74335
-7.8081822,-61.664692,27.334274,-46.16628,36.44245,-15.729614,32.77849,-31.373005,32.024014,6.4700804
-53.425518,-53.048508,23.469841,9.121075,19.143248,-45.08507,50.572933,-29.06494,-34.54164,-33.68698
-24.853235,-31.677296,-2.2770119,-13.169714,41.468063,-53.261154,46.85224,-26.656311,-26.120373,-25.887846
-38.26254,-27.022556,-60.312233,-18.175495,17.9385,15.280906,44.52425,-22.203442,59.683304,69.03829
-28.022371,-44.24966,6.1623974,-5.629642,-26.009432,-48.801575,61.43776,-24.324183,-50.594635,-36.283512
-59.647636,40.747204,-40.26011,-47.30411,9.734435,41.3084,39.562164,34.841976,34.8463,-47.19919
-18.513985,-37.280674,-52.004322,-21.52164,10.043156,-25.080988,-14.228836,-50.02193,-43.248856,31.95487
-23.500406,-13.3058195,-1.7365571,-4.5876107,16.925575,27.187206,42.695736,-12.25322,77.7645,-38.872597
-26.194515,25.22696,-51.902718,-19.982924,19.246239,54.120476,17.049858,14.071319,55.68022,-28.236345
-21.32908,-44.43889,-58.190495,-11.2292595,3.0408466,-12.587764,-10.562485,-42.29356,-52.0728,14.601985
-45.488964,5.309274,-25.03294,-11.253526,1.5215299,64.05666,47.978333,10.394243,37.112343,-53.15684
-26.43871,-14.401268,-22.357277,17.330614,-3.033525,-75.41998,55.640877,-12.883871,-29.0001,-5.5029674
-55.894093,54.600212,-51.020626,-42.645546,-12.063275,60.175083,25.157883,31.50701,48.910942,-25.419071
8.311819,-59.29481,1.8331347,-39.84402,60.027596,18.144024,32.905106,9.512004,74.348366,44.538532
-39.56582,-38.627544,13.562156,-14.127944,33.804317,-54.47762,50.795048,-44.68876,-52.987858,-30.357693
3.6112664,-41.395943,-9.059716,-58.9657,47.81626,17.120354,25.089413,-22.417002,67.85113,34.090446
-41.450325,-6.3116713,-3.8645875,-52.024414,12.0354805,36.476967,40.319035,-17.211678,18.979914,13.635881
12.912691,23.61252,-13.014011,3.0118542,-19.649704,-29.63361,-45.416862,34.024357,8.430613,-21.0026
-34.39679,34.008827,-41.770996,-35.69684,8.5649,50.765587,29.248886,-40.043995,38.350796,-27.494541
-20.028152,21.174109,21.581924,-14.125177,-27.132395,-62.31081,-31.865294,-15.878465,-19.733232,-107.83601
-22.944826,-37.443424,-52.1193,-33.794346,46.48008,28.885647,20.995455,-10.146298,49.528854,-20.529997
-12.419893,53.410606,-66.53396,-26.567501,-12.609321,59.81443,30.251394,-11.469358,50.65012,-26.893303
-53.84119,-57.938705,7.5411806,-8.297812,8.667274,-92.45732,10.854361,29.839472,-11.181628,15.431627
-18.214174,-50.462574,-21.29336,13.512913,-27.082882,-48.674706,49.427784,-13.37283,-30.13143,-36.392395
25.860245,17.354376,1.4436169,6.3981023,-4.2805843,-78.241615,-16.620073,-19.145445,-18.300362,-19.28006
-42.284367,25.790098,-34.098366,-22.077782,-13.584413,78.97619,26.049232,-17.037525,64.115074,-29.664034
-22.284313,-5.663668,-0.60469687,-53.14425,24.196184,44.870716,29.833117,2.1791975,63.73122,-91.86124
26.23275,0.09911427,40.739426,-3.293151,31.652212,-8.369388,2.4423022,2.846424,-6.7777123,-90.4766
-16.365332,-7.8243775,-21.496649,-6.1662235,50.26754,-23.771933,43.68561,-39.929893,2.3258739,16.75669
-47.071518,-68.69153,8.000633,-49.61509,50.826378,-17.31555,22.87331,-22.065924,38.295464,-2.9480917
-21.58624,-30.764519,-30.368103,-38.25014,-34.049114,-21.000078,3.596015,-3.109169,-39.281597,59.75785
-52.48859,3.8326147,48.37523,20.110088,53.800114,-52.691353,77.26051,-28.718185,-1.832142,-0.968197
-26.00705,-53.856567,-29.36063,-17.846022,-34.44423,-73.754196,0.03148818,29.635855,-5.8932633,25.171816
-5.7580633,-9.669183,-30.597279,-7.4281754,-13.392399,-48.338993,11.987035,1.7655534,-11.833728,-10.641339
-19.307308,-22.543156,4.8735,-25.917742,17.558474,-60.936848,-46.594185,-1.892547,-8.767992,-63.73202
-39.98991,-47.8655,-2.2236319,6.3206882,10.238052,-43.662067,58.506584,-28.646889,-17.000875,-39.858788
-47.65511,-37.44264,15.828841,-9.910143,-26.710123,-55.213535,73.846436,1.0158215,-47.902027,1.3623216
12.443953,-50.14912,12.646841,-12.070654,45.983986,5.412706,24.831516,-69.427444,64.965836,-2.865802
-11.034974,-3.146181,50.263977,-19.1058,-3.164403,-28.12038,14.201029,28.153196,12.56462,-72.42752
2.7362494,-52.62611,-24.92737,-7.504921,37.82309,12.734339,49.563663,-32.63674,107.61034,43.149563
-42.213055,44.505444,-60.319572,-33.900314,4.3591905,49.37939,22.794836,38.77537,58.470005,-41.49494
-14.197855,-44.866787,-29.810356,-9.757706,26.00739,5.3887844,61.882256,-21.642221,95.04719,35.024197
-29.109608,-11.119799,-68.24199,-67.62364,8.502494,8.383615,-11.958954,-32.8437,-37.687424,7.909914
34.167862,-19.669527,-44.792645,-54.729385,-4.029849,49.526363,5.7965274,-33.349903,-51.499416,51.638226
19.118557,28.669645,8.784044,-13.987658,-9.442065,-28.58738,-49.257042,21.846764,5.2764697,-29.39515
3.9026992,-55.488686,-23.569906,-32.87264,32.934433,4.256873,9.566663,-37.15499,72.84754,4.3772707
-18.59989,-4.1295924,-11.484825,29.578144,15.68394,-32.681225,51.170372,-48.334415,-16.390757,-46.32271
-59.57636,-27.99689,31.924774,9.684992,10.939969,-56.710606,68.19888,-23.568283,-32.026978,-5.4408317
-41.144768,-27.01729,-2.7407773,-32.55581,35.28777,17.821825,26.22302,-35.72647,14.126598,-38.13124
-22.6962,11.639662,-52.534027,-29.17113,23.427046,36.263092,32.624496,11.251337,55.790333,-44.41129
-22.884697,13.295291,-23.478605,-14.492162,10.512425,-74.67183,-33.432125,35.373173,2.9900043,-57.401302
4.3041887,2.3845954,27.94529,10.491056,-22.028032,-32.679527,18.47926,-67.82287,-13.723811,-26.491495
-17.778889,27.736547,-8.69798,-16.643677,21.559286,-60.7978,-28.844082,26.773598,-6.131474,-69.1086
-47.321674,-35.147007,36.893887,-19.112444,28.480759,-46.33646,49.838215,-38.406036,-56.761726,-16.077103
36.133213,-4.478979,20.35445,-9.875844,-2.6193578,-60.538475,-36.27243,-21.797007,21.347095,-59.36375
-3.4974124,17.710732,-36.26569,-5.5660625,3.4800148,37.36465,48.000637,-17.01654,1.2686739,-64.52836
3.4391742,-57.549843,26.90678,-66.2051,40.860306,-20.44246,34.246506,-46.878918,51.29619,11.163612
-43.142895,34.333324,-30.13855,-45.035152,16.705992,40.732735,36.270226,-0.54947364,35.842274,-41.57754
-47.34988,22.744331,-11.092061,-28.489176,1.830061,75.1866,40.79586,34.51778,36.61135,-48.241844
18.378132,0.08381274,39.767483,-26.822115,18.861017,-34.818752,-34.220535,55.766228,-9.592485,-65.82285
-35.52008,-18.50996,-14.456137,-59.54355,-13.762003,34.15054,13.492401,17.271704,-55.176632,41.234653
-33.04584,-38.37755,3.0211256,-7.9296975,6.145923,-5.847808,15.716143,-15.237858,-61.82993,35.43222
-28.029303,29.23691,-71.58592,-47.19009,-31.746962,25.017923,23.37474,-11.017088,23.484398,5.968213
-19.432886,-2.533923,-40.73307,-31.09829,8.180956,-44.090736,12.241293,20.875484,19.061916,-31.684425
35.499886,-3.594741,1.9758635,15.165031,-7.3095818,-37.18222,-43.74568,26.720089,3.973788,-45.265507
10.498915,-58.281292,16.264328,-57.507828,19.085833,-17.328974,20.68306,-66.17372,69.37696,-6.7321677
23.839207,9.172801,19.342487,-3.2588909,-9.144056,-55.817066,-2.2259834,21.233795,-23.549797,-98.64046
21.889273,18.037626,19.833855,-33.87538,-9.682448,-39.95651,-1.2218559,-20.639854,-13.794511,-114.54609
-33.740215,-27.534391,-5.62067,-8.759637,-7.243898,-17.543056,42.45181,-29.752607,-38.441784,-55.091873
-47.10168,7.120387,-28.166155,-43.287636,30.740875,46.167145,35.0855,8.492016,48.952316,-78.95403
-24.248653,-39.61468,6.466682,1.4269425,6.99176,-60.952957,-1.6792568,-47.78409,1.27651,-59.481808
-27.044952,-39.272404,10.286073,11.987989,-5.778535,-82.72227,63.688484,-11.841538,-41.0277,-30.892292
45.57566,17.47703,2.3425364,-12.298446,39.33403,-12.704864,-30.107077,32.901447,-25.447567,-78.59514
-30.963238,-27.985895,11.316033,-20.865747,-41.28983,-4.116298,5.300658,13.027229,38.891457,-65.107666
-50.958736,-39.372612,-42.623856,-5.9131174,52.763546,-9.222441,9.465146,1.0799353,60.28512,-43.235474
29.957584,-32.56602,16.74641,-25.807587,16.075827,-20.462004,14.55639,10.332416,30.579453,-12.91009
-35.092186,26.204967,-14.873247,-36.55438,-12.248169,60.644646,45.821056,33.544186,56.982903,-66.2096
-38.6839,-43.908203,-29.21318,-8.889863,43.590214,25.723455,53.61409,-27.361973,68.145805,1.1066949
-9.615919,-68.02539,-0.997863,-58.71027,29.675423,-22.177565,10.069561,-87.835236,65.64354,-4.9787216
-5.8493915,-8.697822,38.786488,17.373075,21.057224,-43.657616,-17.416742,-49.461994,-24.26697,-67.01087
-18.441952,13.043675,-15.564287,-24.81523,5.683008,32.293064,48.472168,-13.143819,-0.6197266,-64.511444
-7.8718166,-35.67185,-48.546936,-71.68979,-32.418137,-22.947632,7.8750286,41.136013,-66.2554,47.83269
-32.187767,-37.99029,-3.2939668,-8.055577,13.720774,-59.11337,57.97184,-22.37752,-46.060497,-13.462346
5.548414,42.20251,12.332205,-0.6802812,-0.564181,-32.85233,-22.51077,-1.6033412,1.7822349,-43.37322
-33.026093,-25.032503,-21.607952,1.6697575,-11.639036,-75.11982,45.276894,-28.093199,-42.005817,-32.21001
-49.47403,-30.403465,7.245717,-24.772434,-17.0953,10.421242,27.42947,35.0673,-51.7737,3.3759391
-30.004288,41.086628,-60.238125,-7.621846,-13.978968,29.391594,0.9176679,14.649959,55.55973,-24.886702
28.921745,18.35429,2.3227665,-1.1071444,-30.415934,-52.27028,-28.576471,17.31993,-20.40987,-45.890503
47.824158,25.422808,13.28807,-27.131107,34.815514,-31.135042,-22.67192,23.538752,-42.88817,-81.99293
15.961788,-56.041195,23.24033,-25.841091,19.123096,35.13395,44.826927,-23.606915,56.022865,-16.608433
-65.78271,-18.670862,0.36082923,-33.627735,-9.028348,28.116266,33.339603,1.7772202,30.725792,-49.596573
-10.488228,-77.60231,-21.804329,-41.319923,21.753567,-0.23710626,87.84655,-37.798893,73.79298,42.506958
4.7054777,-11.004298,-50.43833,-72.91372,12.806011,-40.09937,12.219401,-23.949402,-44.953564,20.68379
18.163265,-7.6920676,-61.254375,-88.47031,-46.831375,32.13135,30.642038,-4.7863197,-2.6111557,32.86229
-29.77472,9.248383,-60.985683,-43.910736,-10.315477,30.626099,37.207058,15.264903,56.78941,-82.97301
-20.060478,-4.661045,-17.513784,-37.219837,13.194448,-23.05325,21.66014,12.440423,34.11489,-19.063196
32.509136,23.018665,16.588387,31.539217,18.723518,-31.797129,-42.450016,32.746483,-5.1373634,-78.89974
-42.033737,-50.243576,4.7874184,2.5786157,20.633816,-55.908813,51.942524,-39.41227,-50.349854,-37.609882
-6.541937,-31.740465,-6.654915,-1.369502,30.268904,-54.20618,72.662,-43.46696,-34.360653,-38.265495
-34.38476,-26.156748,-33.609165,-26.668404,8.718674,-4.828057,19.421778,-46.20615,110.363594,14.708187
15.69562,-72.792816,-20.48905,-30.990768,23.248154,8.322488,20.41956,-25.665466,72.68891,10.47765
-30.27854,42.014168,-48.05792,-50.435005,-7.9407525,48.27137,35.612217,11.021188,45.475975,-3.901417
24.92164,19.02016,-88.34652,-43.04212,-31.53198,9.193513,28.75047,0.6525156,-51.043068,19.127562
-33.88395,-13.646573,-80.47669,-9.519744,13.270485,-32.86378,14.653603,-3.986449,20.550428,58.490364
-30.99021,-52.51236,-17.837883,2.8380122,-0.119145416,-33.996593,83.2055,9.378886,18.739744,24.558569
-25.420607,34.936253,-54.160294,-21.248371,4.046025,55.457905,37.52445,-14.982402,32.647087,-29.14636
4.0664587,-14.373734,-11.268293,24.667349,-1.3422588,-38.464813,-19.613014,0.69387984,-1.1645104,-54.534973
-46.52085,17.427538,-53.723244,-22.872416,14.024942,26.14556,47.64033,7.20724,60.05278,-54.56744
-21.351488,-40.54858,-10.88222,-56.698723,2.5702806,-23.750599,16.476141,-7.306285,-28.497448,31.715353
6.0760946,-56.832394,-6.3229656,-23.10986,26.893997,-7.525154,46.46441,-35.116886,60.160942,23.080465
-53.795532,25.141384,-26.904814,-50.128498,31.991869,57.430187,41.8396,0.9050398,49.978226,-58.01796
27.736364,27.80686,18.39389,20.120892,19.745802,-49.661205,-34.336437,37.702915,-20.956701,-46.5848
3.5645208,28.941494,19.656963,11.57439,1.1518891,-25.98742,-43.019676,12.897609,6.667109,-30.96836
-49.625698,30.198862,-40.44547,-33.005486,38.2831,39.37244,53.350616,-7.2880716,30.066795,-40.754314
0.43946695,44.577633,21.291504,0.42976058,-6.8876014,-39.98985,-42.71946,-8.32154,2.5217912,-56.940353
-28.05392,-16.740026,-5.792669,1.8099598,6.7029405,-74.85427,45.36521,-42.234646,-34.57279,-36.01776
-40.99172,-9.38648,5.87422,12.92851,34.75658,-43.5485,45.374146,-58.929893,-28.792027,-28.81042
-46.618126,-24.174778,11.240409,21.94922,39.392933,-39.508488,64.85708,-36.431896,-29.468086,-25.784668
-6.6831717,-73.63658,15.075213,-51.04036,50.974766,-9.699524,22.01634,-29.537182,65.80658,-8.896087
-32.823868,-21.917688,6.043358,-8.350675,2.1258683,-54.33316,56.788002,-60.72193,-10.112895,-36.007122
-25.054169,0.38044134,9.838178,-23.110237,11.5831,-29.536873,-34.04558,-31.254515,-15.852303,-24.978973
-30.311357,-15.872002,-8.591215,-44.43178,26.208569,42.080616,34.89521,-36.486423,42.16326,-81.79366
-41.831654,-54.43135,2.422165,-6.712265,19.581259,-61.033493,8.738277,-5.664694,-18.119232,-37.210434
-43.256115,-36.731384,-6.04543,-7.587792,30.252161,34.46163,62.87009,-10.398017,53.104183,-25.739506
2.8480487,34.50647,-26.498087,11.374493,-0.07464596,31.155499,3.7673259,-15.061298,54.565258,-53.856403
-21.937157,-36.831505,-45.431824,-72.466225,17.072033,-19.062737,1.4167855,-9.412762,-33.9702,-8.683328
-12.749793,-52.63267,-16.745378,-26.031773,39.207146,17.84111,48.59778,-32.525715,82.77004,11.742389
-26.691725,-16.707546,-10.777655,-22.883,-42.442245,-28.148039,10.538306,7.08746,-10.765192,10.324453
29.89734,-11.002181,-36.040016,-60.75965,-32.647068,-14.312506,1.1852984,-24.43155,-57.752384,27.661879
-0.35219422,17.509953,1.975611,14.35505,-1.1984593,-34.07515,-43.011627,23.287716,-25.08222,-39.844894
11.826881,20.805767,29.464958,-15.909507,35.308323,-35.017025,-46.54302,21.524096,-17.844807,-82.15385
-22.560333,-36.379616,8.614559,12.476728,-12.718016,-51.438766,63.97163,-20.034292,-61.386993,-2.3263085
-27.567318,-56.78812,12.474076,-37.367245,40.141083,0.4867543,50.905502,-9.897138,68.69352,32.59957
-37.99432,-42.75032,-23.855324,0.8129815,18.41816,-46.60218,14.036701,-24.752901,-23.416433,-5.1415577
-17.305046,-36.903423,-8.550558,-18.608028,-11.406752,-63.06143,31.900806,-53.180965,-23.500246,-21.510818
-8.237296,-56.89812,-17.78039,-23.481129,3.9622169,-3.0946946,43.117676,-8.968919,73.5351,-36.999676
31.064383,12.640808,29.136677,-16.320196,44.92875,-34.930656,-11.518117,28.458162,-23.585897,-95.174835
-3.4795806,11.350828,2.5046039,10.176563,24.769165,-46.00671,17.335213,-15.046958,-50.03583,-21.057707
5.250844,-6.3858547,-31.138695,30.240528,-28.290333,-38.178345,-3.3708775,-7.324504,6.5127625,-27.668636
-50.02592,-4.91948,1.4276967,0.2204684,1.6414034,39.448387,15.765316,20.197668,60.919193,-55.23102
-38.462067,-29.733612,45.538185,10.941104,27.685501,-47.69264,65.37869,-52.979904,-51.85621,-19.523745
-3.100907,-74.50133,-32.954144,-45.381943,51.929783,-30.843534,21.740324,-25.55554,80.566795,3.5669758
-68.25896,-20.940817,-30.937124,-16.908062,10.862173,10.630408,20.320574,-22.60863,26.825672,60.98911
-6.3988724,-51.890846,-35.397026,13.0201,-22.933146,-62.848392,66.75169,-22.411264,-14.934799,-41.61779
-13.752475,15.4038725,-21.04665,-33.110855,-9.871053,24.729849,59.905586,-4.216909,-16.59316,-69.2258
-32.958794,-5.699688,-10.578317,-45.740513,5.0174985,30.449173,30.260288,-24.298168,45.24298,-67.380684
-89.58062,-11.018701,-22.563885,-28.266062,19.182035,49.48231,36.26834,22.32871,66.16478,-22.800402
22.044003,32.89571,2.2147918,2.0571961,0.543233,-42.517662,-28.643715,-12.445129,-10.21142,-77.60323
-14.567328,-73.51445,-16.965403,-14.2863865,6.8203444,-1.8892272,50.990204,-63.73838,79.8752,1.6951234
-61.483387,5.172567,-14.106152,-37.567947,21.47348,35.036865,47.25337,17.634161,51.33335,-61.860847
-22.880959,-35.138126,-51.30919,-54.153896,-14.297042,17.57092,-19.583752,-4.494319,-51.73674,44.28616
28.565344,-15.908891,40.401047,-24.265955,27.099356,-7.247543,18.89206,10.470339,46.322464,21.082344
14.776863,-61.325603,-10.15214,-24.477304,19.843245,-6.025929,11.411131,-32.415592,65.74902,-15.225429
-11.199212,-52.870705,-24.19703,-24.39868,49.12572,12.764649,66.59781,-37.45584,60.063522,31.569418
-3.1680129,9.977064,10.0082655,20.269447,-33.916092,-72.449196,-37.21501,70.01462,5.135387,-73.798836
26.313019,26.501503,7.5678663,6.905297,-3.483085,-46.85058,-49.109726,2.4584563,1.7860832,-19.494205
-13.152083,-51.629017,-18.482134,-41.851467,19.824188,4.263857,35.24288,-45.226166,64.94499,10.24613
24.591286,-5.2937236,6.837351,24.348969,-3.1728864,-40.66637,-37.534306,-8.045342,7.826124,-87.89728
-18.758501,-39.488594,12.963544,-5.2071843,25.317661,-70.16159,34.360928,-46.998734,-62.926567,-13.905482
12.316601,0.18312564,39.587803,4.8061433,19.013306,-6.6408772,-47.680107,24.965242,-13.078308,-77.024956
-17.846663,13.903217,15.378527,12.099447,7.8076005,9.360727,14.683897,-21.481377,7.21442,-65.72234
22.118431,-7.0874386,53.959293,3.7949405,25.169558,-5.302075,-23.532942,39.069656,4.7055697,-66.71311
-25.012281,18.9795,-27.41259,-13.937801,14.953044,56.204956,35.51889,1.9250859,67.02549,-50.463024
-2.4718392,33.391155,3.119606,42.858063,-9.422655,-4.9917006,-12.668839,15.502787,-22.508871,-21.28712
49.086224,-40.099064,-78.1262,-50.058292,-63.075058,17.597017,9.451353,9.81358,-13.067853,18.724863
-32.58368,-17.561287,12.552737,16.98942,9.547495,-12.509212,40.555595,-45.71639,-26.934725,-54.346676
-16.778425,30.593655,-60.010746,-9.138313,-7.1294355,70.70256,47.73708,-23.644953,42.927177,-56.44775
-47.280582,12.063353,-43.98203,-32.299747,36.066666,44.945805,40.477676,26.63685,25.030231,-54.981747
32.128757,15.172847,-62.527935,-88.72539,-17.92466,27.41733,52.70951,2.959347,-74.60479,36.07654
14.617046,11.919844,33.36473,-5.4377,33.721226,-35.68311,-42.13963,-4.472616,-28.482008,-53.873245
-57.848953,4.1811457,-54.372234,-69.16925,-11.593371,-1.656386,-25.587437,12.910652,-49.720898,-27.25785
2.8000085,40.51237,23.338074,-7.06287,10.620014,-31.450172,-30.677315,5.1162615,-18.379519,-92.75198
-9.486709,6.120482,23.938606,-3.4306197,25.99968,-65.40335,-57.732777,3.2696111,-6.4622536,-62.469738
-9.082535,-80.06218,29.008598,-62.981663,28.879765,8.773614,62.390285,-59.400402,40.305862,17.50421
-52.336033,-8.011848,22.936806,19.161829,30.495087,-41.792583,67.90011,-28.81776,-21.268505,-0.44215
15.502946,17.438204,44.865044,8.651772,-18.140543,-55.214474,-5.0029,-28.896013,-6.738163,-59.06841
45.31193,20.146135,8.397821,-11.503453,47.685158,-31.45928,-19.407654,28.01773,-28.087494,-87.58922
-28.530426,-21.102055,7.883771,-9.163096,16.879795,-50.469097,66.52154,-27.971842,-53.51864,3.3700864
35.50498,-26.063816,34.798378,-27.46483,35.161827,1.4271866,16.959816,17.296936,49.218292,31.75271
-7.057874,-37.24275,-67.01658,-49.5573,-16.64634,12.039354,-11.262308,-43.69212,-47.041958,39.63267
0.1550706,-25.76807,-9.587486,-31.931187,31.630438,9.231654,48.545734,-37.959587,24.900507,47.20795
-45.182777,-51.131504,-22.995028,-56.860382,-9.846092,-51.29718,-18.98478,22.531345,-40.4402,14.695984
-39.644314,-17.425158,-26.736465,-70.25633,-20.14546,36.347294,-10.2205515,-13.442285,-75.05857,31.0482
-11.235583,-51.858227,20.529377,-15.938643,-30.411442,-70.797005,66.712715,-23.513744,-44.77329,-34.660732
-6.5508547,2.1014745,22.820679,2.1691074,-15.262417,-55.668095,-13.739563,43.776146,-32.49938,-81.21213
-25.439943,-35.124523,-6.9460225,4.4281383,14.975572,-49.245003,55.415775,-31.00037,-34.51092,-37.285255
-22.850727,-63.08641,-7.7650285,-10.387331,43.027683,4.826252,65.93977,13.530152,66.88444,6.703868
-54.979008,-27.594124,7.4064198,-0.7515582,-11.584411,1.3074945,59.524925,-17.386238,-18.987274,3.2284238
22.182108,10.261361,16.176483,5.496693,14.504442,-73.290855,-29.762981,38.6059,-23.687843,-82.8857
-21.809187,-58.58679,35.55279,19.081703,-37.216087,-50.696804,45.42883,-39.16706,-21.624693,4.722006
-15.78516,-57.959198,-21.449558,-10.204351,15.081249,8.719899,37.576153,-2.1902542,48.629055,16.983257
-8.408191,-28.335924,10.24573,-4.0627985,46.572056,-51.804707,44.699867,-59.570675,-43.82054,-23.431248
51.839405,-4.8230495,7.7081814,-12.376854,20.074501,-39.279438,-39.01319,11.674748,-1.0393966,-48.666134
-43.030945,-13.763605,-8.200868,2.3281574,18.589973,-29.128744,37.320713,-58.749687,-38.82392,-18.857727
-21.621614,-37.698383,1.7266245,17.01141,-19.561457,-68.96194,65.8572,-14.598126,-24.913519,-22.944384
28.923023,-8.828575,32.69043,0.42991817,30.684408,-24.127478,10.313742,28.978294,19.592726,-9.563609
2.3897707,-32.12728,-55.21745,-28.697361,-2.005788,-0.29595762,28.87407,-3.0891929,-4.5481544,63.433323
-2.4754267,22.016811,9.343949,-23.902958,-35.81966,-45.493073,-16.681116,-25.421083,-32.292328,-123.14872
4.847444,-40.339085,-35.420197,-27.950083,38.674946,30.03692,21.425846,-19.094288,76.4239,-14.00439
10.565776,11.89952,-31.284819,36.031868,-22.343695,-34.736233,12.740255,-6.643203,3.4209259,-35.031937
-2.4749796,-58.109985,-52.637325,-67.26049,-3.1224294,-6.83483,11.777099,9.169475,-21.98303,43.801098
-33.885464,-52.814198,-68.319275,-73.72327,-7.618408,10.023013,-22.586153,-13.051745,-37.956806,2.4025524
-70.29755,-41.86037,-24.674063,15.092039,-28.978407,-34.884487,51.100956,-29.157434,-6.03081,-43.889046
-30.013697,20.005651,-63.78181,-21.27586,4.891624,59.50816,27.18076,-17.400068,32.392017,-42.43203
-31.86361,-21.165337,-43.14955,-63.30356,-18.168743,10.228489,15.6201725,-0.49567598,-35.824726,13.726407
22.55769,-2.0147064,20.171024,18.905907,42.73428,-37.098854,-18.545893,23.66669,-2.1978002,-93.99766
-5.8200817,-32.07475,-25.601465,-55.7076,-5.0044656,9.212732,1.1250728,40.25756,-80.165474,19.15817
32.556564,6.365621,-3.7692022,-3.293264,2.6095936,-11.969983,-37.017784,29.635132,-17.81995,-63.447544
-44.08937,37.083145,-37.54827,-45.7525,6.4484587,69.18198,39.45938,-7.828831,28.209139,-41.589367
-18.159145,-48.50178,-66.567,-64.7113,-0.52944887,19.763966,-3.336024,-19.471046,-20.25566,6.473069
-9.793636,-26.736256,-1.6537627,-32.76392,-17.568346,-63.16908,17.619734,13.5919485,-8.575232,35.17757
-28.906654,-30.676765,-35.927574,-58.814587,-36.76874,12.689519,21.548754,7.1500764,-15.108836,0.65604734
21.92646,-68.46814,-11.422793,-55.62287,47.83069,16.438963,-0.8466062,2.2540104,75.71599,34.243652
-3.0266337,17.319613,40.730762,2.7845316,0.30734938,-62.106285,-49.14592,7.7476616,9.580542,-57.615593
5.301071,-9.433013,-47.252213,-83.599915,21.337349,6.7414465,11.225849,11.674379,-61.381256,28.286753
-42.098038,-82.46552,1.9694328,-45.40743,36.13315,-10.539481,35.178394,-22.001118,33.05475,1.2283328
10.792104,24.99547,9.0645895,-4.815973,-6.010977,-27.555973,-44.74877,17.36802,-2.348781,-29.692984
-38.175964,-17.718554,-39.054375,-33.276455,-26.826916,31.056602,43.382626,-16.618385,-5.03612,-6.7551355
-25.703306,-10.1115675,22.956856,34.561,19.025259,-45.762054,67.50064,-41.276634,16.859062,-6.697438
-46.042065,-52.528072,-40.587162,-9.636702,13.164195,-7.301786,17.647549,-13.441212,64.96093,55.0622
-4.99956,3.5102022,-70.617455,-101.2548,-35.58341,1.8062633,-12.583024,-5.2693324,-43.771397,1.5856059
-2.2145548,-45.193905,-49.162624,-35.14709,-46.015472,40.043316,10.445577,-16.125843,-22.757229,49.576954
-38.643257,-14.622564,-59.796787,-53.114906,-10.535758,16.094543,-20.58533,13.776913,-31.419592,-10.850438
-43.28656,-57.24294,-4.052198,-33.42264,0.14856052,-46.256447,13.21805,-15.55256,-20.325964,13.296717
-51.317265,-19.865078,-64.17703,-37.08219,0.3227885,-13.849645,-30.644003,-21.823599,-36.68377,16.477407
9.97977,16.453978,-69.389656,-93.568954,-19.007113,-21.394817,21.82447,-23.13939,-26.611105,31.268133
-16.004662,-39.643394,-38.17642,-30.264694,16.550108,0.96803963,44.08104,5.355727,61.882717,-36.21686
18.186014,-75.738625,28.635609,-71.000885,20.60812,28.870337,47.84821,-67.65448,46.5158,-10.794911
-41.58792,-29.60946,-30.383362,-25.513672,-1.0326265,63.404842,17.688393,22.79847,-23.86539,-21.283998
-52.803635,-9.6662655,-25.973999,-14.292686,-1.2819235,59.602554,23.889868,23.707752,62.51041,-59.031387
3.6085346,-10.494403,-68.430466,-63.433025,-17.555449,-12.451327,7.916729,78.412445,-54.511223,25.170834
-0.6779271,-13.279006,-40.867474,-82.92557,7.4190855,12.9639435,3.9137583,-28.37542,-68.24157,23.297483
-29.805382,-73.97942,-19.144577,-69.95998,62.817955,-38.981064,-6.4607153,-33.119217,65.55483,-12.856052
12.837778,24.02442,-5.470179,17.12944,-21.737944,-30.95629,-44.86218,32.9979,-7.879284,-32.765957
-34.49892,59.273888,-54.148834,-25.358116,-9.318194,59.632523,47.640675,11.638908,24.109634,-3.210031
0.8302079,-50.05188,-13.192542,-53.421227,9.562447,-9.896339,55.08726,-47.054173,86.32926,29.16727
4.9646606,11.694556,21.26292,-8.542213,13.096888,-53.452957,-50.241016,-24.678495,2.3869073,-76.98866
-11.885493,-17.289845,8.610089,4.374694,44.476234,-54.511654,44.22323,-74.73934,-19.93412,-38.070007
-30.096552,-10.897104,-47.881786,-51.292465,-26.092152,51.053806,2.5463614,26.71083,-19.06311,9.3836565
36.18991,38.41285,6.305169,9.804421,-21.714197,-36.24317,-13.288389,13.653241,-7.932726,-57.11397
19.75193,32.438633,16.919544,-10.392959,38.909103,-66.13067,-20.931755,53.301308,-42.363907,-83.629425
-52.867096,-36.83891,13.295877,-10.646637,-10.035538,-56.895428,77.99273,3.0278468,-36.824425,-17.931786
-66.43516,22.366074,-39.4023,-15.574803,12.838786,52.193718,47.745644,-1.1383842,48.715263,-34.624306
-48.33985,-57.389206,22.544197,-1.0510842,-7.7347865,-54.569633,51.083725,-3.2589974,-48.87599,-6.109897
-53.89127,-31.015318,-13.816114,-2.740697,7.4301343,30.153204,45.713825,17.62019,-10.448928,-27.247707
2.1713758,-55.750923,7.6085787,-41.60463,24.63248,1.8327106,34.657616,-48.030098,32.09404,8.131424
13.585904,4.8766246,27.643295,0.11815417,12.903006,-61.863483,-12.3579035,2.0588758,1.1134226,-92.76601
-52.031837,-7.0737305,-28.13598,-16.212917,-19.613203,26.405684,51.024525,-25.7284,28.311932,-11.382667
18.191076,31.293077,-24.905493,9.418584,-16.505915,37.099586,-4.213452,-26.390034,39.821693,-57.996082
-40.811092,-4.7509465,-44.888874,-14.277391,3.7217052,35.180984,40.708878,-34.0692,70.58154,-1.6006911
-42.00313,-70.5333,-6.348916,-49.592144,62.545433,-4.9444847,47.85496,-15.06211,35.28488,7.687256
-8.0273,21.360435,-14.452804,-45.70321,5.071579,-36.425602,0.09652424,33.815624,12.78334,-56.079494
-17.1803,-63.249012,-8.452661,-22.779453,47.27251,7.0603333,58.460686,-33.307457,43.70734,-7.71828
-41.16371,40.62006,-64.557976,-36.265884,2.9321105,44.041637,23.496416,29.72551,62.969276,-47.10495
-17.348803,-20.815353,-57.68286,-33.20454,1.1342831,12.405427,3.8913383,2.439141,-56.528194,15.978243
4.230694,-40.851856,23.591755,-37.870914,18.398914,8.717675,25.758368,-9.521512,66.21404,28.767473
24.435343,-25.715689,46.342216,12.77467,1.5686841,-40.90619,-14.337801,38.576958,8.439014,-61.33346
16.710592,24.298014,29.510319,-8.993681,-0.98591614,-65.95243,-3.2684534,25.165628,7.397978,-55.82947
-26.15734,-43.913593,-48.33402,-32.345848,37.229504,6.950742,68.52361,-18.13879,46.515,42.543324
-41.266148,-10.096572,-7.3324466,-59.879124,9.878864,32.28881,56.681137,-29.984018,11.823995,-28.946291
-56.054707,-2.4206798,-22.44415,-33.93855,4.890576,51.50644,32.618618,19.065187,43.757362,-65.91867
