-13.08372,-63.734222,-0.2607217,-9.526986,17.011028,13.826192,47.052597,-39.578007,84.45788,-1.0581168
-22.692284,-33.575684,-30.567001,-34.31557,46.038536,19.670303,40.06067,-2.5488863,65.9631,5.9971523
-32.206158,-70.3686,-20.224754,-16.66165,79.61092,-5.8954782,34.155087,-12.368796,76.45942,5.4782834
-17.172102,-70.65015,13.612665,-25.914259,50.79562,-10.919331,42.36507,-13.780205,57.102856,13.160704
-11.0971775,-25.973671,-15.447079,10.838866,-15.345668,-53.783783,54.906677,-5.6103716,-41.798565,0.7503089
-26.386404,40.473366,-42.355965,-38.280697,11.734753,34.727047,51.14246,-14.486655,48.98107,-48.866737
4.4826703,-25.093805,-34.286102,7.3974657,7.2539372,-42.565456,68.1704,-42.220257,-39.417515,-61.35078
7.0851245,31.621021,49.421535,-9.892867,-10.535518,-55.432533,-42.58048,-17.35499,-0.32973263,-51.22116
39.462204,11.739568,-2.3218684,-8.40096,-16.331936,-34.822914,-50.057297,5.1250677,-34.225677,-31.99097
-54.769165,-6.4336324,7.2800703,0.7407594,22.71816,-43.637676,73.44758,-10.53485,-21.928335,-32.78914
27.80958,-57.86692,-8.57485,-36.631725,40.85922,11.169235,45.281258,-26.452696,63.73853,14.6849575
-6.205129,-31.597683,-25.247328,-81.71223,-39.706,-17.661995,-7.1740465,5.4383802,-76.10412,19.364944
-21.105371,-26.616377,-38.120975,-23.55036,45.500343,14.838009,44.303337,6.7495866,43.87986,-17.127298
17.919704,30.934624,-11.354334,29.068325,-21.681778,-22.423304,-46.664955,27.552294,-14.853951,-14.808997
-33.178513,-7.133213,-21.13319,-48.09936,32.726738,40.875557,30.39896,-7.7977705,55.367855,-64.168625
7.83402,26.642654,4.4985714,-19.13201,-20.948853,-57.006237,-44.053814,-36.506096,-25.625317,-117.0861
-13.179122,-11.060687,-18.543226,-7.892305,27.710886,-22.503683,41.336437,41.195644,-45.39349,-71.7104
-40.18582,20.935507,-39.222713,-43.522076,15.249082,42.33473,32.31746,35.819324,68.34626,-62.016064
-47.34344,-76.56708,7.020956,-50.7002,35.00376,-4.69323,56.506474,-55.499924,60.56488,16.380543
-49.99615,-10.202954,-20.475273,-42.061985,6.9970913,22.699123,42.444798,-11.782431,27.126759,-12.606904
-0.7079303,-55.616875,-0.4950057,-8.622831,62.991478,17.487097,52.602432,-23.10512,71.90782,30.370396
31.94967,21.565294,2.0240853,-6.759362,7.189857,-41.770298,-42.507835,-15.601979,-8.565285,-54.657486
-26.11529,-54.729885,-6.818394,-12.192425,45.682194,9.416116,41.956818,-17.50812,57.747623,0.02488935
-31.587824,-29.598053,-29.980093,-79.08982,1.0196675,-2.7469773,-3.0663106,-1.4196992,-47.221863,-14.542286
32.953213,18.652605,-7.8910813,-28.714354,-16.215195,-17.343596,-49.438595,10.062567,-20.168968,-52.798893
7.8934045,2.9023607,10.985607,4.1876287,-58.058033,-48.343937,-22.901543,51.91016,15.132921,-52.461407
20.63444,0.3901085,24.72751,16.066612,12.647795,-66.17763,-32.545055,-5.472406,7.8143315,-55.22685
-11.806108,-29.33129,-3.4397092,14.8401,16.234562,-37.128765,29.748383,-23.044184,-40.286957,-33.56034
30.758032,6.954074,1.1428323,-0.16929701,11.6951475,-25.076105,-40.092735,29.357008,-31.197977,-60.536327
4.190184,11.724953,31.954096,19.013535,-17.191069,-74.54735,-11.537686,22.316568,5.8638787,-64.4881
-32.984146,64.80291,-43.145073,-49.651764,-8.308995,42.64628,26.739588,-0.8825229,61.17444,-17.10139
-29.369118,-13.627109,-37.749897,5.2422614,7.7958803,15.939159,60.34729,21.491169,34.92252,-25.812809
-29.374884,5.64108,-25.145233,-43.63877,-40.015194,10.9436655,21.604588,25.465336,45.6306,-79.66184
11.770972,-44.697815,-1.5270429,-41.072083,41.727192,-9.332656,27.067072,-16.399996,58.559193,17.89561
7.5589404,24.387348,23.851654,-25.2105,6.052387,-39.880997,-36.47574,31.132105,-28.016108,-80.357056
-52.166454,24.731722,-52.21264,-37.510715,-3.5580144,60.950287,23.163332,40.132614,48.3144,-56.135937
2.0034456,-30.610815,-61.115707,-33.73636,-21.373663,-35.04073,14.196045,73.4158,-65.41929,41.98015
4.285006,-62.006386,-9.054872,-20.280348,67.25536,30.443647,34.79114,-12.303963,78.962906,19.056091
-10.028793,-70.813416,-23.612394,-22.000492,15.826483,11.625208,54.55174,-35.61316,68.02825,13.338215
17.787271,13.558803,3.9733355,-16.198292,-5.3131294,-52.931,-36.051815,-10.444641,-15.032227,-103.5606
36.7211,-0.76035655,11.541336,-5.385541,6.4621553,-53.06066,-0.20742133,-7.4579983,24.831844,-68.288536
-35.08652,-87.169464,-15.191836,-30.351757,22.31336,-30.623869,52.89209,-29.010717,65.91865,16.41477
-22.357615,-77.88308,3.8006756,-29.51482,25.628147,2.995579,50.138676,-38.325836,33.5403,-0.626366
-30.063171,4.0955195,-9.830098,-17.12746,-21.311083,50.580826,5.6086807,-5.658943,60.878708,-45.96785
29.390062,41.932438,8.522456,-14.047541,-0.7105725,-38.191784,-37.891396,-4.309378,-6.046828,-49.539604
-10.116533,-30.755829,5.325597,0.83519506,11.820468,-70.267746,50.808365,-38.325405,-30.042845,-4.762259
-3.1696684,-20.987118,8.175549,-11.595597,-15.088009,-49.53064,24.519901,-47.322,-38.183987,-20.293655
-6.2012835,-62.82058,-17.542734,-17.072756,6.296106,10.070795,55.068787,-25.828522,45.3012,28.523674
-22.962055,-5.6025596,-18.81146,-8.017673,10.775679,1.4495895,57.666275,15.034945,-9.924507,-54.867924
-44.919582,-81.26484,-12.627409,-41.103966,25.730757,-38.693592,39.940483,-29.732698,61.14508,15.930008
21.236916,-16.012959,11.883727,-12.951113,37.13403,-6.2411323,47.265404,15.501005,41.80973,16.832598
-5.7963915,3.514962,-13.518542,-29.669008,13.020451,35.52723,34.408752,10.604659,64.86993,-85.33485
-46.854214,38.906433,-49.969353,-30.276651,12.635264,40.7666,22.403889,-24.779345,41.91646,-38.202595
-27.858028,-10.322419,-45.47466,-39.645363,-21.811136,45.646976,46.641216,-31.806854,6.3591175,-33.475113
2.3755646,-16.387268,-21.713219,-68.74221,-10.47769,43.87679,21.27197,-33.392124,-71.98984,59.858887
-63.452206,-59.070404,32.790485,3.67661,-27.370739,-44.80361,36.233765,-38.00413,-40.957417,-7.1335373
-22.93226,-46.38544,-16.947233,-7.8562236,24.109652,-24.860004,29.01853,-11.628119,82.45773,-11.513365
1.7916213,13.692372,-94.47408,-71.43194,-11.112522,-16.019749,28.365755,-47.68488,-11.968194,18.523735
-34.330208,3.1611702,-33.569756,-28.705057,1.5440155,75.816734,41.948288,-8.313876,44.185966,-37.335407
-26.641426,-30.503988,-47.687557,-36.08432,-15.90128,7.157878,50.054386,-8.549816,19.841345,-17.457527
14.601339,-3.41783,-51.11296,-77.339,-2.7469494,-1.916186,20.251545,-31.436615,-57.65963,-7.68464
-28.599085,-13.9590435,-3.8866808,31.328209,6.618116,-56.368614,56.10216,-21.232386,-34.47195,-7.4509773
-29.181469,-40.090008,1.6450868,-37.35994,-28.826605,-21.296074,-56.312435,11.491259,-0.29154643,15.842297
-32.195347,-56.28547,-5.005184,-26.119032,-8.097381,-47.086918,31.460123,-3.2023497,-45.58409,19.059996
-21.297035,-63.423454,-19.247477,-14.583288,29.670706,-62.62536,43.01053,1.5098152,-31.054832,-36.448242
-20.415192,-10.732984,-35.86571,-18.346788,25.797514,69.670425,31.789106,4.1325717,16.564283,-68.54041
-14.741929,-51.475254,-22.239473,-20.788511,15.611974,3.256828,37.018173,-34.276726,82.60669,-17.987013
-25.980516,-34.035572,2.779673,-24.949856,-14.613468,-60.422546,18.429707,25.713058,-26.701395,44.349167
12.172278,4.7677736,7.6072216,-29.189741,21.037308,-60.955288,-37.078285,65.105644,-0.8052952,-82.6425
-17.800556,-66.08984,-11.534439,-47.056297,11.074071,-17.24975,21.953142,-28.289139,68.88362,33.781303
39.92744,6.312423,2.5067625,3.1750464,-0.8817221,-35.19065,-53.04607,26.150484,-3.339698,-25.301933
-14.195552,-16.545935,-36.202496,-26.892954,35.86042,24.12499,12.800223,-38.389053,67.12943,1.548942
-19.311,-30.995716,5.2216644,-2.3747566,0.5615045,-63.355892,52.639988,-59.355015,-35.614674,-22.566969
-0.4361957,29.000969,27.515083,-22.830566,18.683931,-2.6111093,12.418159,-2.175366,-16.795208,-75.729866
-1.7753417,34.768314,31.149387,-30.417965,-1.3737183,-26.955633,-31.805029,-1.2623703,-12.214532,-99.46807
20.758394,31.072346,19.22045,-20.433817,34.941006,-53.043125,-44.54125,32.50872,-48.366306,-84.658966
14.88121,7.6675434,1.0676193,16.200493,-29.012577,-32.395283,-40.8736,13.762081,0.9759145,-15.880217
8.554702,-42.943336,-9.562983,-20.890387,26.80625,-6.9769254,31.616394,-34.688053,77.430725,12.672105
-57.492844,-71.96016,12.258728,-47.65323,6.3479266,-54.85047,-24.57536,15.563338,0.60172486,13.958858
-41.55472,56.112206,-54.83816,-39.492756,-8.926354,38.00381,42.46147,-1.5252066,66.2391,-21.414148
5.5971212,-69.46459,-10.0514555,-60.983246,16.901546,-5.068449,45.553314,-41.617073,62.589424,-2.6495574
-23.680227,42.812706,-46.38844,-35.003517,4.2942624,70.51704,38.930496,-2.8072088,14.012968,-50.126762
-21.197334,-43.051517,-8.605063,-4.4329305,35.98706,-58.75285,30.077616,-4.6923413,-39.96051,-19.5315
29.42585,-57.663403,-3.3738744,-15.632277,38.44945,26.973417,39.086018,-37.931534,65.42306,16.494461
-50.094112,-19.748886,-15.201546,-30.796192,0.018223614,31.844112,32.200794,12.871108,49.833946,-70.55144
-9.30876,-32.295605,12.038905,-19.583157,29.377483,-44.928814,64.674774,-53.52783,-20.388865,-27.035936
-55.455246,-22.760265,-12.066478,25.635712,-26.09239,-24.6156,39.650555,-32.516018,-18.149988,-22.240273
35.613342,23.042265,-25.570566,12.486231,-20.708872,-4.1708355,19.878975,-44.568237,-0.41561708,-57.928234
-41.32886,-47.43541,-25.439896,-61.195396,-33.240547,-34.418312,-15.435102,32.98313,0.45827916,25.164352
6.8306274,-55.12504,-30.58806,-24.493708,-52.836582,-13.394498,-12.171445,2.466847,-40.696716,62.386356
-23.303246,-8.677941,10.600287,25.190926,35.61108,-25.51946,47.896343,-52.006523,-19.738077,-51.628365
-51.43991,-50.073654,4.018407,-7.9470286,27.589005,-65.03732,13.99507,14.218729,-50.878647,-12.512695
-16.183578,-13.750717,-73.61865,-43.87566,11.53689,-4.514234,-9.135651,-29.520142,-43.457615,41.296074
67.58138,10.915774,22.221697,-54.105328,8.410465,-4.570277,-34.938534,30.472836,-21.05927,-73.79572
-0.95556194,-59.253433,17.729788,-15.561323,9.423725,-32.653934,18.509033,17.860132,31.888987,-11.28883
-47.278027,-18.726734,-19.61838,-3.2902288,17.217422,29.809036,55.073505,-19.139011,6.828162,-45.87853
-4.346218,2.4919794,-17.993544,-40.04865,-15.147707,-62.53888,26.685087,26.77,-14.001457,48.825504
4.6413116,-56.820244,13.561518,-28.44085,40.29708,11.596075,31.58327,-25.201242,55.848885,29.912167
-49.226406,8.350739,-28.512554,-5.7313604,-12.0749445,35.325024,18.511148,21.838614,38.472267,-24.349472
4.7188897,-31.103506,16.26092,-27.454277,11.246559,-86.41752,48.71654,10.705772,-44.59811,21.283432
36.84853,28.131607,5.584298,-11.391608,-4.6637897,-55.83189,-38.724457,-33.528454,-9.871524,-70.21237
-2.5358458,-66.25149,-10.576571,-30.687078,40.359394,4.59546,38.475002,-52.542416,99.1373,13.860167
-31.813164,22.357933,-65.83404,-45.774555,-13.54942,33.055172,38.750946,20.247772,67.360794,-65.12135
-16.278051,-21.798506,8.842825,-18.709904,-26.012955,-59.131443,25.424543,-65.9792,-17.18339,-9.637373
12.983815,-62.68484,15.90326,-8.845711,53.08353,10.440398,30.939352,6.049964,67.256836,48.966633
-25.749418,-12.350754,-26.348715,-17.54961,28.163847,65.97461,28.376842,19.277117,21.423203,-70.71449
-24.091215,-64.47835,-10.32666,-6.869595,18.039146,-15.713349,77.2547,-20.727264,49.342384,31.581745
-40.395092,-34.351967,36.959877,-1.3191429,9.788872,-55.45481,46.100704,-66.17071,-49.149445,-27.041317
-3.1207418,-11.645699,-25.904041,-70.863495,-5.137703,21.367033,16.894716,-32.720097,-48.2324,11.511093
-27.568913,-57.92492,1.7621932,13.049816,-32.03933,-62.535065,53.85279,-12.807626,-12.231884,-21.835901
-24.488739,-47.932243,-4.746944,-31.235733,33.75017,-0.8796815,37.733067,-35.24606,56.34001,1.5108684
32.09851,15.458949,45.640823,10.41123,28.41271,5.788213,-18.576426,-15.523935,-19.260881,-88.00554
-26.04034,5.1203947,12.900587,10.321332,-30.313244,-20.575964,24.122746,-15.156946,-46.405033,-4.620866
-9.5458,-23.29693,0.66559625,8.793466,25.759348,-70.99775,69.3782,-55.1462,-25.04819,-78.067924
-32.87753,-24.331295,-0.82846355,15.5015,14.285269,-44.635315,60.635048,-56.6764,-36.055904,-37.074192
1.9768978,-60.310524,-10.031059,-30.171024,32.995197,-0.47126567,62.571247,-28.897787,73.72474,28.888874
-10.338372,-62.25387,1.4396718,-38.61687,45.07398,14.180399,60.914047,-44.416813,71.53485,19.659111
-38.359646,-44.783253,34.856075,-16.918535,9.322177,-67.20537,51.323025,-23.50329,-25.20771,-18.626606
-31.367514,20.104666,-65.01905,-52.505665,-5.1693816,8.550087,16.122261,7.1750116,10.879312,-39.09623
-29.358404,-32.479935,4.0747766,-11.924089,27.820253,17.176998,62.725193,-24.04748,40.544693,-7.283072
5.1318607,-39.230618,1.0768044,-27.065859,27.06572,-1.8988708,44.248676,-49.58506,25.971392,37.198174
-0.40192175,13.007904,-6.181958,-4.7790704,-43.535614,-50.850628,-44.322594,-10.419401,41.238743,-66.338264
-56.295673,43.78111,-24.695704,-47.53566,-6.2527027,50.138615,33.090366,16.007637,58.664734,-30.747904
6.7423506,11.082707,31.41685,5.8970094,-14.453039,-46.575665,-3.9691782,-45.929504,-31.727844,-26.390747
-34.568207,-38.187897,-16.138184,-31.11797,-32.288383,24.204563,29.331945,-21.461262,10.911731,-17.628662
3.3851547,-13.630667,10.548399,1.2257485,27.998568,-45.058937,2.414804,-34.304466,-9.2837,-31.068752
19.73702,-48.58856,-2.9554234,-29.490269,49.62338,13.898676,24.451818,-19.863358,65.22989,32.114716
14.484615,-12.416465,6.3560123,-9.399953,28.185453,-34.622787,4.5567684,-32.719357,36.59414,-33.342117
-18.981192,-40.854843,-75.42388,-63.875633,-16.166336,0.27842498,-38.188522,-10.491779,-27.92537,-12.05721
12.458741,-60.27141,-19.328213,-6.1861134,31.032867,-5.4958572,62.926678,-38.35097,73.0011,17.142624
3.4994893,-21.371721,8.811864,-1.8778934,5.355823,-62.529137,66.43341,-54.720016,-25.124405,-37.069145
-28.562359,-12.534705,5.425152,3.0171404,-28.082987,-38.800705,46.498726,-29.528307,-76.54697,-12.665034
40.297405,21.073286,43.714348,7.9767265,20.964571,10.079864,-23.527313,-6.440887,-17.383543,-82.0071
12.021322,-33.705845,-43.955425,-42.1786,11.977593,-2.6487207,5.8067026,-28.676111,-37.257973,31.54985
-12.006646,-52.48844,-28.820103,-7.788015,-18.084356,3.5573323,-0.47743544,-13.701892,-29.066532,68.98092
-25.986118,-61.31776,30.624437,-42.252216,73.653786,6.1692905,36.921326,-32.702557,58.469635,6.9910245
1.5044235,-14.078166,-44.603188,-52.540447,-42.68929,21.428055,21.512741,-27.07769,-47.02507,44.15934
-5.722489,-27.569223,-29.987314,-24.240767,58.075863,20.710766,46.534515,20.567791,51.91996,-9.3045845
-50.20725,-44.816956,-28.875546,-48.87462,-15.461284,-15.012261,-10.744019,10.136925,-37.719807,34.460587
-29.34568,21.336416,-21.729385,-15.034768,5.167359,40.13182,47.3933,5.684996,53.662853,-55.10179
-10.708148,-9.565271,18.292274,1.8529882,-1.9186466,-75.814415,-28.507648,34.185295,-8.03414,-86.78207
6.774933,18.637709,22.422977,9.011941,-1.0465934,49.2791,-12.607382,-40.790226,37.564262,-43.26645
-58.919956,-71.99393,-32.94418,-21.321161,70.85679,-29.139023,28.05566,-6.3834834,67.068756,-20.852013
2.585137,19.111496,-39.231735,1.0762792,-8.778229,64.4789,29.665941,-36.502323,30.670464,-35.354992
-55.39572,20.04016,-51.602657,-35.352154,24.530468,68.06344,36.944233,-19.8061,46.59354,-34.25674
-40.992275,0.8225368,-18.711145,-14.4660635,-9.888333,54.24881,37.764545,29.160738,45.82229,-63.148357
3.1247282,-3.1166072,-34.655792,23.337074,9.549108,-46.168346,79.38972,-58.863407,-34.049515,-47.808376
-25.90187,-46.58455,-10.45093,-46.612396,61.481495,63.91786,16.653524,-8.882355,76.74799,4.916902
-6.9454513,-70.21692,7.3264055,-34.886856,47.66566,-16.49947,22.818176,-7.819473,70.78433,1.9081601
-48.968876,-16.119955,-29.6527,-36.506565,34.444992,16.300392,51.37635,37.15637,45.69045,-10.654711
-49.694763,2.716142,-26.755377,-18.137896,11.05227,35.64804,48.52464,-11.649748,13.462018,-53.485268
-5.2664824,-20.354706,1.7278428,-24.447836,4.1191125,-23.13624,19.755003,-32.70661,-48.207516,51.660416
-36.05546,-9.808474,17.399006,-38.67844,-20.678072,5.6976213,33.48514,-24.64752,7.5494466,-57.36077
-43.185623,-30.831993,10.358453,-4.7037077,-14.500573,-49.579964,73.70251,-9.731014,-33.646416,-24.087353
-1.1294297,-2.070174,-63.711086,-52.878365,-5.9324293,14.815458,-14.474702,40.942867,-46.182804,32.49964
9.322693,32.168213,34.67999,-5.719157,26.191753,-77.53617,0.8886622,36.638206,-21.227964,-82.99838
9.048583,-58.241165,-22.96419,-4.9855294,47.78609,18.108923,46.453495,-36.11581,82.523834,26.925972
-19.373411,-43.793385,-27.347452,-22.542164,16.644297,-18.511154,21.237972,-3.773695,-28.085617,38.52304
-33.77167,-42.561535,-10.528885,17.993076,-0.026929697,-44.361786,64.14618,-21.336554,-26.422937,-25.838646
17.413086,14.858977,31.167707,23.049088,-32.472237,-77.85622,-22.290627,7.6720743,4.5479693,-68.878456
-26.781979,-28.806074,-5.6489825,5.9885316,28.900362,-52.864285,12.5714245,-57.490116,-8.131184,-30.904675
-59.288918,23.709671,-22.774542,-53.092823,-6.6704545,30.399937,53.46933,11.01823,22.426874,-39.347065
-34.357018,-35.58438,-4.0144296,-28.305359,-18.75474,-86.87835,70.338425,3.394415,-49.761257,-5.295397
32.394497,14.442441,-46.872173,-97.565704,0.268165,14.180502,75.76312,-8.604016,-78.750725,49.13842
-16.451422,-20.80217,-42.03716,-11.931841,12.541732,26.615953,56.342934,5.282562,50.08971,-8.058329
25.208277,1.1284276,40.12462,25.041847,-20.405043,-65.62704,-16.430525,23.673975,2.4251528,-66.52225
-22.863827,-12.499942,-11.480506,3.6808147,-15.540318,-53.011715,61.179455,-6.4084363,-35.77234,-20.018633
-35.416042,-38.425247,-34.087906,-62.40773,-61.064808,-47.00104,13.50164,32.106636,-29.11725,45.80492
-28.656881,27.31081,-37.21148,-42.588715,8.126304,68.38136,47.92452,-22.571165,18.636608,-40.17525
6.5695534,7.9298286,46.122807,5.9612374,-16.4883,-59.034473,-7.391651,21.935497,-20.197746,-73.92797
-28.57329,5.3636365,-44.743137,-37.524857,-1.8289473,44.028027,35.97958,16.620075,37.077496,-35.645863
-32.58471,-37.230278,-43.39216,-75.6723,4.9746165,-8.216452,-1.1334678,-8.64365,-12.78825,7.379623
-23.077797,-35.895466,2.5888917,6.3869944,-20.544016,-46.85712,58.60077,-25.615788,-6.1348324,-22.028265
5.0191603,-11.508379,35.025585,-21.02045,11.91177,-37.90325,7.3786683,-28.31422,-48.69941,-35.865177
16.155733,-3.989634,3.7872837,15.03922,-3.4607491,-21.315435,-59.158184,36.989914,-11.093547,-22.415632
0.24087632,-64.055046,10.380079,-45.981678,21.043898,-8.953947,45.350864,-44.952396,56.513645,5.077787
18.406656,-61.761375,-13.771946,-40.62794,24.681387,15.5893955,56.549767,-31.044348,66.0434,19.738873
-39.77884,-48.750427,23.708996,-10.247596,10.200281,-42.335175,49.29603,-41.745525,-38.599457,-17.883741
24.939913,-57.24616,-4.8795433,-17.21705,38.602665,17.638414,50.35269,2.533196,92.5976,41.180485
14.352161,10.212435,2.6078606,2.6328783,13.057963,-40.61616,-41.29079,0.69893306,-31.32352,-52.36425
-44.98682,-63.704433,0.08714247,-49.999866,45.259808,-5.0863914,73.109695,-25.637123,47.13728,25.00081
-8.808731,-17.3052,-74.38287,-28.298847,8.48471,-39.746,10.726136,-17.800331,37.47484,18.108383
10.401845,-9.211333,36.902893,19.131126,16.141914,-8.339144,-53.31056,-1.5713352,-19.942795,-72.50748
29.131548,-4.6664166,2.3542674,-31.326296,6.575007,-43.307972,-33.118916,47.197876,1.2279129,-83.11619
29.311752,-49.776043,-37.003914,-35.268814,6.164386,26.849617,13.245788,-42.99551,-41.061382,53.534767
3.2287898,-43.327557,-35.792465,0.061208844,-13.981219,-78.715385,74.14412,-20.693916,-1.5908358,-31.371233
11.441647,-50.867485,-4.148967,-25.539133,47.542126,6.7359047,46.84357,-25.543434,68.13158,37.165222
-41.527313,-13.695388,4.343647,4.795061,15.465848,-56.909496,50.69686,-34.984417,10.137345,-13.862262
21.866808,-68.98882,16.121689,-21.061583,30.443949,14.706865,13.117111,-4.9828963,81.05498,35.70861
-35.583828,-36.86722,-16.702557,2.7997322,8.058179,-55.331326,66.44989,-29.000406,-31.82988,-39.272774
-20.763384,-4.2890687,-40.809315,-12.884062,12.073131,39.033203,50.226387,-3.8588207,40.486557,-20.30329
3.230422,-17.778755,6.481084,-18.962446,27.302856,-43.416454,0.5683608,18.343138,48.892048,-10.877152
-30.584337,-35.347527,17.123438,-0.28006667,29.054308,-71.41463,46.692986,-32.42238,-15.689764,-24.92018
-8.814499,-61.569187,-61.8169,-75.38141,-10.664553,29.045994,6.8792286,-14.861811,-63.90089,14.585363
-20.957829,-5.8152304,-22.269855,-34.718616,3.3372617,74.06101,24.101782,20.262335,23.866098,-74.16275
-16.26017,-73.80307,9.552846,-26.523067,38.034283,-6.6853156,25.743849,-32.784145,54.819458,9.2809925
25.835003,-28.56802,63.600807,0.7933264,2.964089,-15.858477,-16.127708,29.523012,12.023049,-62.02632
-20.665924,-56.78433,-27.213045,-29.106565,34.371292,11.6165905,69.36092,-29.15689,46.91841,33.648827
20.178808,-36.94121,-51.445965,-18.386019,24.4981,13.090394,11.2887745,-31.398909,-68.27736,31.052486
-18.592037,-35.98292,-50.129005,-73.68978,0.269046,-41.68486,-9.092063,-13.353318,-26.87815,5.7503457
-3.2942991,-33.876637,-46.97051,-82.15291,-46.00388,37.195847,13.639595,-40.351715,-34.665165,53.905045
-45.229446,-54.088665,-11.451637,-24.059555,53.38091,-14.645931,60.466232,-19.86218,67.4726,13.543308
-15.806314,29.665897,-38.762737,-24.078186,11.544355,56.43947,43.52403,-12.809002,30.873867,-34.32817
-42.70237,32.666542,-33.01721,-33.373005,4.2705,32.909626,47.2061,-25.361645,60.215683,-40.241863
-46.48492,52.255962,-55.756226,-29.638723,2.2509484,47.083168,45.57604,-4.9644046,57.156723,-13.840624
11.786081,-7.2652216,-37.026997,-63.45019,-52.184,16.967825,16.987785,-25.515211,-49.92615,34.22565
-33.123615,-88.9211,1.6626422,-21.312128,35.01537,9.9695835,66.30837,-24.909576,58.012367,16.36269
-42.120007,-24.655489,-19.201834,-24.845028,3.317721,-23.99225,0.46464145,-30.300642,-35.579964,6.4286194
40.642567,13.025958,5.6345816,-5.508419,10.0256,-45.028698,-41.67745,-18.405598,-2.7573338,-64.08731
-23.246239,-63.62059,-6.985401,-20.187164,51.87692,8.001249,75.406,-26.475729,59.42368,40.245785
-2.609059,-25.441902,17.13216,2.8660455,17.195856,-84.25982,58.039993,-34.805683,-33.476738,-15.626194
-20.037659,-35.78631,14.948554,-2.265676,8.966763,-74.7987,52.13958,-40.11339,-25.460896,-17.38234
-0.4093182,57.468422,-6.9531603,-18.5264,-15.18667,36.927406,7.0460157,-12.821233,18.776566,-48.447495
7.7541633,33.14084,15.510015,-31.044558,5.31015,-31.970276,-12.650677,30.306015,-21.763971,-94.4559
-45.71738,-22.97129,-15.957841,37.871243,16.33601,-37.73486,52.4819,-22.229416,-36.23574,-33.049908
46.16345,1.1273292,27.66032,9.234428,14.210792,-47.532585,6.642998,19.015642,3.9079719,-60.48485
13.280245,31.157358,21.234406,25.212662,20.949158,-31.48495,-38.227222,35.66006,-40.75765,-53.353085
-17.809492,-31.145273,-2.263971,8.702855,-8.596522,-72.73211,44.92218,-22.810535,-58.340202,-8.29093
13.142934,-55.39848,-25.95073,-2.3961585,39.79443,8.493092,47.67079,-69.95767,54.945614,11.004973
26.549925,2.7083232,1.247256,14.369944,-22.057402,-25.046848,-54.801445,21.268238,3.2432685,-34.364017
-44.639458,-22.006224,-81.77973,-67.50023,2.5208678,-3.1731856,-21.665442,-14.084177,-39.08487,-31.489336
42.936447,7.4037147,25.256676,-8.843402,34.342644,-44.39879,-24.14178,15.339011,-9.6546755,-66.99743
-8.140477,-15.911479,9.225548,-17.097786,51.020576,-54.023956,51.520027,-23.59819,-59.25756,-10.122679
-9.43035,-10.218367,-30.921446,-27.805079,-8.19296,10.846927,15.5102215,9.708017,-20.00534,34.114773
28.612867,38.70826,-6.388244,-5.9892054,-12.72629,-32.111103,-28.766989,5.122716,-6.194439,-44.29057
29.588865,34.02107,1.6796906,-0.083934814,49.6328,-53.975998,-27.374916,47.650917,-32.946823,-40.918045
14.063279,2.0015323,-63.420357,-85.67988,-25.16325,-7.615055,-18.903177,-12.460894,-41.82258,-23.152151
21.067493,27.722462,24.030758,5.556921,13.002018,-20.177485,-40.51661,-6.666657,-4.0946536,-84.02681
-44.484505,-11.71452,-30.095392,-38.13006,-6.968361,25.991375,34.34565,7.5401673,3.5043633,-38.723076
-19.747953,27.38424,-48.61785,-45.76601,13.351168,31.652348,30.250187,-6.746222,29.704807,-31.985613
12.529774,7.6884804,33.70505,24.761948,-8.856107,-89.013405,-22.123127,2.3167508,-0.36150205,-50.049564
-40.539776,17.823952,-24.332495,-41.07217,13.058784,26.41098,46.027374,-1.0242645,24.821747,-43.408028
-6.847352,-22.257624,-34.75233,-80.96564,-36.26367,-2.7206202,34.788696,-4.495607,-24.11547,31.296246
-41.58488,34.300404,-52.948868,-34.92441,9.024338,59.453632,25.029097,-48.7915,22.492435,-33.118988
-30.83732,-38.331493,30.752789,-23.576424,4.9418716,-87.24033,42.720085,-2.8464198,-33.56983,1.2740797
-14.285697,-7.668936,-33.59804,-6.232801,29.851841,46.04003,43.783302,10.933959,12.395896,-67.46177
-30.422789,-2.3733456,-42.466522,-72.465706,-55.923462,-11.992603,-3.6236925,62.986156,-36.559433,39.190308
-28.219463,31.75609,-32.592472,-32.538887,13.269106,37.51738,52.30594,-13.560748,68.19349,-43.27053
5.799176,-74.98282,-6.305227,-23.383373,61.85527,12.18672,20.279062,13.69731,76.822426,40.337814
-8.26224,40.604004,21.969725,-51.699,15.386925,-5.132625,7.960874,11.485202,-4.334408,-71.98805
-33.060795,11.780253,-30.250938,-12.695998,-41.45216,37.76872,50.50522,-31.30456,55.623608,-14.686797
23.128345,-12.991548,1.5590994,-1.3813901,-19.424322,-22.157022,-49.38289,38.909122,-10.436196,-44.01605
60.90794,-12.692133,24.196968,-27.206732,-1.1408341,-22.8925,-37.505497,10.485452,10.221074,-54.7778
-33.784958,-49.61728,1.8285904,0.047632456,16.229145,-64.28742,44.98454,-16.185616,-20.793419,-35.621857
8.734581,19.605423,-65.86382,-97.512245,-2.5901325,-37.734074,-10.588588,-27.237286,-47.6095,-23.841732
41.845783,0.2659668,-77.8987,-73.46001,-40.284065,24.155302,79.86123,18.021444,-60.059765,43.979233
-15.549855,-39.29657,-31.567877,-16.828558,47.185497,27.561874,53.167816,-13.432917,49.028828,40.961563
-42.752274,15.499297,-37.551044,-25.620375,11.916906,26.338987,36.04842,-10.248651,31.573414,-43.665386
10.618365,66.2502,27.360489,-10.452165,36.020924,-25.618277,-8.634503,-8.98477,6.4891973,-49.560894
-5.147977,-19.481108,-58.15382,-34.579796,6.617306,-1.190386,27.916315,-2.1992147,95.64832,-55.185448
-24.065504,7.3366995,-32.580307,-8.772982,7.3757696,66.72702,40.919582,10.108759,42.957344,-57.944416
-37.721195,18.967066,-42.58106,-35.24407,11.732529,41.67141,34.292377,-10.792599,36.158512,-62.022575
-15.107476,26.708014,-47.31468,-28.724066,-9.135441,70.68759,40.074715,-7.333754,14.046998,-50.487698
-23.07157,-25.432886,-51.241085,-5.849246,-12.391046,-1.044841,-5.1458225,-10.570138,13.7252865,72.34849
25.424706,-53.213573,-19.260788,-18.522503,50.4392,7.281205,41.13227,-41.81669,57.369087,10.53279
-30.529568,-23.922205,17.023808,-22.595963,20.37851,-74.70505,33.912678,-48.98623,-51.892597,-28.691853
-50.982742,-48.777092,-42.92601,-67.36493,2.0530043,-20.368584,-22.767635,3.6565132,-9.929481,19.86414
-3.580137,-34.51741,-22.670647,-37.294785,30.125298,25.095152,53.839447,14.64836,58.728306,-59.3788
1.4160502,-38.33623,-5.7445254,-10.709025,5.086324,-59.03515,55.025074,-9.848114,-46.612274,-10.963245
-5.369717,-48.23348,-43.059856,-16.205635,4.396618,-36.351257,47.14171,51.773815,-43.122276,21.018726
21.430492,-27.325369,-31.816925,-41.714317,-54.149567,7.6094475,0.6815874,-38.407146,-66.762764,23.54966
34.2997,-14.2395115,5.644945,10.185312,22.706903,-69.57242,4.9608994,-50.223408,18.647356,-60.223278
16.302715,24.69111,30.09311,-2.3479555,25.760628,-45.434895,-17.695055,7.5659366,-16.857773,-90.964386
18.116608,0.61766434,30.882427,12.730585,-16.067558,-43.151615,-35.566097,30.166735,12.209456,-40.695324
-32.55383,30.64561,-65.39854,-36.78208,10.975157,41.922867,10.731246,38.114536,44.191956,-48.58172
41.233936,-14.5646925,11.770459,21.493282,8.366855,-29.51815,-45.47396,8.654998,2.5205855,-92.936516
-0.4992258,-49.1179,3.1546223,-1.6551008,-0.027284421,-71.007126,44.593777,-38.68058,-37.758617,-33.298946
-24.64958,0.5442635,13.585903,-22.858414,-52.809525,11.750348,-11.622669,17.379148,39.668793,-46.404743
11.582307,-10.665447,28.769138,-4.1152463,-18.041891,-10.087991,-37.6039,9.993608,-19.253626,-54.90624
13.665835,5.614745,9.88336,19.72477,10.032852,-31.223083,-50.065964,49.303192,-2.3974206,-32.37731
-34.56847,13.22574,18.500969,29.54808,37.169453,-40.197628,74.79567,-51.09484,-15.938765,-21.260153
6.1974688,-12.737037,-51.761395,-41.014862,3.319376,4.448387,12.208176,-0.6956541,-59.20308,63.116745
3.4323535,-59.85544,-25.258474,-42.301594,-70.30177,-7.7992716,21.433678,-4.751913,-22.919077,46.55952
-10.289097,-54.000633,23.477606,-42.055897,66.745026,7.6580772,31.388615,-30.808126,55.813423,3.936234
-74.40287,-19.754848,-1.3013926,23.652512,-4.7888446,-35.189007,47.905674,-38.275604,-23.705412,-41.070557
-32.654034,-30.574057,-26.884773,-20.949167,-23.117004,30.943954,12.002308,5.5977993,-69.19544,79.088486
11.835161,12.035949,0.5723084,-9.7113285,19.740957,-75.28187,-26.697504,19.864523,-18.824276,-91.532875
-21.242928,-19.042961,15.260467,7.586876,-25.258669,-38.3402,42.348694,-73.32226,-24.462418,-3.1700423
-39.80309,-47.8256,-39.859707,-64.24778,-23.822523,-14.414115,-41.975716,29.440166,-10.828468,13.203618
-31.823767,-15.935089,4.293083,-5.7903495,-32.494877,-48.00952,58.625957,-14.693866,-53.511967,-5.617961
-51.27686,-29.920467,38.153297,10.049399,-1.6102718,-35.223537,63.681145,-25.61898,-45.817547,5.456949
-33.56846,10.559359,-34.53506,-41.708794,12.010185,-4.6208467,5.4409027,11.100706,-32.392143,-2.838493
-60.693783,46.357735,-36.10445,-31.71615,5.2084227,55.997044,45.069695,-17.921852,54.96292,-17.478735
-11.470369,-10.406593,8.975097,-1.7788417,6.082104,-78.329384,55.53688,-36.28917,-37.204094,-23.239182
-55.797333,-28.772127,35.610603,25.096054,6.9275193,-52.955048,59.028164,-26.751675,-23.12486,-15.798206
-38.35205,0.45510677,-20.141478,-12.391246,10.871534,38.30362,48.509422,-1.4881083,57.25293,-47.19831
23.88581,3.9771163,29.018213,-11.234456,26.152515,-50.34286,-33.60975,35.948704,-0.2158502,-62.975025
-50.733734,-46.431374,-57.85691,-53.03332,-26.198307,18.180038,-31.906591,26.937529,-22.513136,13.471332
-6.4003143,-15.346922,-52.88355,-30.862535,6.814014,-9.313399,25.367544,2.4860682,24.437,31.328743
36.4969,10.98734,-69.48044,-73.86119,-23.365658,20.86873,67.0638,0.9721442,-79.645256,30.945782
-46.467056,12.441509,-26.199232,-31.721361,13.575292,33.553104,37.97655,-4.273898,59.937542,-48.799538
38.058388,-15.294478,37.132607,4.9314656,-3.9800954,-54.003864,-28.5764,1.5596116,21.428364,-52.357807
-30.266405,19.417856,25.819431,-22.181992,-62.906902,-64.911415,-3.7629957,-22.459705,-37.425438,-97.79664
28.710506,-55.1971,-13.904713,-4.0973682,61.42654,28.774046,36.75828,-31.527863,72.98091,15.843975
-37.617672,-15.057941,-45.079216,-35.095703,5.191821,41.581646,37.31046,-17.87899,19.504707,-40.147526
32.89821,28.570242,-68.609856,-90.160774,-32.715935,12.158867,16.794878,-21.095722,-46.123077,34.570023
-35.075684,28.074106,-34.108185,-29.764717,7.061052,58.21425,35.86972,15.578091,18.78227,-60.761333
2.9756322,-55.328285,-43.75732,3.7748766,4.9661183,-5.0964837,-0.013420488,-47.535896,-69.081375,33.486423
-40.56326,-44.333225,6.2349005,9.673969,18.667246,-31.157145,58.03951,-27.012157,-43.2699,-10.296169
10.12873,-11.936917,-50.917057,-82.865425,2.8554835,43.03234,69.36415,-15.390092,-76.95839,60.186474
4.0648985,-27.387398,-35.660896,-1.8840111,-14.974096,-85.91348,60.97317,-29.3513,-19.358885,-21.215729
24.497171,-23.796625,62.165844,-1.1877275,3.9515843,-20.420858,-10.543154,22.512522,8.438119,-68.515884
-18.898556,-78.42524,-0.7287071,-7.1926403,40.046215,-14.977964,46.928444,-25.478748,56.21751,4.934891
-37.655716,-34.183502,-49.204617,-72.31732,-29.609924,-9.539573,1.9530627,45.928776,-58.369877,19.541553
-31.40501,-7.6279807,-33.04941,-33.220562,7.924087,85.37427,34.006042,-22.391634,40.147682,-28.045013
-25.45074,-31.326435,-2.6753292,-13.543969,42.394382,-50.15845,47.45464,-28.209942,-18.05133,-27.869215
13.133722,-9.820806,22.325678,10.508247,18.37163,-41.98794,-57.831787,-10.54473,-17.837866,-68.436066
25.510864,29.050318,16.448824,19.706665,38.384365,-49.205566,-36.51758,36.274162,-24.250923,-75.43187
-52.501057,-42.37315,-43.890297,-25.05563,-27.378286,32.037098,-50.245,3.5370297,-39.255383,16.995869
22.319136,10.087113,-41.757095,37.519176,11.551302,-41.19432,77.453384,-54.719112,-25.709812,-44.699665
-8.857311,-12.792233,-13.166708,-17.77558,12.20573,44.29603,56.363422,-20.496908,72.685844,-36.71232
-25.649155,32.277454,-31.6347,-4.0897794,8.863462,49.54769,34.53374,-35.073418,27.223778,-42.593163
-10.885672,-46.320858,-23.123972,27.655407,4.54225,-42.769394,68.580986,-32.377525,-12.16852,-55.88
16.13018,10.413925,5.4298925,13.966346,0.62190104,-19.832972,-61.198517,46.46203,4.0936418,-20.490479
-42.976887,6.7672234,-4.555744,-36.13795,52.738037,51.384464,56.500393,-3.6241763,54.57028,-50.059994
-3.9697297,-37.118706,-7.291977,-36.821674,25.150425,37.42054,29.9309,-40.43984,48.99409,-61.451923
22.65183,39.624268,6.1826525,1.6699238,46.923878,-43.883495,-30.414793,50.959915,-44.13104,-58.249973
-3.141572,-58.273525,-14.789955,-35.24743,42.723267,-14.018671,23.993774,-16.95987,77.05561,10.622694
-14.691268,5.0022907,-48.70045,-39.8003,10.412724,27.775343,-8.821165,-18.333523,-86.19544,60.32298
-44.793007,-7.3133316,38.670055,1.2359476,-18.132372,-49.911373,-30.2683,25.139967,10.153516,-104.416405
-41.322937,-5.504819,21.28635,2.190115,-6.1227717,-53.621418,58.907055,-30.754665,-47.601307,-19.260775
-40.239693,-28.727348,-47.96318,-46.018475,-11.929883,-11.568834,-17.905762,-14.856931,-7.1704555,22.473673
27.979567,-23.663437,-36.865837,4.973782,23.655642,4.9840097,46.79868,-53.45447,84.36407,46.630527
-6.701218,-68.786194,-7.429773,-43.729256,34.178715,-0.68190825,39.102642,-24.936691,48.245823,33.132507
-31.778734,20.81236,-45.918037,-28.040087,-12.470802,43.144463,12.861606,30.259106,44.919647,1.4517435
-10.503811,-1.0327854,-29.103954,-62.921158,-17.331717,7.0650454,9.892411,-5.165743,79.11588,-10.483525
-53.626663,-26.312014,18.536095,13.807005,-17.14028,-41.557796,49.842133,-19.815561,-44.77107,-2.03994
30.510414,13.453727,31.243076,9.4318695,-2.8376532,-54.053375,3.5187268,31.75675,-16.118185,-76.302414
2.1093016,-12.306837,-33.554165,-68.81693,-49.118946,11.996956,44.736988,-12.9198475,-23.783834,45.063484
-34.108456,-14.114484,-6.526115,3.8677301,0.25481546,-57.26869,60.47268,-23.17924,-52.24425,-34.047485
-32.580463,-56.51777,-17.928347,-23.086504,17.84271,-8.333516,84.44802,-45.482544,64.084595,31.00756
-59.35794,-27.142605,-13.001851,-24.537872,5.606609,-18.937626,9.982702,-22.662281,-52.080223,6.6235356
-68.53396,8.382012,-28.654205,-20.01139,23.516094,44.675636,44.404663,2.2623072,46.887173,-34.274586
9.160204,19.086874,-37.041016,16.725914,0.8018931,37.797604,27.54184,-43.106182,25.939922,-49.597008
14.341432,-71.04954,1.0051694,-25.45969,32.78811,7.574177,61.656174,-47.831676,48.494354,-3.3294718
-23.046328,-77.82271,23.515978,-25.442696,50.858643,-9.543402,50.637516,-4.4916987,48.81705,0.5486077
-14.258829,-66.88745,-16.37873,-32.622437,46.13716,4.9951725,63.008602,-3.925248,60.689453,23.509457
-44.778385,0.024850398,-43.775227,-26.894762,-24.855532,79.01393,22.782885,10.12043,69.75253,-21.770638
-3.5628438,-51.0904,-7.199674,-52.806423,7.482334,-50.965298,42.12603,35.9737,-20.244781,18.10707
-0.7027901,-50.08878,13.243991,-27.696053,65.028336,5.173897,35.01783,-24.150047,48.75827,8.373419
-11.844421,-10.025613,7.8400965,10.840255,13.884487,-41.59636,39.26357,-76.74727,-43.518814,-16.29916
9.499348,25.652765,39.58619,-21.766747,11.120795,-33.365765,-26.997955,5.699574,-11.035068,-97.82699
18.533813,-24.54245,51.023067,-9.306967,-11.3727045,-20.89434,-21.614784,32.37344,4.1917377,-58.202255
11.564592,12.660857,-2.7293,-7.780507,-25.175869,-39.430294,-46.068523,10.540463,-13.288256,-83.79065
-41.765507,16.261335,24.803192,9.306226,42.673725,-54.070137,69.26359,-43.63427,-18.551704,-32.795673
-24.066265,-14.570237,4.849077,10.844115,20.780115,-50.1607,69.14892,-36.76952,-55.947956,-36.278202
-34.338158,29.9288,-21.570389,-47.64436,-23.115784,32.16986,15.024888,11.019464,-36.587925,28.637398
-40.43033,3.8325284,-21.450384,-23.283253,-0.94336563,20.658298,46.159756,19.161272,-34.87172,-7.8335915
-67.38328,-50.578094,2.3779063,-4.5309815,9.370188,-91.771065,45.661728,0.15766816,-31.166143,-27.741074
-35.85444,-31.120895,2.8332996,-8.368954,9.238752,-73.79678,47.534595,-11.940939,-51.945255,-15.1270275
-29.639956,-39.286015,-6.309357,-21.008617,-26.730188,-87.27017,64.638794,6.4472284,-63.523685,7.1941867
-27.51702,-45.33839,-59.311504,-10.543881,8.766464,-7.5880184,5.2637095,-28.835953,46.491066,-27.536087
-20.253666,14.387086,-31.660751,-9.869797,-7.5483856,56.933502,45.008175,-2.3597302,53.66447,-57.629482
-46.950382,-9.496912,28.23004,1.9327552,37.57637,-40.461918,79.45901,-30.387108,-30.451874,-31.450777
-41.910126,31.065233,-1.2883701,-37.66043,-0.548505,51.727016,35.99367,-17.924406,41.707672,-39.72632
22.05836,7.074909,44.058487,-24.045595,17.911846,-20.04131,-49.751343,-2.182164,-39.505688,-59.688774
41.603943,-12.7824955,-22.585882,-39.372623,-23.33525,-11.839365,13.020851,-20.374659,-62.293545,79.89544
12.701319,31.881063,38.62278,65.48892,85.48971,-81.19528,-75.70942,-1.7564936,-19.321669,-137.39026
-45.19892,-39.138847,-8.10909,8.777313,-20.456947,-31.99741,59.393204,-43.80698,-20.966896,-34.665836
21.771141,-20.383812,55.170624,3.862401,-4.7039266,-27.427742,-8.040066,14.021658,18.915726,-58.95613
21.052893,12.410633,-4.038768,4.1381373,-36.753216,-64.462074,-24.142445,13.624283,-26.123827,-23.707245
-30.712608,-81.62961,-5.9784217,-24.313341,22.874098,-19.96048,68.226166,-19.460835,59.793365,29.351131
-21.738224,-62.092762,-3.5074434,-28.554548,53.075214,-7.1772065,26.024122,-7.3630443,78.14329,0.8901614
15.795417,1.7503029,-31.586367,43.033203,8.3557415,-33.493023,66.60266,-52.884224,-31.641665,-47.9167
-3.0280902,-66.227554,-39.830482,-22.417753,24.218061,12.963079,41.28551,-25.892433,79.568375,19.905779
-34.19385,-5.8015757,-72.79152,-22.534828,-7.946258,9.113705,-2.5086927,-25.028547,-49.933033,6.425035
15.962164,2.1980646,39.117138,22.06895,14.166238,-36.474537,-52.804493,-38.268208,-20.654625,-83.77945
4.018082,-28.221622,-38.35735,-43.612682,18.102013,9.731649,53.88093,-9.292296,67.273735,-16.398691
-8.561404,-39.89624,-59.584843,-81.28488,-3.2782621,-18.84025,7.159852,-19.062672,-35.681664,8.684025
-24.874922,-73.52457,15.281056,-9.29771,54.15543,5.3345795,44.047894,4.0794873,49.427414,-3.0535235
-8.484794,8.0327425,48.303947,-3.1549413,-20.571005,-57.30741,3.857965,16.723011,-16.416468,-70.25708
1.3110105,-29.448196,-18.39403,-66.125435,-10.366686,-6.0712414,6.7819304,-47.359653,-65.695366,55.021248
20.761133,-74.34489,1.575108,-33.211864,44.58828,29.55348,27.193916,-3.2394042,67.67564,31.170387
-2.1900063,-29.781038,-10.877335,-62.77252,-31.900251,-33.763718,-8.94413,11.533901,-66.111725,52.85821
-35.473152,3.6819942,-39.56877,-2.107803,-14.630934,43.95969,16.583523,-13.231578,63.612034,-40.278324
-46.114967,-22.553202,1.594274,18.228275,42.04378,-73.95438,21.064438,-21.147882,-26.276466,-9.608735
20.21042,3.3804176,25.039421,-2.7053459,22.892466,-52.588295,-14.113086,51.03028,5.2103353,-46.027588
12.621295,-11.672347,-1.7557163,-25.821802,-36.212276,-40.477425,-39.91155,21.34436,-15.609218,-88.73317
-27.589464,-57.841087,-39.384083,-29.837332,-44.01766,-25.360062,29.649858,45.352654,-73.70122,34.60833
5.295496,-6.925998,-48.794537,-76.67994,-13.0449295,-10.942521,-20.249508,-11.931829,-43.516846,1.8252577
-13.445592,-25.508738,-1.3290691,5.88619,14.88382,-53.11033,58.607197,-31.337578,-31.979445,-31.349163
49.290062,21.295351,5.5568523,-17.49457,4.772824,-64.62632,-36.25533,-32.72042,-6.4019847,-78.42506
-4.463839,-22.87148,-40.128517,-83.78902,5.7383285,-29.531046,3.5471382,-8.577491,-56.035603,-12.736097
26.47188,26.361374,45.22093,3.4808307,-2.4337907,-2.704798,-50.702133,-28.486515,-26.116154,-91.71904
-23.813574,-53.05316,-21.465586,19.597103,-6.540762,-37.374775,60.666603,-24.249598,-15.491358,-53.596058
-22.818127,-62.586605,14.404084,-11.642626,-37.64764,-51.678158,55.936024,-26.814203,-47.707115,-34.910732
2.2964444,-57.84007,-70.602196,-81.28187,-4.4597597,20.0059,7.9779024,-27.360365,-64.819275,21.92649
21.994865,-17.240553,41.97659,20.892845,41.74298,-11.790259,-27.11067,12.95074,-8.563955,-85.5021
-12.03468,-53.336693,-16.853804,-26.36306,56.205902,-16.964767,52.22841,-13.993467,65.13978,14.230522
26.51261,-10.086383,30.403374,-10.856673,-4.095353,-35.935356,1.5675237,26.990202,-16.602964,-90.36703
52.56048,-2.719887,15.350909,-21.234306,18.345957,-34.902664,-30.039099,-10.691718,1.7883916,-78.30198
6.8544106,31.324015,6.0736313,-26.84573,-24.79101,37.461643,8.394076,-11.304446,21.447056,-36.266018
44.247986,-6.184062,29.278648,3.8936462,1.3229231,-34.42888,-40.700493,19.917034,12.75942,-44.73129
-2.6416745,28.890066,2.2058575,4.282636,-16.558613,-33.96158,-24.693464,-9.125294,14.507714,-97.979454
-23.862478,-21.66305,-23.495068,-28.782627,19.950577,18.530245,27.659895,-19.13186,31.95187,-28.588818
51.280895,29.202501,-14.164195,-73.763054,-41.791245,35.484035,59.350914,-19.378023,-81.56546,63.267708
29.5873,18.898844,21.533403,-34.775017,13.621097,-29.673117,-22.961615,30.82431,-22.417898,-74.77938
3.7335439,20.112839,1.4752188,20.833641,-14.087238,-37.419018,-34.920967,2.18065,-21.76428,-8.652919
5.837411,20.42054,53.865005,-50.65143,-2.696369,6.799881,-23.566414,4.597085,-4.0028415,-51.764008
17.124203,4.6048255,15.283989,22.094482,5.804073,19.88379,-25.212843,-27.150164,27.928967,-68.07995
-41.485107,-41.1645,19.920376,-16.842575,13.0124855,-69.4461,66.887054,-13.493462,-17.817812,-3.9157336
18.232214,3.0595527,2.4414701,17.148247,-16.210972,-21.792034,-45.898064,24.389109,3.2070398,-36.68022
-13.236024,-54.455254,-0.12232781,-23.805386,20.288366,-81.46239,42.58636,-18.00898,-13.062022,-30.00034
0.19932711,19.307392,11.604771,9.5189085,-19.166618,7.492728,-2.969063,-5.708232,20.368425,-53.151764
-2.550754,-15.183473,-20.921509,-22.780342,-9.255562,-102.92329,49.879147,2.3311753,-30.729513,6.320646
-19.465551,-64.798996,-21.752516,-37.844986,16.0365,-71.3178,32.950478,-32.44751,35.371174,7.4759355
19.313248,68.464424,19.025845,-20.223246,13.727844,-47.314774,-30.147524,-19.87654,-9.640586,-77.09028
-37.90463,-17.468061,-3.4725842,10.248032,5.958225,-50.223057,74.04584,-34.065132,-14.161492,-40.296936
-5.9815946,-61.84972,29.047735,-38.332016,39.901577,3.4007194,48.6853,-14.603284,33.450413,55.54001
-20.253372,-61.936485,7.394967,-25.905457,40.36159,-10.175639,41.91264,-45.71744,56.01342,-2.7836215
-34.554802,-51.44099,-21.175156,7.014533,-32.73093,-65.21873,57.453934,-21.473612,-0.011816572,-26.176828
43.502995,20.51741,10.147647,2.8575764,10.772007,-51.430756,-44.373013,36.23427,-2.560421,-39.398647
-33.958885,-18.807884,-26.71955,-16.695518,44.629265,24.733654,33.375244,-35.79502,57.237213,-20.85794
8.803071,-31.545465,-27.310753,-6.3033676,26.568748,-18.751308,51.618156,-5.690806,83.11393,25.150139
-24.081287,-31.2297,-30.481709,-84.88405,-2.147527,-13.043955,-8.043172,-19.835857,-56.335392,-27.221006
-14.315231,-38.54341,-13.949314,-33.696217,21.748459,-7.610977,48.514717,-11.17544,64.676506,-19.191025
-31.003204,-37.81413,12.47165,-8.239883,35.283096,-92.31884,35.80762,4.5523605,-23.0037,-15.6708145
1.2212985,5.627153,28.805788,2.9649396,-3.2291718,-69.2224,-30.871174,70.479195,-35.66859,-81.84175
-17.554474,-62.98119,-8.069988,-33.921387,21.738218,-14.593073,40.742382,-0.41170743,21.450624,40.073597
0.49305826,27.49779,12.872244,3.1026688,37.410824,-73.193825,-59.205296,33.643127,-41.431793,-72.341354
-21.899374,-47.533348,-19.645554,-24.490221,-26.941458,-38.35257,-30.2643,-7.1984334,-12.237021,4.3570504
-7.2996945,-68.46977,21.943115,-6.114857,56.457123,4.5239286,53.32156,-44.08025,54.444134,5.1603765
7.9412074,-51.817417,-7.405483,-41.494083,30.358988,-7.2572703,65.441795,1.6335831,16.96254,30.756264
-64.69937,0.18475047,-35.25745,-11.044758,-17.190292,10.229126,18.753712,1.5003953,-34.844486,18.13429
15.986512,30.502789,13.785025,0.8986528,-10.394134,-35.155834,-45.001736,12.288382,0.27341226,-31.086378
-0.26060668,-30.519514,9.881928,-6.3281817,29.025845,-49.713753,40.80331,-64.39342,-29.378807,-24.668694
-8.677817,7.0496883,29.019863,-12.031114,-32.427677,-2.9759777,18.189688,-20.842224,15.076293,-89.75819
-2.3361022,7.5544143,-23.007093,38.81499,-6.596993,-38.192703,-8.534522,0.94903874,-9.18414,-31.364592
-33.34527,-4.0932183,-27.594515,-47.005825,30.652159,21.080666,51.46383,-13.463892,42.80771,-30.70539
-38.998627,19.155905,-26.23418,-42.2918,13.478008,28.368673,38.352215,-1.8549172,25.79176,-47.85062
12.755135,-12.013036,27.119064,-19.795326,-5.3236365,-47.802837,-11.132975,36.72108,-21.254004,-100.193825
-23.08721,-29.744925,-1.010638,5.329541,24.345716,-64.040375,65.8483,-29.888258,-25.824997,-47.819477
-17.06018,-59.028297,23.089983,-6.2707963,38.771637,3.0970848,68.778015,-28.265026,51.61638,6.06277
-56.47177,5.0290165,-32.295326,-41.077496,23.342773,38.256126,21.55415,4.7211804,56.358524,-42.088295
-83.211655,-45.50181,-65.06884,-29.073195,10.045908,16.376793,-69.78576,18.642946,-30.787764,7.819695
-33.346874,-8.499466,-56.242153,-81.97682,-32.38295,1.2385976,7.3812466,42.15123,-18.45418,39.719078
27.244219,25.532568,-48.538036,-84.62796,-35.5709,40.11404,22.848738,7.774208,-80.747536,55.87288
-27.270985,-16.63908,-8.263157,13.978727,22.28556,-20.96553,65.984024,-37.981144,-31.495434,-56.987625
-25.2912,-41.40842,-13.7186165,-29.255638,25.80501,-9.810754,62.366673,-17.49917,66.431885,-8.250053
-17.465448,-41.62502,-6.7618546,-15.8299675,-4.143473,-54.789524,62.333275,-9.908362,-30.570913,-30.768723
-35.41151,-61.899,-15.095461,-21.93931,35.844566,22.744043,48.862446,-46.137165,98.222466,35.851536
-27.271206,26.091742,1.0589395,-29.434418,7.1246543,-56.95151,-0.7577823,32.399426,-29.549156,-87.69425
-31.510971,39.31221,-56.0099,-33.371853,11.983955,32.194847,16.955538,-14.568952,30.71384,-53.447964
-36.368454,-21.027102,-36.984547,-73.71344,6.7916117,-25.989761,-12.711901,-6.144298,-26.315248,28.343502
-33.019375,1.2988108,-51.130623,-34.358192,-2.7295702,22.689089,46.07118,-38.91109,57.784557,-28.24694
-32.128983,-45.782036,-25.725882,-24.602678,56.05016,17.72728,49.546204,-4.7808113,67.94375,14.926468
-67.288536,7.017374,-25.646502,-12.873169,15.055099,51.915653,27.93464,-21.939692,46.1891,-35.345226
10.005501,-67.665565,-14.413613,-6.789491,38.337406,7.4983664,67.57859,-49.184242,55.090157,10.849762
-26.842882,-61.752094,17.731314,-19.376186,44.493202,11.134443,70.46341,-47.766922,45.855606,1.8457254
-32.727997,-14.77323,38.16172,-9.175062,14.238658,-62.55166,-1.2577533,-46.147255,-14.098774,-56.337246
-59.439453,-80.88505,-39.204426,-17.91314,50.406857,-5.9766374,32.836,-37.10829,87.155266,-8.89053
-64.52761,-15.672121,-17.203909,-20.318487,20.142584,36.82205,29.655764,-2.5680647,55.05943,-54.732117
22.945868,1.9859139,30.004608,10.261449,-26.023184,-19.88506,-31.194592,39.7138,17.469296,-41.316166
-43.07191,-34.768112,-66.38088,-32.30794,-29.724558,7.638362,-1.254418,-15.761232,0.39560464,12.870916
28.000692,9.4597,-10.085011,16.853859,-14.747181,-27.621662,-39.632732,18.718475,-7.2816544,-52.689007
-45.00326,2.4833102,-30.682331,-24.396446,8.8324375,23.951612,40.98991,-1.8275371,49.861702,-60.058067
-39.262318,8.206635,0.13240898,-14.100834,43.198963,-59.024532,73.44913,-33.106133,-21.89383,-28.43466
-33.654247,-44.00123,3.223529,0.4291376,2.704403,-39.275837,66.533844,-33.288254,-18.463047,-46.091633
-45.684452,-20.176718,-27.115576,-9.233309,14.527474,71.27164,30.300732,-13.054533,33.924995,-53.362206
-57.515575,-41.915695,-63.075672,-27.379059,-35.776436,16.452587,-60.456768,9.142483,-57.151215,1.5537113
5.20606,-69.38876,-11.025948,-47.885822,-40.30607,-0.6885038,27.339314,-73.688034,3.8858008,37.746605
-38.762505,-8.319657,4.418766,-12.489299,30.838072,-61.272602,53.216522,-47.956715,-11.373023,-32.868073
47.9114,16.702396,15.659257,-21.830975,-38.84462,-22.999733,1.8047101,37.771214,-15.178471,-71.65415
0.36263248,8.183246,40.885128,3.578992,-12.406398,-12.040961,-1.6545645,-50.277058,-4.1044583,-39.991962
-18.328857,-50.20013,-9.131088,-8.850899,17.055904,-59.293854,52.10239,-30.552233,-25.402481,-53.109016
25.044357,12.827524,51.24967,-16.271727,17.47163,-20.245892,-24.10163,35.23847,-14.63268,-79.14998
-14.812962,-28.42073,-44.173107,-69.846306,-15.720291,27.195774,10.9966,-27.883533,-41.2019,44.511444
-46.038662,-4.7667613,-51.13577,-55.45305,0.9518795,13.015156,-2.981099,-16.056765,-68.17299,44.0745
10.241963,-35.327946,-9.657726,-24.784498,36.82857,2.3992233,41.658436,-59.91477,79.60277,12.585524
-36.858345,16.674156,-17.050894,-47.57799,20.3314,37.251328,55.753113,18.77754,88.07668,-59.258644
17.236221,8.968162,7.3856325,8.60598,10.733462,-63.285225,-53.20838,-25.117304,-23.577274,-54.777725
19.814838,10.663611,29.96818,21.56425,-33.299488,-60.563602,-27.809631,22.260277,-3.5167687,-41.06782
-38.601597,12.863768,-20.626322,-7.56904,-11.758419,33.033283,42.936646,-42.534267,38.322258,-35.050446
7.036264,8.697719,-55.65603,-51.548355,12.609566,-18.486988,24.465466,-8.00156,-58.38802,58.585426
-36.26507,-35.134426,-73.430695,-29.618015,-23.775913,4.589093,19.975742,-40.00093,16.345257,-7.544926
23.838203,28.238663,27.028887,0.3873582,-5.47054,-72.28413,-40.397697,-28.253094,4.7957377,-58.893402
-10.006826,7.0038853,-44.95166,-65.41816,-18.097906,53.81969,20.93523,-6.0585723,-44.81066,25.742613
25.277088,-49.35923,7.1541014,-11.233207,49.21836,13.124069,35.771877,8.5608,63.05991,27.404984
-41.780483,-10.402736,-16.040312,-21.269972,-7.3594933,66.779274,30.343536,30.212852,35.183212,-61.47978
-15.559675,-25.154327,-49.066605,-6.636546,8.665403,29.18643,36.501877,49.776253,-7.2707767,-15.037072
-33.73276,11.667898,-34.599293,-52.642693,7.4681892,46.910957,30.879019,-24.083588,51.52188,-37.875305
91.01977,18.75642,12.075602,-41.658947,-15.0535965,-8.089159,-39.234962,0.290751,-14.027343,-68.80776
-41.813606,-62.09199,25.848871,-7.579949,16.655643,-54.030712,43.995296,6.964958,-62.36338,9.968042
-31.731941,-65.04985,-17.903471,0.9275408,42.729664,6.680849,48.225246,2.7390103,99.2026,19.227606
-21.096973,-48.853794,-21.065994,-57.91015,-38.058723,-60.47555,15.0957985,1.9663067,-40.16962,53.153675
22.812523,-27.376411,-25.945974,-14.89208,-26.789635,-51.992973,-35.55889,20.281096,-30.000175,-49.55162
15.406405,-42.377842,-7.00866,-28.848703,8.301173,5.547164,60.498386,-33.548023,74.95934,36.58331
8.541234,-84.539024,3.7504995,-23.595589,8.359016,-16.89863,28.094408,-56.82413,70.73058,-5.4021835
4.195446,-45.868885,-9.400641,-40.154552,6.6325126,9.675117,56.091522,-44.172253,77.68255,29.973093
-9.346962,-24.141195,-40.122524,-41.393227,3.6037374,46.71973,2.4287753,-27.394186,-52.561684,63.306084
-19.314268,-36.126633,8.765731,-29.72289,-20.12045,-57.827274,-1.65348,-8.294001,-6.0974164,4.161895
-17.22592,3.3869035,-7.542482,-7.784864,10.594891,69.12752,30.636564,19.373457,34.271362,-71.48126
-44.23309,60.04954,-55.716843,-39.41354,0.8856803,45.183487,46.232254,-0.2452061,51.977165,-13.637156
-15.346498,2.5983722,11.123336,-15.211433,-20.955658,-52.234303,-4.2611265,-10.453519,-27.582697,-118.78195
33.888172,-27.603884,8.743424,-13.989408,42.899296,-20.138348,-14.677521,3.3599858,44.908188,-19.827295
-24.511106,-21.584606,-51.356625,-24.980362,-2.0348876,2.2342892,31.843811,-20.228586,53.40316,-45.89136
-10.199812,-63.582172,-8.412609,-10.54808,71.87369,12.9456215,33.815197,-38.961987,89.969475,10.301264
-39.349663,25.778807,-42.430065,-39.030357,2.819158,42.985485,28.67744,-22.662258,31.14782,-45.195198
-11.651845,-21.717035,24.117834,-8.506534,-31.095703,-39.43899,-2.2462926,-27.834576,-39.534122,-33.592625
0.44139358,19.849169,16.577253,10.253224,-17.147123,-54.739407,-26.57933,12.249968,5.4895463,-41.086338
-7.939335,-81.927444,-26.564655,-30.081625,-6.0247164,-35.40819,38.5702,20.784023,2.8744283,35.34652
-5.919535,-14.356932,-21.962679,20.195126,-11.961847,-43.233154,50.734486,-5.1558437,-38.566277,-16.386576
-42.384666,16.729074,-32.75383,-31.476997,1.4274527,26.93418,51.69882,3.2821412,65.466,-54.567047
-32.804783,-26.223316,-25.844194,4.4269457,-11.674996,62.49598,39.953827,16.992405,28.003662,-44.03447
-46.96458,-19.622051,42.869843,11.217964,45.39503,-65.430756,29.502441,-34.889812,-27.240534,25.982653
3.348701,34.18553,7.548359,1.2153797,11.669861,-22.504894,31.487732,-15.8346195,-16.49738,-12.380001
-40.535637,-48.020927,-24.424677,-16.562923,-39.5847,18.61812,37.201027,-26.74638,-25.780148,24.160358
6.5005627,21.40954,44.149754,19.851444,-19.1278,-79.085594,-33.325993,-9.647223,5.7912993,-68.56636
-43.897633,-11.570184,-32.82595,-50.767765,-16.75057,47.438435,31.133104,-11.711581,-17.198885,23.918755
61.249687,23.68772,1.1838087,-3.7588258,-17.028597,-45.112175,-41.836796,-11.267281,-25.539917,-34.101345
-35.91273,-9.357336,-41.823555,-59.17311,-3.269539,20.813171,1.439548,-22.255363,-65.04209,29.011711
-16.359863,-2.7060418,-23.878845,9.137661,7.9524894,-64.28333,64.80277,-34.785374,36.770733,-31.194223
13.213849,-46.344013,-48.00739,-23.550625,-23.317684,2.7696035,-7.257811,-26.483517,4.3430343,36.111496
-63.505123,-0.33084956,-39.111828,-12.221551,-6.3293405,15.110369,24.54196,7.764192,63.265102,-36.006386
-59.10116,-32.95726,0.29477483,-10.814487,24.406202,-38.665325,6.11818,-24.9532,-38.015293,-3.386734
-0.81784326,36.64454,12.867376,5.0192585,28.847887,-51.031857,-30.101824,27.369465,-37.084724,-69.43013
-32.974842,10.8586855,-30.55905,-49.907104,18.037264,23.645216,46.994442,-9.31597,49.252617,-36.592476
13.848081,28.725254,41.130493,-18.728882,34.124493,-50.15985,-0.28912243,45.97295,-36.106525,-89.95967
-37.29597,-7.0473194,-5.7432904,-1.8990182,11.5034485,-57.034447,60.729687,-18.647785,-15.290108,-43.460953
17.002588,34.938587,19.163439,-9.415325,34.904415,-37.991653,-31.472778,14.187129,-41.827446,-77.49634
35.30358,41.240807,18.081676,-9.961545,1.3154031,-44.52636,-41.776924,-6.7880893,8.257026,-50.09792
-48.07804,15.557326,-36.089657,-12.04556,-22.898527,31.350903,33.780796,-39.489105,49.109974,-37.06319
-43.320805,19.669083,-19.424479,-46.4346,5.1252,28.141905,52.26263,17.272348,61.554214,-55.9954
9.016203,23.055359,0.32012397,13.150283,-14.505129,-36.58079,-50.10279,32.362396,-16.206596,-28.028536
8.241687,-23.97331,-5.6710367,-48.846542,-17.613659,-6.3826528,15.191423,-60.672054,-70.68278,71.41819
-28.7682,-15.002768,-1.3868725,-0.8274644,30.151566,-23.27105,40.05102,-50.12624,-28.217075,-1.7764226
-33.632095,2.7073123,-30.317959,-2.8264704,-2.9150915,53.391487,47.22411,-3.6950157,43.40731,-30.948223
-15.617648,4.016246,-16.924725,-33.50891,3.8176446,43.153294,45.887234,5.463347,-5.9433136,-71.255135
-34.389854,-31.606968,-17.663637,-21.755243,26.770428,16.181036,49.136395,-38.901283,53.42698,-6.4527287
-13.868231,7.4807844,-18.24811,-69.52712,22.247223,-5.569802,25.983706,5.318079,54.48918,-0.13562143
-1.4374652,-40.871105,10.785466,-16.833273,58.118877,10.769187,51.59506,-43.300343,55.416378,11.723243
-26.069237,-9.5360565,-2.286247,18.52272,-6.463065,-62.244854,64.4149,-32.57561,-20.499819,-22.258072
10.206421,-54.48873,-14.351467,-17.090145,53.385113,19.710213,29.901989,-18.56673,77.41633,13.797747
-8.835519,-16.022377,-8.959321,29.231503,0.62645066,-59.74413,29.853382,-20.942842,-47.748936,-1.7044222
16.35565,18.09174,14.830981,-1.308768,-14.070568,-48.336308,-31.203564,-8.257551,0.15534166,-61.253418
-2.9544113,-34.01789,-20.655947,-41.97123,9.500605,-61.5276,53.677773,32.29549,-2.7622914,14.829719
-30.902443,23.885202,-48.851547,-42.8668,14.308403,29.05433,57.93022,14.006478,72.36423,-70.02036
36.642353,-0.30553123,23.343275,-13.933886,-9.9033165,-49.19684,-23.121616,-8.816188,13.157819,-71.08441
15.226369,-65.601585,-12.030338,-47.65052,28.52968,-9.10902,18.836523,-17.602583,73.70315,16.390312
0.06252271,-14.8447485,-32.45137,-26.240223,-1.3717723,-16.952227,6.41146,-33.322704,-50.323177,68.956474
-18.021767,-61.843105,-8.887596,-3.0429554,-36.117977,-47.909756,61.782677,-32.014297,-14.647417,-44.95112
-31.998138,-49.416885,-10.610798,-9.990575,1.3298312,-87.16767,71.89947,-8.053927,-32.720192,-13.512956
31.058805,18.890247,25.729967,-0.56445444,15.367632,-23.184156,-50.312737,-21.93836,-19.44744,-90.729904
-13.908386,-29.038937,-38.52749,-25.461554,42.228153,8.149574,32.286247,-6.2912683,47.906483,-6.980679
-35.070354,-23.488184,23.215584,-10.649882,30.076492,-72.07336,56.878487,-24.715155,-50.936695,-20.887545
-25.249994,24.130629,-48.510914,-35.356956,13.289471,23.679857,38.374847,-9.417309,25.890888,-42.75992
22.53435,3.0448263,30.8582,-2.7044537,31.864473,-36.515377,13.125016,39.46229,0.14042047,-23.71292
-31.973104,-31.573357,-5.800539,6.4861994,16.586687,-67.62635,50.39415,-20.164984,-28.531063,-25.051125
9.977966,-57.414955,4.7435484,-53.05306,28.109426,1.0939643,43.609356,-30.210367,49.10338,18.906895
-32.849854,-76.00683,-33.689342,-7.5807314,-7.050224,3.1832216,28.762032,-19.049053,40.241825,31.29501
-49.798595,-59.286026,-2.8167498,-56.124348,-23.55231,-41.744034,-37.075718,32.305744,3.1023097,24.327057
-12.354963,25.14333,-70.356255,-33.65339,26.956066,38.40448,1.5774018,16.643803,47.31562,-43.110367
31.995682,25.596573,17.816294,-11.219643,31.092642,-40.313946,-26.886587,8.436458,-21.65424,-99.44291
19.226429,29.000885,-100.22578,-102.912,15.879537,8.739988,27.285477,-70.026695,-61.32878,22.292469
-29.302057,-17.183863,-61.306534,-68.84918,-33.771263,9.940869,7.9700065,35.217594,-33.838966,25.578934
34.40034,18.263138,8.505699,-29.458406,-16.39451,-47.266865,-58.639687,29.705086,2.285802,-29.862812
-9.32294,-30.118196,-44.052025,-70.45922,4.5155106,-16.851131,1.167952,-34.899837,-14.193208,28.821327
-43.36612,-65.47697,-12.079306,-20.067791,67.670715,-37.318733,32.182636,12.008712,57.17378,4.0127535
10.327499,17.819044,18.706911,-9.1349125,9.64542,-63.729706,-46.501667,18.756979,-11.662805,-95.578705
4.0685725,17.149195,28.81272,2.5262632,-29.59108,-41.988335,-42.313133,8.067264,-20.920647,-48.49676
-15.333971,41.693863,-13.547601,-6.8628526,-6.7696705,-7.6737905,-10.843712,18.82936,15.089623,-84.014946
39.967106,20.56987,35.33408,-38.19792,0.8721281,-9.140857,-37.82146,31.044365,-20.455168,-58.060936
-22.079565,-27.530087,7.4816427,-2.6759686,8.2818365,-66.845085,37.10827,-20.768997,-42.78353,11.461736
7.442753,-5.619641,-69.73602,-69.6698,-7.094258,15.829922,40.183525,-18.067072,-58.36239,7.577864
-14.9478,-53.700855,-20.349585,-71.03005,-42.50209,-21.816498,-17.72188,24.594103,-16.286062,53.930847
-38.881264,-12.780778,-18.237864,-52.823208,-39.851654,29.08666,-12.017753,2.2218583,-36.064194,51.636593
-22.667328,20.767664,-41.31732,-27.604048,13.043453,24.51716,49.319645,7.7459517,55.317932,-65.95844
-5.0133777,-35.160473,-21.709663,11.08585,-11.94038,-49.544865,48.829018,-15.967412,-45.756485,-44.044174
-11.172221,12.964389,0.8381827,24.893932,10.590515,-50.42124,28.015259,-37.779694,-34.835552,-8.1041
-11.188625,4.841798,-25.004578,-4.546055,12.444527,11.428284,54.01976,-18.887342,-9.2351885,-73.20757
-22.046423,35.514797,-34.409927,-17.747543,-43.22303,52.290794,38.00122,-10.084912,37.09627,-18.734232
-10.759268,53.808197,-43.475594,-2.2376328,-16.785507,31.982418,7.3951187,-23.780602,63.810776,-24.01032
-2.7786343,-22.511347,10.791318,0.80215406,5.393425,-72.19558,42.913628,-42.20379,-32.94444,-1.9140111
-27.009546,3.2510726,-23.955833,-32.84577,7.2325106,-2.2797952,55.91942,-4.3171463,-27.283321,-77.658325
14.059397,-54.515694,-5.0079446,-21.785156,30.848368,-2.0731323,52.99204,-34.752205,62.230797,16.0637
-3.0950787,-15.205836,-26.383474,-86.68701,-28.916122,-1.5042521,-2.8481998,-11.440684,-64.85075,12.406603
-46.79624,28.042555,-42.07046,-23.689608,16.069885,55.862953,50.962227,15.290914,29.10335,-6.81625
-38.782715,12.951943,-58.41817,-41.731552,4.4127965,-3.3737898,24.924982,5.308049,102.476555,-23.686508
-31.937838,4.8277693,-19.34696,-35.61541,-12.938024,58.68491,32.763336,37.80216,2.3981264,-42.747475
55.527924,-9.431042,7.3660784,9.371285,25.554548,-19.168913,-44.985123,34.126595,-3.7933466,-49.28575
9.246635,11.553595,-56.64637,-51.76274,18.391762,21.120474,19.36978,-10.081474,-70.39698,34.904404
-11.411121,26.34575,-55.732914,-0.9607252,8.949738,40.698822,57.579197,-39.012978,-5.900296,-52.11991
5.508005,31.928621,15.229925,-7.539631,34.802128,-59.558243,-17.844753,11.478885,-25.862635,-105.336784
15.194669,14.731173,20.74438,2.4320955,23.222773,-60.941902,0.80472213,56.66813,-9.853687,-50.588028
-39.965797,-51.602726,2.1328638,7.0025864,13.458504,-54.60686,52.072117,-36.11626,-40.681885,-51.294228
-49.78378,0.6422831,2.806693,1.0622785,-8.910113,48.84313,7.6844096,18.763865,47.991356,-33.114388
-46.09283,-31.451576,-33.63924,-25.654032,14.736689,9.136125,37.55287,-37.07254,5.335777,41.565
29.679155,-14.493964,39.807438,42.1833,20.407204,-56.49495,-28.957548,27.771477,8.190346,-53.803402
-6.934674,12.269765,6.316905,20.163303,-32.11186,-26.12857,-47.98514,25.219498,-9.644874,-17.042135
-28.828348,1.4258242,8.683413,-52.04244,30.40709,44.592487,40.426285,1.6542715,68.605034,-70.57416
-27.222826,-29.171389,7.0550737,0.4153521,24.797375,-50.839382,48.250175,-24.066845,-41.230705,3.7144203
30.286428,44.817417,-4.245483,-31.57627,-18.282358,-42.640892,-49.68408,-2.1124535,-4.994652,-56.791603
-35.205387,6.9715996,-21.287514,-37.45306,-25.05792,32.857075,27.998325,20.470339,74.4373,-53.38386
-4.9174447,-0.8542298,-26.711792,-18.106905,24.542585,26.045525,40.257603,14.757497,0.15309432,-79.45422
-21.60901,-45.705437,0.5991056,15.042827,-15.582773,-56.092503,57.97128,-9.863076,-41.437157,-17.617064
-41.24412,21.417671,-36.144764,-34.689312,8.010427,31.567924,31.192451,-31.967936,42.582664,-36.482544
41.552277,8.385257,-59.093323,-79.0791,-11.015821,13.710772,51.68576,-26.455368,-73.66514,28.83018
32.792854,9.47638,3.8983319,-1.7488776,22.142134,-9.799646,-48.91074,37.26616,-33.520435,-50.104546
-33.794598,37.26829,-42.965813,-33.23947,5.0769506,35.813705,34.30695,0.82495004,43.560005,-38.45611
45.843803,-4.976627,6.691146,4.9271283,-11.067724,-28.66806,-39.141495,10.785443,-19.247446,-36.629936
-21.06003,-69.88699,-11.031588,-8.80692,54.26634,23.262625,81.56954,-22.46862,62.97081,44.76014
19.179161,-35.89765,-37.646767,-32.347572,7.0172977,0.60413253,36.626377,-59.591156,34.246815,31.622025
-29.192577,-56.102684,-12.322475,-29.02183,46.56766,17.52689,50.25716,-43.583744,52.22202,21.46246
-40.8304,-33.56397,-25.547075,5.9001102,-0.82750326,-37.49272,-49.31849,6.7252064,3.9843283,-12.6971035
55.86777,7.0497847,49.613804,-66.70119,-12.637296,13.369135,-6.44408,26.576618,-6.153792,-68.856705
-45.081635,23.710854,-41.38725,-28.297852,3.0227036,51.92316,31.15053,-22.542004,32.73231,-44.778564
-37.792274,-23.541687,-13.063482,-4.2790747,6.7120585,18.311012,61.647556,-13.872678,64.21692,-0.5013108
-15.876019,37.70466,-35.82245,-54.069283,-29.125378,44.716183,34.25055,6.941585,-46.701683,73.94979
-34.60058,26.861694,-26.175821,-20.09039,-20.941492,56.48636,43.22962,-23.469112,57.50597,-36.815186
-4.030692,-69.56392,22.089499,-66.994965,39.79838,0.89974165,72.6922,-45.791954,39.040016,13.495508
-1.1556939,-62.985897,5.6359005,-13.903919,35.39749,-15.244843,48.97024,-27.667921,46.40647,10.461537
-11.1202,-55.08762,8.686431,-27.743553,58.61768,16.244732,53.014256,-18.548592,61.643547,22.737135
22.687994,-27.450335,-45.78169,-65.9978,-11.869044,43.85787,50.633762,-29.403093,-63.500393,39.845192
-48.943336,15.108591,-31.500233,-6.1510134,-7.0378323,72.80124,20.113522,-29.413378,69.94382,-28.302996
-15.830144,-35.5319,-22.750889,-41.006134,10.010978,9.296987,36.161533,-21.716492,53.37662,4.7126102
-41.061043,2.961867,-41.28401,-45.831688,-38.751633,51.556374,38.261963,-18.965302,13.535017,1.1914076
-15.840726,-21.987614,-9.264992,-81.68251,5.133394,5.781352,8.392395,-5.793008,-74.008484,9.812368
23.362555,39.061615,19.980156,-19.2619,-10.184568,-51.677826,-37.69244,-4.46359,-3.5077367,-55.888817
-25.09218,-49.24265,-8.687827,-37.18005,-34.54035,-25.646605,-14.700177,-30.468449,-20.651596,26.809347
-46.841606,41.128292,-28.217712,-38.46652,-12.960999,60.09711,38.908936,15.065239,53.818565,-44.740498
-41.21659,-1.7032733,-25.239208,-9.265437,-7.0218363,49.808784,37.096363,-12.992157,82.98124,-39.18095
-33.934254,15.576335,-19.442707,-5.8787584,3.4304814,29.685457,31.656546,6.3067274,54.38017,-49.38016
-65.76048,-47.593544,-70.4477,-38.477802,-23.80989,24.214579,-42.48021,21.476215,-27.579542,10.04903
24.244967,15.746654,11.909277,-10.9245615,22.13543,-72.38238,-21.901869,3.6587768,-15.931822,-88.655304
-11.695364,20.179792,-54.407837,-70.70813,-6.5560203,28.554983,2.5371103,5.9793925,-60.047333,45.88871
1.9017669,54.17134,61.711327,-12.004967,2.1488426,-39.797226,-40.666447,-42.015297,-8.803927,-69.5707
-11.73021,-5.9358883,6.0047035,2.6669483,32.898724,-51.81779,35.421738,-72.65619,-27.561613,-23.960125
28.129198,21.296482,-46.958588,-77.21889,-55.940235,53.884296,40.445885,-10.311884,-90.439285,62.39834
9.128418,-49.34566,-5.4229693,-28.31136,-21.900137,-11.291116,-2.171617,-35.850185,-31.859203,57.37316
-27.529623,22.051397,-24.277393,-20.71897,-22.355598,12.807931,6.5380106,-6.1100106,24.72194,-29.366398
19.076162,-59.940384,-5.725896,-21.986488,52.311203,18.628265,47.699673,-17.75566,78.638435,47.354633
31.366617,3.8046944,12.70104,25.941753,7.846479,-40.74542,-36.520233,26.094454,8.111892,-45.361862
-41.05872,-36.602158,-2.0286236,0.112968326,12.758915,-54.29485,45.88741,-7.31426,-48.76335,-20.077206
-37.982056,-65.28962,-19.259401,0.028660893,-29.84149,-53.386406,64.89541,-16.220638,6.025621,-38.107697
33.677395,24.23942,29.664309,-4.2280097,44.64585,-21.526758,-33.30089,32.107952,-39.466717,-90.904366
6.8146453,-70.787506,-65.45264,-20.059816,-24.204208,-17.132788,1.8278767,-18.737919,30.087234,26.882565
-44.1235,9.364323,-28.052141,-21.979874,28.49765,25.092419,46.23868,-14.461813,35.042747,-46.43141
0.728765,-48.338337,10.70749,-17.112322,61.65255,19.564161,30.219307,-45.500904,67.1732,6.9608045
-31.44153,-33.826088,22.341179,-0.47938335,47.41244,-51.706932,46.169758,-36.924995,-36.541935,-17.793243
-45.435917,7.4076996,-36.42254,-24.939892,-7.7290826,41.89721,13.333918,-2.972088,38.735725,-50.01372
-7.397876,-7.295114,17.73176,5.654542,54.07913,-49.12819,32.389515,-56.427296,-30.250235,-28.665974
-11.116212,21.464714,28.529654,-28.151281,-35.999283,-67.94515,-40.000835,-48.763237,-19.88321,-111.676865
26.235504,-18.233868,-72.557236,-80.78375,-26.456139,-4.452726,-5.3676963,12.885414,-20.534224,4.207023
-25.277048,-68.448166,0.32436466,-33.817753,46.18484,-6.600825,46.3297,-11.804257,58.12348,16.71701
27.078157,-0.25608796,-10.71847,-26.061865,-40.125507,-30.99163,-7.7680593,18.758091,-32.661636,-102.87377
-37.878464,4.157033,49.044342,48.663773,76.15037,-40.724335,79.05338,-74.48095,29.478447,-6.4944777
-29.768503,-80.26696,-26.504538,-10.360083,84.166,-36.971535,15.662252,1.5606194,89.31658,8.07552
-18.722324,-90.058975,-30.8927,-5.6584473,-13.05567,16.638388,43.72402,-69.543884,77.10289,-3.2418928
-8.226998,-14.486355,18.249424,14.294517,58.80373,-56.84547,27.291885,-43.33449,4.3736696,-34.028957
7.3891587,10.2362385,18.202116,16.411652,14.666434,-53.116604,-47.695698,0.86584026,-3.730658,-65.64513
2.067869,-19.359945,-42.608166,10.123181,-8.539696,-32.631207,78.69041,-70.77805,-40.47083,-47.564594
-34.450584,-39.21956,15.89627,0.06456876,19.610498,-46.11675,70.3308,-45.302784,-1.0097051,-16.57141
-6.5718975,-63.892685,-23.363197,-18.27073,67.94607,-22.626278,30.718538,-24.652153,69.14086,1.214935
-3.221743,-76.08978,-31.36964,3.9324222,0.2394749,2.5175278,5.8641577,-30.033497,-14.211026,31.645126
-13.380765,-31.722713,-50.15233,-82.15504,0.3870734,-18.522726,19.304214,-23.107037,-21.280016,16.873196
0.6307825,-60.44121,-7.751862,-34.426327,74.81116,21.341036,20.66911,12.793059,72.53562,44.860756
-15.626181,-34.952362,-23.466074,-29.115217,36.897472,5.61504,13.913196,-8.710914,97.403404,0.25060117
-5.9223323,-38.143547,-20.291605,-39.276024,59.173073,7.348917,47.42015,17.936167,81.726295,33.27333
-3.9444144,-5.386295,27.497084,-16.1858,-2.275165,4.587426,2.9625254,23.132841,33.32895,-63.252724
-51.626537,23.65264,-26.975714,-58.22841,11.287094,52.909603,28.108936,-0.60959625,46.67051,-49.159557
-11.3562155,-54.19949,1.6580143,-28.955065,36.78031,8.079149,65.67792,-40.637596,58.530617,26.23988
-16.86591,-74.1953,-25.15649,-15.788795,67.370865,-23.566452,21.798994,-12.89001,67.79329,-16.60022
16.04274,41.321228,22.385725,2.1154678,13.912472,-68.66738,-15.769519,23.095098,-27.404034,-70.75761
-45.975533,16.409096,-36.8706,-32.54595,14.953621,71.92476,44.619377,-28.314245,52.71721,-30.316303
-43.612663,-49.110733,-15.140539,-45.97482,-32.498665,-37.942593,-20.954803,35.914562,-2.3503313,37.72255
-53.124,-66.0918,-19.410225,-20.84019,68.85891,-21.480358,44.479527,-11.894032,55.910454,8.671736
0.14393234,-68.30595,-13.689799,-16.818636,70.71463,-10.112793,21.87229,11.14034,74.84259,17.902794
26.335121,-11.05269,-23.87227,-64.49664,-37.139717,-3.9716194,-2.5023525,-32.15571,-56.34853,27.59269
-15.569117,3.5265427,41.920002,45.490536,69.414055,-37.19703,79.707886,-76.01095,29.935768,-22.590258
-3.046071,-77.65751,2.0258796,-13.339922,9.236076,-2.559303,29.99479,-36.366837,72.99515,-33.59596
-7.461765,-35.67651,-23.488008,1.9895699,18.95702,-46.783382,60.958565,-38.402725,-40.187004,-55.86982
-44.754936,-42.409584,-18.41179,-8.022378,-16.549517,-39.28022,43.27001,-0.21006562,-55.668613,-1.0304787
-19.134315,16.224075,-25.736753,-23.636692,16.680882,40.833073,51.043938,-6.417222,33.153725,-48.850006
-24.425488,-28.2562,8.396591,-4.2282004,49.022327,-40.836117,41.32314,-36.00765,-30.265823,-16.87466
-16.320663,-0.14761701,-47.468052,-45.97453,11.990382,-27.348265,7.826876,-28.02639,-36.164238,49.140366
-6.8683195,-14.430756,41.38362,6.720971,-41.101536,-31.22538,-24.409355,-8.343233,-37.94831,-57.448475
-29.339033,64.32129,-63.71006,-48.742027,-20.051445,51.472775,9.275579,21.563622,52.744175,-30.555607
15.749574,-12.113762,-98.53693,-70.610565,5.386716,28.690308,-24.133766,-7.136495,-23.747002,-13.0591345
-19.094616,-75.621796,8.868446,-45.860676,5.4991984,2.8513405,57.847607,-57.250816,53.942963,26.839603
0.38157555,-7.84132,13.3884115,3.8248491,22.810232,-41.6069,18.482214,-59.054,-39.220825,-66.79897
0.8162026,-28.34437,13.878584,3.2712264,-3.8754644,-75.480034,37.096268,-52.97608,-44.80963,-3.152656
-10.063806,-40.615788,10.722685,-15.021087,37.85662,-51.0796,57.16638,-49.30323,-9.824294,-32.011604
-41.626476,25.695812,-43.023712,-42.368073,9.133498,32.603622,25.434961,-18.03631,27.27769,-26.396606
2.1674776,-28.932318,12.336703,5.230703,-14.436206,-60.362156,50.248486,-47.883266,-49.308846,6.263382
-9.795875,-69.401566,1.5642109,-32.89951,3.69668,-18.770935,36.88925,-1.7688171,65.8959,-10.312451
73.66016,12.6379795,34.25841,-52.377186,-12.985176,0.75432134,-22.353148,-10.963578,-12.859112,-78.71325
44.07927,-11.082868,11.057462,16.419136,18.2427,-65.777214,-11.603929,-24.323189,8.468253,-77.98046
34.89886,-0.3404705,7.6576195,-0.6442605,4.3097363,-49.07865,-52.11901,-0.5441491,0.6136965,-56.543
13.539996,-18.62604,-67.482475,-42.028423,11.626376,15.171158,7.413155,-29.428123,-74.876785,32.523605
-26.597425,-45.76436,1.6874189,-15.525624,34.6842,-82.97507,52.966755,0.8986407,-20.849047,-25.414557
-9.862904,-26.36164,-49.114132,-79.67732,-32.89605,32.18814,5.5946975,-40.775883,-25.623045,43.83956
-14.531382,-50.137123,5.147373,-2.6049051,56.375065,17.111166,25.822475,-14.785747,56.02813,-7.563273
-42.44422,-4.702344,-21.206196,-32.701706,28.773464,29.75733,47.386765,-8.786856,19.469893,-53.827663
-35.97111,-19.710196,6.140769,7.0394716,50.561985,-40.406418,57.08867,-40.499447,14.084926,3.7555985
8.266327,-55.164303,-9.777462,-25.421837,39.337185,33.55135,32.63016,-54.443012,65.38823,-47.356495
18.804955,42.51778,36.84705,-16.693808,2.114427,-38.475758,-38.683235,-15.522212,9.719415,-54.778152
8.771618,8.494527,12.651147,-3.9669085,-17.395187,-63.143486,-16.377947,23.968048,31.572289,-47.090237
20.622625,15.493545,11.461577,7.865486,-0.6525583,-45.60155,-70.86874,16.831263,-1.8067057,-21.166859
-48.414486,-61.071537,10.68391,-32.295856,65.88943,0.11960721,48.771942,-36.531082,45.149017,4.286889
-26.462284,-10.516479,-23.41358,24.640118,16.72935,-52.821568,68.74502,-26.735874,-22.845108,-42.88838
-2.4874263,-4.2550817,-46.507923,-16.276432,15.118457,67.12426,35.6881,10.950247,14.264741,-62.462383
-24.352903,-46.200783,9.282653,6.03174,-24.822477,-58.73829,63.8792,1.9295573,-19.299088,-34.79553
-26.690283,44.37786,-41.163456,-58.01928,16.746311,69.69734,41.70415,10.521635,14.904964,-58.95847
22.667643,3.553023,-1.279699,7.8241377,25.217188,-62.100967,-56.21358,23.039366,-18.309109,-50.223362
37.497772,-4.3661904,45.562107,-26.192938,9.942318,-33.387432,-10.452296,15.501574,0.93905735,-75.96207
-39.65462,3.118455,1.5033302,-55.76917,-45.896282,18.667706,3.1912155,2.1636891,-22.956356,44.135757
-10.922784,-44.592133,-44.878197,-43.769695,16.204206,-10.947471,11.975603,-20.946287,-25.12232,48.71302
38.519512,34.869892,-13.074261,37.34683,-18.554914,-26.003986,20.250538,-31.369116,-10.345769,-39.467644
-6.7304335,-35.32215,8.32531,4.3153057,-7.3472185,-36.15729,19.459293,-0.5842872,-41.498215,-40.11109
-31.22813,-29.861065,16.185238,22.441502,70.10132,-40.7444,46.172493,-51.735554,31.918526,5.0939093
-30.032166,-40.908287,19.237898,-7.036711,-13.09747,-78.96215,59.756447,-8.517926,-41.806046,10.324013
-30.266356,-28.46156,-27.041222,-32.804634,38.267914,8.783363,43.951443,-34.972454,48.030987,-1.6762946
-52.900154,-59.775406,-9.078639,-13.669469,50.02117,-31.46057,26.37684,25.669802,45.0728,0.74482954
36.797375,28.097967,18.718323,-5.902285,-14.903811,-58.85147,-47.599834,-24.603367,6.169167,-56.220375
16.072124,-56.92312,-33.71878,-33.303368,29.840677,15.573627,35.68646,-27.047142,37.68653,38.92157
-40.955128,9.137005,-15.348351,-38.176594,30.737667,38.521893,47.86508,-11.733231,46.698673,-60.23004
-26.92883,-72.82905,-24.03823,-17.693556,61.44467,-3.8948877,32.310867,-16.44082,103.53814,16.71002
-19.618246,-21.297506,-25.459295,-60.265865,-12.478469,-14.955262,14.960258,-12.978567,-33.83624,31.789593
-37.13852,-28.408869,7.6230307,10.874841,32.73472,-38.03307,66.42847,-43.733513,-30.120548,-53.334774
-1.4151362,7.424877,22.282978,8.853773,3.7770052,-80.794235,-19.047445,25.557085,-23.591898,-70.06115
-21.56249,-3.8304832,15.636106,21.281326,39.92772,-77.81459,-54.630688,13.744991,-16.29953,-40.489937
-30.100042,-61.753647,-55.13937,-57.170307,-29.708527,42.445457,-32.321075,-12.293658,-21.39416,36.820633
73.09523,-2.464347,28.534735,-52.73262,-24.861565,1.5621207,-5.2729836,10.204993,6.891613,-66.40942
30.93216,-53.52464,-14.50645,6.9204884,29.382086,9.251043,67.07292,-45.663017,74.69095,35.115456
28.573421,9.990396,-24.329798,-73.73695,-17.594387,0.5335249,39.117474,-47.009853,-72.60074,19.48105
-61.10536,-78.62349,-37.125385,-35.96503,23.336302,-45.441723,36.857018,-33.44744,77.196045,-15.535653
38.47953,3.075808,10.794035,6.07048,44.429935,-38.12875,-36.364838,32.525776,-7.6926365,-43.530624
-20.024837,-31.510817,-1.6179692,-5.5873303,34.94862,15.813307,19.990463,-22.822931,74.78191,-19.257944
-20.335756,-9.349812,16.322578,7.378276,55.763947,-47.556084,29.801413,-69.86306,-36.472916,-24.252068
-13.4253,-57.525692,-19.230776,-36.18372,-19.684221,-12.226219,8.976774,-75.036255,1.4115238,48.73534
-11.874023,-9.354054,-14.321218,-23.492517,-27.790596,-24.641077,27.898129,-36.33403,52.68068,-4.3922377
-45.466503,-34.71838,-16.329916,6.262063,-4.0711956,-51.498055,51.070965,-9.616524,-20.927376,-13.960453
-13.176009,-70.858215,23.411613,-47.35759,42.595455,-11.876942,46.657986,-33.74921,48.96141,0.26481616
-33.295185,-12.733524,-80.15306,-28.983807,6.076646,-6.082537,-0.5501012,-24.822264,-27.467878,9.283785
0.28987855,-42.33723,-62.988556,-66.11973,5.928345,2.6944568,6.595095,-10.841717,-28.132599,3.8017373
-43.26845,-45.30598,27.467106,-0.25312173,2.9846754,-34.421345,38.179825,-32.033665,-46.456963,-34.7612
-29.277983,-30.110783,-11.840087,-41.318935,42.1256,28.117365,20.60535,-19.361877,64.50439,-1.0495129
-22.818077,-61.959267,-37.29758,-9.880968,42.94143,-1.3202817,45.282246,-9.558617,56.31984,6.344169
-51.560226,-34.462345,9.502103,0.5759995,25.494074,-63.031593,14.93818,-20.032024,-28.136076,-7.0753555
-25.949215,33.46282,-40.18571,-29.478008,9.640432,50.844563,47.251667,-7.010168,60.96832,-53.351982
-16.884531,-71.53226,3.5193732,-19.05392,28.76906,-3.4645288,39.433388,-55.554356,61.125183,19.430271
-27.8771,-83.370804,12.356613,-20.73205,55.385746,7.7990303,62.090622,3.123232,63.594315,17.790516
-29.252514,-8.787693,-18.835428,-32.200703,15.784422,66.327415,30.181873,22.708937,15.247529,-78.5306
-27.536509,-46.095924,-53.88804,-34.23227,-11.475924,-32.519,-28.709997,12.138749,-30.000765,36.374664
-26.999992,31.705736,-25.24561,-21.545446,1.0996238,61.10966,37.936,8.148776,54.4403,-50.015507
-15.019515,-16.748432,-74.31954,-23.689281,18.82799,-34.659225,-8.302371,-21.695057,-50.011063,29.633461
-20.09156,-69.42083,-7.2395463,-18.568058,-9.6629,-65.17283,59.744987,-7.6675844,-15.518071,-34.24488
-26.106468,-46.54684,17.48287,-7.051902,-33.548447,-34.217182,69.14481,-19.338041,-52.307983,-20.384874
36.83861,3.9588912,7.603569,6.120716,21.682037,-55.766766,10.743501,-34.75963,-33.869286,-55.47757
-24.088823,-8.981477,-23.1474,-20.808853,-6.060241,-17.209528,26.375128,-48.0097,-27.357914,17.482775
12.139246,18.409073,-52.704636,-63.300728,-31.70052,29.938395,60.675007,-2.3435173,-85.46326,49.406445
-30.961218,-88.849236,-8.898693,-29.316685,24.672413,3.2577965,67.78376,-49.00729,41.839382,13.69109
-23.679255,-49.836224,-41.858845,-47.54712,-20.789364,-33.752983,37.53234,30.436262,-28.446882,28.015135
-18.708393,-3.402407,-8.005346,-11.443381,9.221399,-24.71715,53.52827,-13.599409,-45.90649,-66.01984
12.810658,-41.02675,-36.798683,-46.10277,12.8696995,-11.913741,37.782917,-52.23891,34.635597,17.92352
4.393731,27.182861,16.863209,-14.858786,-21.127163,-49.65846,-48.58048,7.294232,-13.50035,-49.46082
-26.09051,-36.533405,-47.541023,-76.80469,3.0010977,-15.53446,-6.8991375,-10.480012,-20.784142,6.924044
-38.594143,10.582149,2.6791399,5.0334616,18.077394,-7.324312,53.60978,-41.253994,-36.238617,-47.414047
8.618781,-6.596437,-0.47184905,-12.35805,-12.488493,-59.41836,-25.992043,32.70592,-11.981279,-113.64653
13.327886,-22.828499,-36.694286,-79.04811,-4.584577,-21.10574,-27.905516,2.3444324,-95.7265,11.752978
-36.639084,-48.736706,-51.500168,-56.983337,-22.83379,15.964012,2.7651162,21.599627,-28.823795,25.69226
2.995473,1.0875674,-33.93141,-51.42073,-35.731804,9.014106,33.52034,-12.011262,-70.41654,52.240284
-6.089402,-57.97711,-0.48113978,6.1370273,3.2226171,-59.50526,14.91753,-51.09698,-48.484753,-33.111916
-42.27561,-53.372047,-32.299965,-74.58897,-11.406252,-9.009535,-14.2954035,-3.2415905,-6.335106,23.77014
-14.324792,-0.97270805,-0.25464734,11.06782,-4.1727123,-17.335785,-40.542793,1.6177721,-6.025854,-46.791782
-17.624327,-3.2978559,-12.325306,-2.1681502,18.001625,-31.870518,30.900763,-15.119714,-12.154969,12.47349
-31.270716,6.764888,-41.939884,-11.683546,8.347363,71.4042,44.49974,-10.904469,42.487316,-49.53734
12.381436,-5.7361283,41.59351,14.468362,45.49494,-11.308879,-19.310696,19.83178,-7.3587346,-84.615845
62.924393,11.495345,3.4864414,-12.105522,1.7174178,-22.052935,-48.57005,10.759633,4.1839466,-35.88294
31.346884,20.940863,-0.8723855,-10.227567,8.599544,-23.697361,-38.645855,23.749897,-30.699331,-69.37045
-32.191044,14.868442,-42.483112,-55.594944,33.814037,41.019512,21.13132,17.453505,55.90619,-40.600307
-30.830076,-24.56095,-7.5517454,22.181416,25.914557,-22.721558,56.42904,-63.154194,-18.86088,-39.0851
-34.94587,-25.001438,-67.3605,-14.553331,-27.221148,12.127548,-12.890599,-39.501354,-47.729736,26.863955
-25.206675,-16.090862,-62.387672,-51.02763,7.26289,8.021028,1.8366618,-22.955864,-46.04641,40.745743
-33.65963,0.8897356,-46.701805,-64.27503,-13.747085,1.1932404,-30.21997,-25.936155,-39.03592,-35.774994
-54.33972,-36.704872,-0.867498,2.7097912,11.319449,40.591503,39.959614,10.9009495,-4.8554454,-20.600485
34.80938,0.52597547,57.082542,-29.201715,20.545074,-25.216787,-12.463947,26.772974,-7.3096776,-82.95899
-45.666466,-7.98774,-34.00968,-21.737104,1.6057222,40.44874,16.712137,-9.21562,33.960213,-51.355587
-9.597646,-55.80571,36.855564,-22.08323,24.613256,-20.64239,35.544212,-51.642433,83.88027,13.490277
20.277119,12.127518,11.954397,-18.923191,6.178126,-50.84637,-11.695628,36.919216,-10.538681,-97.906975
-0.20226526,10.058376,-45.674374,-35.908607,25.160559,-12.466156,18.597864,-20.863909,-61.252457,56.47865
12.053813,8.329881,36.273144,-5.9434175,-54.339294,-45.710377,-9.675971,18.247509,15.662443,-58.78858
-45.769566,14.307397,-27.413774,-33.61363,32.973145,41.847626,47.76478,32.319645,47.702736,-66.749886
-4.0759935,-54.212585,-24.099775,-48.637173,39.819138,-11.972385,51.151047,-22.661654,62.90915,1.6433645
-16.079977,-11.383572,10.535363,-7.238673,37.31252,-44.999493,33.305862,-68.519325,-17.420332,-16.518362
-26.862526,20.350998,-37.739216,-31.857365,8.647982,63.737568,45.63338,-13.282407,37.4485,-23.689468
-13.726071,-47.031803,-10.864704,-14.70231,32.549824,32.05331,41.060066,-30.533258,60.94916,-37.28529
-19.597252,-37.20949,3.0014694,-51.79738,-11.639663,-39.56975,14.813431,-28.038765,-49.681187,17.070005
-1.7413261,-71.04641,-6.949825,-22.172283,64.420265,5.392316,40.793167,1.625875,49.63951,6.3783107
-28.04255,-64.5462,13.479237,1.5987854,-20.00631,-34.595436,60.44285,-39.706398,-12.042622,-32.47244
-26.948067,-38.888092,-14.040445,-44.379963,-39.364567,-17.405226,17.424725,-26.524511,-42.085495,35.786095
-21.034834,-27.207815,7.959916,2.2089195,-17.012384,-18.557579,57.701275,-42.85145,-44.06627,-29.302969
-42.955303,-11.306388,-54.712795,-53.18178,-11.631012,1.4557636,3.1101618,-0.64714557,-22.688116,11.798273
-8.646206,-12.168814,-23.071476,-58.607285,33.457146,24.64058,26.927876,-19.455835,70.5318,0.05213201
-15.104394,-40.866352,-1.8306761,-13.931905,23.002232,2.9614146,71.26406,-24.375132,51.578896,4.9378943
-1.0283537,33.165085,14.214754,-31.124142,10.825792,-12.056092,-8.131946,-6.5327516,9.084654,-77.06026
-11.850898,-27.26236,-70.194214,-44.089993,-22.660645,18.410366,-11.927972,-40.17001,-54.156334,47.39107
-28.823416,-26.038021,-51.564106,-45.015747,1.5567116,-13.062436,-5.244175,-25.154743,-11.914176,43.407036
-8.55468,-33.05651,1.951124,-36.70696,2.7409153,-89.994835,40.885876,4.4865065,-49.840267,14.410576
-40.071087,-13.418675,-17.675764,7.992284,-14.584583,-66.84055,52.132202,-10.23704,6.0255914,-25.370985
34.39638,-5.5544767,24.392488,-42.394764,-11.618628,-29.61333,-11.324818,23.432167,-5.4836144,-94.00869
21.205738,26.321821,35.340233,-0.8437965,16.376665,-31.553907,-54.555717,-12.104521,-36.94894,-83.70015
-10.074034,18.327099,-47.41575,-29.183928,-1.2565968,44.158936,47.231255,13.038084,39.004486,-7.9697685
25.45857,1.5448664,-2.342726,7.2988997,-13.451112,-39.972893,-46.109215,6.4282303,-42.568897,-36.06301
-34.671043,44.96844,-55.100834,-47.545425,-12.5996,48.887447,42.67619,-9.014128,73.44188,-36.777122
3.2107086,-68.19941,0.8366239,-27.13555,21.999725,-2.8840423,36.051617,-44.353264,39.273098,-10.830344
-31.505047,-10.902749,-91.22865,-72.7964,-24.562948,-8.259772,-2.9417007,53.430653,14.47172,20.432188
16.59666,6.46297,13.70718,-17.33842,-39.197887,-39.346306,1.8643731,30.18421,-25.747208,-99.93478
-55.791935,-5.994421,-22.029161,-34.03098,25.856636,36.195297,29.304361,5.0799656,70.16581,-48.524918
-42.53972,21.347733,-19.434647,-32.8496,32.147915,32.41292,68.76161,14.878164,47.192997,-49.34375
-9.746022,-55.51449,-24.970541,-22.17798,-10.749342,-31.260895,47.941666,43.677105,-26.389025,42.260334
-13.433156,-34.20723,35.96614,18.82851,-30.300823,-40.028103,62.204376,-30.330374,-24.150969,-25.517862
0.5149534,32.705242,3.468592,21.402016,-19.885414,-23.822899,-24.851276,34.409733,-54.418655,-25.583788
-18.203142,-49.727604,4.260874,1.1020787,-19.352983,-36.24117,60.190575,-22.1441,-53.540195,-33.42896
-20.957188,45.49221,-41.861412,-34.09699,0.2219063,41.634483,34.89644,-20.253983,51.968456,-32.22016
-34.8091,43.69256,-50.971977,-45.082027,5.2768292,49.074337,38.993587,5.3935256,57.65745,-46.34732
-24.472998,-21.106127,47.463005,0.8034859,-27.230526,-26.96611,0.42496765,12.843088,14.628404,-71.67225
1.7786858,4.7077017,-46.70736,-81.556564,-5.257346,7.008065,14.220776,-13.691664,-58.95868,-10.638213
-58.423576,4.151159,-14.021984,-51.53183,16.963469,51.445774,53.987427,-13.003115,31.150364,-54.58869
-28.655771,-46.56464,-9.176063,18.913158,27.877865,-41.777042,57.37186,-35.55223,-4.017283,-49.49677
-38.46797,17.490215,-44.73578,-42.081013,-13.627534,48.41554,48.171944,-35.92255,37.35738,-30.647087
-12.844918,52.304,-54.695137,-48.42163,1.6148313,41.517082,43.67385,-24.647774,46.48634,-52.83349
-20.823652,-35.769436,-0.2781867,-25.053328,12.397622,-57.390667,33.426533,-39.321354,-8.467031,-10.440493
-32.880905,-48.073067,4.4992075,-18.605917,4.2806015,-63.792564,47.393597,-39.44413,-4.3539815,-28.764906
10.680371,17.712847,23.52943,0.40497994,-18.341686,-57.195,-16.995974,-1.4534141,9.471564,-62.267345
-1.0810727,-14.460251,-40.60273,-16.481333,25.101486,-20.024612,54.418346,-25.558846,40.22326,42.95362
-43.748375,-47.855038,-8.942364,5.196719,-28.081003,-38.70403,67.758385,-25.759445,-3.147115,-45.004414
-6.35818,-59.730698,6.209405,-19.905802,62.98095,18.927534,59.22774,-22.900394,71.663506,40.380318
9.574021,23.128431,35.808052,10.87708,16.340359,-79.769966,-10.497388,27.246954,-29.383259,-71.928375
-14.423937,17.36794,35.704403,16.40171,-11.730903,-74.22333,-29.730478,-8.918369,7.21635,-47.40177
-41.877754,-10.283306,32.961407,5.5307984,30.681273,-73.13294,31.124706,-15.965456,-39.40641,25.05104
-8.897294,-39.64222,2.3590295,-8.436366,6.0691447,-51.493862,47.578712,-51.53074,-43.099148,-18.184244
15.588986,18.75466,21.65205,24.42738,-28.863214,-57.09482,-36.251812,13.979466,4.8012247,-37.73182
1.1701939,-3.0992634,20.036116,8.971301,-11.829958,-72.29816,-30.625107,24.92657,6.242389,-75.1233
-29.024378,-25.232292,-26.10679,-39.051376,27.576588,-12.446644,30.173883,0.2753627,-12.020316,6.386646
-47.113037,-48.626343,-4.8492813,-41.52538,-19.516735,-64.8338,-16.18787,38.380104,-13.487805,30.169487
-45.526794,21.866081,-37.63396,-24.101833,9.763177,79.16431,32.95794,-11.640725,54.33731,-43.140205
40.085552,-7.077539,41.922176,-14.36147,3.3645988,-43.54645,-8.657815,-2.591589,9.611154,-74.678215
-23.927298,-23.165735,-8.51445,9.972481,22.394087,-60.098778,60.748714,-35.389965,1.9817257,-39.157413
29.81039,-30.775045,18.377985,-12.062737,-22.351046,-42.176937,-38.814198,38.3666,16.115002,-49.654285
-14.940298,-21.757538,7.4145107,-24.028717,-26.659462,-45.743652,19.860748,-2.4887648,-39.17806,-7.9866657
-11.6015625,2.4000318,-7.66134,-12.528084,-26.796183,-77.53249,-8.728432,-3.0551944,-17.654446,-33.184696
-27.473314,-29.351862,-8.068559,-23.16758,-13.423197,-33.275043,38.56844,-12.42173,-61.15018,7.3246512
13.130354,-2.9317741,-20.396406,-29.254446,-16.963484,-44.48446,-4.341308,-23.20265,-74.49916,56.284866
23.807123,29.316214,50.947094,-5.290116,-3.5321822,-11.587278,-32.1744,-6.678031,-22.976646,-92.528625
5.8602085,33.755157,39.972782,-39.123615,18.54623,-27.371653,-25.908617,17.268883,-23.778803,-99.393936
-1.2672583,-41.243843,-24.315428,17.40664,-13.01056,-52.884808,62.37128,-8.493395,-29.875578,-31.894388
-1.6181872,-45.169228,-37.82463,-11.829674,25.435316,16.036034,49.99037,-35.25998,55.415665,52.337837
-10.298694,-12.7515135,-43.339336,-49.2316,-10.077265,22.12879,25.595358,9.861006,-74.210365,52.200813
1.8245337,-58.754314,-20.030186,-6.2621536,55.88107,14.095472,34.627064,-47.531883,91.52494,16.457108
-28.334389,21.350586,-49.77146,-21.844048,-19.4526,55.830753,43.590015,-47.524582,44.79765,-34.013065
-20.552086,-37.52823,-61.919556,-63.759712,-4.734466,1.3917177,0.08332127,8.370744,-45.135975,-14.769578
-26.02919,-47.253563,-7.7028346,-17.45545,43.46859,16.022022,65.08532,-31.489746,37.25453,-3.8616793
5.211011,-45.40816,-17.644398,-34.47334,49.628273,2.756642,45.465237,4.3576264,85.9206,43.199936
-40.200714,-64.51183,-34.98046,-15.537625,45.7983,-27.844435,54.334354,6.1511683,53.77097,8.341436
15.029493,8.227217,5.3166723,-3.4009318,-31.956678,-50.54499,-26.494461,-4.6174464,-43.184544,-42.949837
-0.54375845,-2.1283345,64.49273,10.046267,-17.86824,-55.26684,-3.435312,2.499115,-2.6076071,-71.069565
-45.36844,-44.685795,-50.00281,1.3867023,-18.923655,-15.49117,-19.270931,-14.500944,-53.170074,21.010437
-12.942069,-8.971663,-86.62385,-75.26688,-17.95567,-1.7480128,-15.531711,-17.721838,-30.79902,-16.728401
-49.15399,12.802528,-26.9306,-30.324026,7.065109,26.96316,38.95412,-16.1496,44.633217,-45.265373
6.809248,-47.550354,3.303821,-62.25862,-12.567322,-12.390309,63.22647,-26.942278,1.3174219,49.043617
36.53679,-2.5298803,55.505363,-12.896643,8.315287,14.457789,-23.193233,23.10262,-9.30474,-64.80796
13.361056,-33.339813,-43.21441,-41.36284,16.907545,37.448368,7.773701,-35.747288,-53.494488,56.805824
14.900148,4.637434,-2.018101,-17.102869,-31.994883,-44.326916,-17.368656,26.279177,-8.247788,-101.425865
-22.052242,-9.657814,-15.756772,6.986314,-27.11314,-34.745407,-67.86724,-2.470292,-36.14662,-36.527313
-46.95873,-43.028065,-23.638624,-9.27883,-16.320919,-52.24761,-22.184591,27.868841,-21.546616,31.936264
-16.858145,-66.74398,9.141543,-40.48733,45.31393,-9.832787,61.69061,-15.532621,63.70984,24.567745
-7.227669,-2.5819042,16.766943,12.15152,49.132824,-51.58667,19.272459,-36.921047,18.247978,-22.280157
-34.349583,-45.835197,-1.7790107,-14.3024235,40.006763,15.926033,51.972046,-61.71727,65.163795,16.5473
48.761524,3.8385928,-35.60164,-57.65702,-32.489475,-16.30676,47.417927,0.30502394,-45.55216,49.289097
-0.15981312,-33.790035,-18.673122,-50.313957,-17.719913,-20.311049,8.4177065,-16.262157,-75.56807,54.483753
-1.1804444,-66.54375,-24.719193,-50.12038,40.558907,-0.8415927,20.481394,-17.265541,90.52426,16.40494
0.60523933,-0.59892374,42.650204,4.975606,12.042183,-10.646042,1.6482416,6.8960514,17.359823,-84.76805
5.5060534,-52.45011,5.1196003,-23.036963,29.832335,21.742249,60.19211,-30.625586,80.18945,47.630928
-22.920837,-49.338966,-3.7860286,3.7181158,24.882648,-48.346817,49.020096,-20.238842,-22.47263,-34.05757
-21.774033,-25.595903,-26.899523,-39.731735,26.292662,19.233822,44.757504,-36.433815,89.36637,-9.040642
-60.585953,-29.884668,-13.219879,-49.24139,-6.481287,11.412514,20.800737,0.92947334,-65.79394,40.668777
-7.397333,-14.203713,-59.69651,-75.14603,-7.7931614,-0.8575022,5.403342,-14.878191,-58.026474,-26.544775
1.3897918,-16.144005,-46.939,-50.580467,9.075476,-16.978535,0.9470887,-28.36835,-22.011042,48.334846
24.179565,47.091743,19.658781,0.9288006,16.674044,-29.924696,-27.68401,29.074594,-20.052734,-80.79981
-52.745964,-18.264023,57.18292,25.949562,26.165665,-39.443336,54.593853,-42.66167,-9.781282,-4.6880307
1.8768628,-61.0291,-6.646711,-47.021038,34.80907,-20.752007,40.007416,-17.411991,61.020874,7.7469487
-12.328597,-32.145164,-16.311445,-30.227488,10.166542,14.227512,57.574852,-31.386335,68.91234,-32.166355
13.401996,5.1341166,-0.0002895582,39.235424,5.969612,-9.613598,-45.7268,14.489384,0.5511817,-44.9904
21.28983,-39.123455,-17.734365,-61.073277,-24.720528,-44.794865,-9.985443,-11.284866,-69.96878,43.67716
-18.568012,-29.590145,8.103219,0.63688374,-6.592473,-69.15706,52.976093,-31.763563,-31.342873,-9.88692
-5.990826,35.30346,6.102516,6.738945,-10.477648,-41.027145,-28.280294,7.7806034,-8.998569,-34.6018
-23.493544,-8.152404,10.115627,9.790778,58.528957,-63.71135,54.208656,-59.13895,-20.220821,-31.938883
-23.808773,-3.956284,-0.755333,-41.90139,-28.318607,11.471603,29.501532,16.986378,34.175144,-77.869064
-38.523968,-61.73179,27.616598,-3.8796678,-44.35759,-59.7953,53.988087,-0.20833768,-46.649513,-21.247122
-49.829327,9.572745,-6.375854,-41.161682,1.7059746,33.396534,40.737274,10.978241,63.732048,-54.256397
-13.683645,-50.995853,-3.9697309,0.63526034,15.433746,-48.614616,53.895813,-38.990723,-3.3581376,-48.11017
-40.860107,-2.7008996,-31.26645,-38.208847,19.110449,54.522457,40.188297,2.5473673,27.810436,-70.31912
-41.149742,22.798449,-33.275284,-37.763,24.483418,32.005615,60.673397,27.506617,56.712875,-53.272038
13.811543,-24.712046,-46.001854,-1.3703653,18.361809,1.256067,54.56916,-45.056576,92.6437,52.020016
-11.647273,-10.414419,-43.39762,-97.61283,-11.090433,1.0224473,12.735284,-8.498152,-44.110466,-5.479161
21.606863,-66.35565,-9.7166605,-13.243818,35.299362,33.424595,55.721966,-9.065189,95.9413,42.045418
-41.824787,-18.430326,32.41024,6.9936867,16.790575,-49.99153,40.431744,-57.398026,-42.585197,-32.53842
-39.552776,-11.753173,-3.871571,28.33603,-35.84069,-17.618793,32.969624,-60.16584,-34.80743,-11.999727
-20.795181,-66.96374,-12.460236,-20.662842,38.70999,7.462638,44.279633,-23.233099,55.669586,9.078521
14.545729,-11.035277,58.595352,-4.095725,9.752128,-11.019007,-6.6466875,24.466442,2.3904243,-74.23973
-33.087086,-20.222904,3.0054986,-22.16484,10.868465,-48.216003,43.453915,-27.628891,-19.375788,-4.158965
-10.975534,-32.709183,-18.314867,-68.1409,-55.48296,-14.97989,11.829689,-23.137733,-40.742573,9.607557
-16.941534,8.50317,5.482333,-3.4040306,13.447163,-24.53443,3.5980225,-42.98216,9.701379,-70.354126
-32.56276,-29.532022,5.4953365,-20.059984,-11.106274,-80.59896,57.640003,-0.54457283,-48.8249,12.136906
-4.3627048,13.813216,-73.532425,-22.484167,17.349209,-40.64159,0.331518,12.153209,-72.18548,64.27919
10.459096,-1.9044638,37.176704,5.5146723,-21.520702,-32.248676,-23.169748,17.412867,1.3313465,-54.543552
-9.033593,-51.78784,-6.431527,-30.840649,32.666466,6.8134155,81.91522,-18.569048,52.54801,12.095028
-29.749662,-16.72053,-49.55071,-74.255936,-14.809739,-7.12633,-3.758746,-23.378748,-27.033852,38.376583
-34.878216,24.664448,-20.807962,-36.869255,-5.8611293,55.76878,33.894524,26.866152,43.413803,-67.971306
19.672604,-1.8189195,1.3007255,-13.042028,-11.31785,-60.81807,-26.538614,28.29121,-2.4209971,-102.98884
-8.167561,33.897564,21.686638,-19.2733,17.549953,2.5218575,14.323861,-6.3466115,6.632534,-80.334
-48.654663,4.470338,22.783102,3.465808,16.482052,-38.517796,38.2419,1.0930394,-18.921246,-21.366394
-19.789062,15.763967,-41.007305,-35.621284,-11.866749,36.587433,58.752155,-14.333937,42.134247,-70.21004
9.400157,-5.970692,36.27291,10.551652,4.965415,0.5787958,-39.200195,-4.8718987,-5.7490344,-81.22589
-21.290728,-76.27864,-25.30231,-15.256107,9.179055,-16.52685,51.752987,8.434485,-22.381483,18.823772
-0.5512667,-7.87297,-4.2245765,35.114105,28.055422,-25.376219,38.904884,-48.611088,-26.0176,-58.723003
-9.1728,-63.31534,-4.2694516,-32.808403,38.568893,-2.73117,31.03055,-25.961802,54.678185,14.688747
-31.286386,7.670085,-39.03297,-19.443226,5.9634643,60.134884,48.238052,-11.68491,39.626213,-27.729635
-42.387028,6.5412855,-31.90461,-53.34335,26.862717,51.9126,-1.395806,16.464931,56.03084,-32.992607
2.382872,14.493064,10.3855915,-18.197687,-22.631662,-34.618065,-32.029003,2.9078152,-13.522285,-97.55726
-21.360918,-26.312967,12.889375,21.979115,15.840691,-53.58383,67.9571,-34.486267,-57.19568,-1.0944886
37.998997,0.22800365,28.50875,-2.315595,24.65176,-57.134743,-16.530313,3.6130283,-0.9387907,-68.45195
-57.10251,-34.18184,22.48336,-8.407293,-14.851663,-29.950403,76.775055,-16.815275,-34.98981,-2.1430016
-20.077993,-23.915026,-5.4830084,17.326118,4.68702,-34.649,53.84832,-42.89593,-37.445683,-8.214583
16.775166,-36.434864,-6.7311225,-5.115984,33.68073,1.6333606,49.678165,-58.816093,63.553215,27.431421
13.193344,-1.8803424,-46.805134,-103.74063,-38.880085,26.168098,33.600555,-3.6243172,-48.68007,30.388477
-24.330017,-50.7125,6.203782,-22.865997,47.47063,20.880348,52.085217,-36.46965,92.14687,33.807568
-21.752796,-60.537067,-32.041363,3.6207614,31.763607,-4.719802,41.93488,-37.58546,94.70368,34.41429
-56.185352,-32.761936,-38.246265,-54.2198,-18.809326,-10.861445,-21.92575,-6.0412736,-38.051746,28.19514
-53.321484,30.81347,-72.36207,-26.590733,-6.0608625,3.557608,16.117992,25.73955,26.001135,-45.13495
-25.605286,-10.442193,-4.793296,18.22424,-21.48744,38.005608,39.25617,-41.125156,24.039143,-32.392982
-4.607837,-39.251278,-46.287083,-8.513184,25.15834,14.714664,31.528297,-28.28935,25.687084,58.86605
-68.683395,-37.635914,-78.79464,-55.640728,-16.856636,1.2080657,-43.436195,26.201147,-26.061749,0.70655715
-1.9298948,11.548095,-17.333258,-2.2840555,-14.389129,-21.195763,37.51394,-4.941749,-35.078064,-9.322278
-67.355606,20.613394,-35.97124,-14.652197,4.7514462,46.554516,60.37628,10.845986,21.227434,-3.9948554
-4.841503,13.567632,17.946653,-31.596283,27.022722,-36.139416,2.3992405,48.77061,1.6990514,-40.363487
-36.553368,-62.155617,-15.768732,5.413863,-20.90965,-64.37324,-9.752929,32.83119,-48.085377,42.051434
-59.40289,-69.24863,-14.295885,-33.41729,62.22158,-27.765387,38.94681,-30.223265,55.92659,-13.909569
-16.490456,-40.91926,-36.36829,-30.086033,-3.7844408,-32.517643,-15.278001,5.7025504,-32.758263,39.134933
42.37928,37.432583,8.903207,-18.150951,-11.192813,-53.428894,-51.839607,-43.912582,-9.108049,-79.94024
-46.299618,-36.946526,-44.631687,-49.188526,-40.908382,19.66109,-57.272385,6.3701286,-38.954273,25.0096
-11.669904,-44.024086,2.8152664,-48.947437,24.870188,4.8274393,55.763245,-55.550846,82.26089,35.640564
-13.989527,-8.4259,-27.267756,29.00317,-11.330056,-18.929678,64.3015,-12.911146,-77.87664,1.9029526
-44.465694,11.009066,-34.027454,-36.06829,-4.802267,45.080936,33.66983,6.1471906,39.27208,-56.907005
-33.57638,-33.545574,-40.01597,-58.534004,-7.542171,-36.930096,-26.793331,12.43777,-27.841772,3.740058
-39.03681,4.665115,11.426484,1.230191,2.1735115,-49.38352,55.743767,-28.541046,-35.73108,-30.534004
-36.492165,42.03987,-49.86757,-39.840446,4.161571,43.579323,34.2672,24.65542,67.11307,-45.2055
10.372981,7.559241,40.916924,15.125304,-7.6860375,-78.68751,-42.424934,-4.3335204,13.488438,-37.802364
7.3770304,-11.008761,18.862776,14.954297,31.0667,8.138341,9.526132,5.9751763,24.19521,-81.36292
3.5987358,-30.400494,-54.901455,-81.01968,-11.252051,9.3141985,28.422289,1.43962,-63.02709,17.476406
15.33858,21.26982,-7.409839,-14.453587,-11.268131,-30.978107,-48.0137,26.917305,-19.839415,-37.027493
-25.348446,-64.18031,21.747976,-2.1767514,54.28143,33.825016,37.088753,-35.592136,75.306496,-30.794685
0.45309138,-45.196037,-18.386099,-22.572842,47.99188,17.255295,18.135954,-8.846489,70.30926,-13.386917
40.91655,-5.6184125,46.993973,-13.369834,12.013586,-21.864384,-8.481225,45.193295,-3.3851635,-49.04094
-28.183561,-51.843346,-17.858494,19.624569,4.606479,-34.580475,45.92277,-21.18941,-16.802845,-42.534206
-0.04292009,-19.432098,-36.58153,34.28151,-7.9537086,-60.455368,59.277355,-22.637407,2.8427796,-30.253227
-67.314995,16.753286,-27.735012,-49.91338,-8.948557,46.08341,55.65647,12.126172,35.74061,-28.731752
-6.558927,-50.02907,-30.986828,-5.1019263,13.4419985,-2.4202323,64.51029,-4.2353444,63.479282,22.27696
-46.510387,-7.525498,-26.461332,-16.609123,15.094007,20.477041,38.301605,-4.134552,43.829937,-57.22215
32.711514,16.999695,12.031402,-6.194334,26.349981,-49.137173,-23.985134,19.447449,-13.451352,-51.5052
-27.181345,2.6937258,-36.27038,-12.819992,9.19279,58.541183,44.163734,-8.99014,38.693787,-22.507635
26.984228,29.478476,-7.147292,-43.934967,-18.508308,-26.305046,-64.558266,2.0955377,-30.43523,-70.49632
-36.743908,-47.918697,8.390525,-35.92993,9.214396,-67.95523,9.9232235,10.937903,-21.284605,20.206367
32.565796,19.039776,4.1428566,-17.430983,-17.84932,-14.838693,-56.792393,12.922933,-21.342268,-35.632854
19.771578,24.978392,11.313693,3.1055713,40.476242,-66.89795,-43.756947,53.464684,-45.323982,-77.04402
15.252353,13.738039,-56.279766,-87.23128,13.538367,32.22972,77.009964,-25.985216,-88.47993,49.766037
-13.055969,-51.646236,-28.674896,-4.2385454,15.168097,-14.882773,2.5863824,-65.69827,-37.41474,36.70662
-35.188633,-8.735151,-19.764471,-23.678005,-5.0915985,12.85003,34.60397,20.65399,61.689224,-65.26861
-48.202354,-59.056095,32.82642,4.7274694,7.75016,-41.973965,49.17662,-28.129562,-55.225773,-32.108288
13.891474,-42.71613,3.4276536,-35.45529,32.86637,6.8516006,44.010048,-39.150375,78.74685,36.93474
15.862053,53.545315,25.02848,-5.2127337,17.610764,-33.21478,-29.010653,-11.501959,-8.325331,-46.47565
-41.490627,-37.452515,-37.319622,-21.146145,-17.944332,13.2583,-40.780132,2.7285342,-42.743996,5.948083
-22.017153,-53.547455,-9.535803,-50.04973,28.667747,19.133566,44.37342,-9.406475,58.77623,-6.9956837
19.507215,31.920958,4.0134087,-1.2172776,38.442207,-32.253212,-37.784313,26.88841,-43.13612,-55.653862
21.558718,-2.7017622,-4.195343,-21.566177,-8.233552,-49.910904,-29.089294,26.934763,-8.2762785,-117.03688
14.619494,-34.15744,-28.644005,-48.226696,-6.313011,18.566374,25.090052,-11.666463,-53.135788,29.814453
-40.353855,-52.473125,-25.876118,-10.453958,13.969862,10.684822,30.503284,18.38089,33.662907,17.369621
-31.082043,18.879875,-40.158897,-21.21984,-4.691013,48.153072,44.291092,-23.339167,75.22187,-39.575424
-53.47291,-38.72178,-31.65463,-13.53371,14.555409,22.083065,45.988956,-45.938797,101.6697,5.716046
11.396765,16.759039,34.594154,12.709924,-13.674081,-28.162327,-25.810766,-53.657948,-13.450709,-82.39846
-37.728573,47.22894,-35.240963,-68.250244,-41.25076,60.504986,20.577316,16.358368,60.40862,-48.580376
-30.250494,24.926971,-50.643604,-34.119244,25.94895,37.058193,32.174274,-12.699695,56.34703,-44.4751
-42.645412,-44.950657,-3.3003585,10.416836,21.222773,-55.05239,53.754856,-28.323652,-10.48511,-42.16326
19.550323,-34.15466,53.63288,-26.385733,38.657337,3.1569536,7.3045325,-9.838521,63.56516,34.621788
16.15933,-18.23338,-6.8846045,-27.2841,-28.791618,-41.605434,-33.478,-21.81413,38.93695,-52.943718
21.202038,7.5177584,23.23635,17.29337,26.68595,-68.295654,-25.565332,21.855278,3.216998,-45.140995
2.3565745,58.80174,6.248803,-0.6094211,-13.290301,-30.888983,0.79448533,21.68872,9.879337,-42.01782
-41.146587,-55.391884,-10.919728,-74.80579,-15.7370615,24.406939,-13.669241,0.99470764,-70.39566,38.163334
-24.957968,29.706999,-25.302881,-52.545055,25.015251,44.06103,47.141018,8.533196,44.06536,-49.960777
-33.11572,-52.166183,5.863599,-26.099802,59.205215,6.356369,37.762184,-33.519962,60.986214,5.171745
-50.71868,-47.49897,20.00518,7.090493,8.213013,-44.310493,51.509583,-29.960476,-47.661537,-33.300186
12.490716,33.208412,30.522873,-20.620926,-40.002396,-52.017952,-30.400396,-39.21994,-15.16975,-83.570076
-14.055548,11.427856,-46.170208,-39.020744,34.206963,15.85647,43.209774,14.97617,72.36394,-18.754562
-7.321081,-53.621574,3.6643412,-27.945961,-2.7971146,-17.524803,37.741253,3.6747732,6.7852473,-19.15818
-16.866692,-25.221664,-38.113007,-69.53984,-25.642654,20.935028,-11.322386,-17.251791,4.036166,38.62456
-30.341627,-60.30051,-9.998445,-34.545273,53.316723,4.0529795,27.113888,-26.465351,82.52363,15.466526
-35.535835,14.786505,-25.308657,7.7682924,-32.04604,54.860508,48.326336,-22.413063,45.01336,-27.241682
17.098984,27.365772,32.41967,4.259821,-4.1499543,-73.44472,-38.11277,-32.35374,6.833556,-59.126617
16.06819,20.669273,43.2584,9.521185,-3.4886937,-13.559443,-45.42302,-39.637955,-21.084883,-99.88449
-49.59747,-5.4513736,-27.647223,-37.830605,10.371666,57.74188,44.18714,-19.558167,32.044155,-22.4106
39.834824,25.449633,-2.24734,4.5956516,-10.640506,-33.158325,-49.80259,1.0436462,-24.84785,-27.035511
-2.9278114,4.3062525,32.541946,-45.759308,-16.130331,-21.335451,-27.645136,31.72197,16.887953,-52.501686
-0.9163436,-7.2861614,56.222446,15.253295,11.340847,-27.785675,-21.116796,-47.097065,-41.128693,-62.231297
17.91474,-54.218483,9.449104,-47.787327,23.504913,-7.266,17.547318,-6.021405,78.38999,36.419506
-23.726942,41.850628,-4.4764476,-18.59788,12.944895,-23.984915,-3.379666,18.237055,-11.028967,-65.47971
-1.158765,-39.96618,-16.717852,-49.09425,42.39177,11.710274,43.72653,-14.849784,82.88125,9.8078985
19.504606,-63.994324,14.366021,-17.006268,43.283478,12.310313,63.007294,-33.02151,52.946663,42.81775
-41.756683,9.620927,-33.7237,-54.799896,1.5794083,29.704185,32.389736,-1.9686285,66.32731,-22.3631
-10.959939,-67.9331,-50.585587,-35.016502,-17.14877,-51.6221,32.516876,29.69276,-7.805508,49.84742
-61.365147,12.331131,-42.621986,-31.830185,-3.4250274,71.83905,26.791801,-18.32548,58.37045,-36.777145
-47.234596,27.892633,-40.226955,-30.307037,5.9238462,37.743866,28.46074,-10.183161,48.736206,-44.248695
1.1723042,0.8342494,-30.49975,-48.828865,-4.438995,-41.011242,4.4435954,-4.0255203,-67.01081,43.889793
-24.61262,19.170908,-54.775425,-39.63075,9.802451,11.4760475,43.51597,6.6128535,55.298462,-54.187374
20.135376,-70.11816,-6.409954,-45.71204,31.028997,-4.2331824,12.581184,-17.172678,74.33873,9.428804
12.014909,7.74776,45.78516,-0.363958,7.2589936,-21.58411,-29.248499,18.451164,0.45632794,-78.595215
-43.404232,-24.5647,-29.10637,-15.079118,-9.346843,-0.708536,11.608292,-10.5917,7.768381,33.1291
20.615746,-28.170826,-45.585247,-49.629032,-16.926916,-36.239864,-11.9398575,-7.6976385,-24.457947,58.119877
-7.675908,-24.226456,-25.659338,-59.967464,33.21632,4.4213924,39.783657,1.3481989,92.15042,13.673601
-49.870884,27.442604,-47.280403,-42.88312,10.221,45.274868,1.9021595,22.00122,35.188755,-50.675385
-59.32558,8.572701,-32.481518,-26.880512,28.33362,43.06292,31.993177,-14.228077,55.429245,-39.639965
-35.100372,39.640068,-13.634295,-35.895924,-17.29685,23.353329,40.735344,12.392719,41.89875,-53.601048
-45.459118,-53.224266,7.614542,-51.470592,-11.674295,-51.597263,-9.309839,25.348352,-17.242617,27.266338
2.4353528,-52.4253,5.166278,-45.94466,41.48357,0.7415638,32.726368,-39.667004,59.217537,25.442238
18.55664,-23.28914,-0.206558,-26.125294,-27.539116,-45.944386,-8.221994,6.587981,-41.68131,-62.56851
3.376937,-18.571835,-28.501558,-81.09173,-25.841946,40.958023,66.49507,-19.50327,-24.864408,55.401493
22.817972,24.151377,9.180282,-31.923477,27.75794,-31.263636,-41.275864,48.09825,-30.111305,-62.22575
18.088617,2.3382647,-25.51523,-73.87115,-22.327429,-3.3533378,5.423863,-39.291954,-58.150528,18.670631
-22.30469,-34.574203,-11.9073715,4.900966,26.275143,-59.183617,47.837975,-18.57983,-46.315098,-16.64594
27.562176,3.7366807,7.257722,-37.849213,-38.234257,-12.421883,-27.518759,6.8209777,-36.604816,-59.29641
4.951022,42.9096,12.335162,4.6244,11.493795,-36.465492,-11.082973,-19.439484,-6.208994,-40.185886
18.85301,-60.477844,-4.7446527,-32.51392,38.27609,10.741636,39.497784,-28.230686,77.12821,39.44039
-12.882232,-42.216057,-47.840332,-66.48576,-10.740799,16.098627,33.32626,7.3687544,-43.994736,27.726578
28.494305,-8.195087,65.732605,-0.73144996,8.319018,-1.84094,-15.63547,19.026426,-2.2577217,-68.35134
15.372754,-56.27998,-13.584335,-12.70489,54.00574,15.398123,49.14738,-29.246325,69.1123,19.248528
-44.14087,-27.968075,-31.582724,-37.612526,23.129177,46.485813,41.54977,-7.317411,23.953918,-16.116179
-45.567226,11.874543,-47.50323,-44.590412,-27.501842,62.120052,26.042099,23.15143,54.068542,2.0412498
-37.63621,16.107584,-61.18229,-45.668163,-11.860812,36.113796,28.342615,-18.900633,12.101078,-22.180984
42.429432,6.76986,13.452526,-42.68456,-3.0052824,-29.739218,-15.843355,19.793709,-8.339138,-113.48617
7.8648605,-7.761574,39.14498,16.186993,-5.786062,-31.693474,0.39603567,27.450977,6.784326,-72.39444
-41.11476,-84.5129,-4.2282925,-30.643667,29.413708,-19.840864,47.50638,-8.753478,21.675407,-3.5924134
-42.52704,-54.363205,-28.082687,-62.040905,-30.352425,46.86671,7.1932817,28.982355,-47.95632,37.194546
-32.52369,-63.805553,-7.5892625,-57.128716,-0.33066148,8.64416,46.901783,3.3428168,-5.4279876,37.062523
22.563358,59.346836,31.57197,-17.036055,9.666694,-27.029411,-32.12755,-23.104872,5.853066,-58.45776
15.884128,21.09756,23.191942,-4.319849,-10.415857,-61.683716,-32.951496,-24.615288,0.5430207,-66.77178
17.910122,-67.771576,0.20040059,-33.052177,44.680138,18.484917,23.532122,3.9202433,87.76,41.58178
23.085464,28.64099,11.000564,4.385327,8.697946,-60.312588,-49.20549,-30.108044,-30.540163,-61.612812
-26.721302,3.6565459,-71.93285,-30.096977,-44.10631,10.163408,21.801514,-0.18747787,-17.64643,37.382065
-13.953829,31.119167,-16.231955,-3.1751666,5.9688544,24.937473,26.310177,10.194938,46.023907,-50.38044
20.841125,-6.34632,24.837315,17.675766,-18.427345,-23.5799,-45.583294,33.472687,-19.240757,-35.39582
-33.042812,-40.826756,-4.4680696,-40.005013,-31.614098,-40.329216,-6.108034,17.172155,-34.280746,34.846054
20.368694,18.879002,1.8402071,11.823808,-11.2111,-28.411888,-53.635822,23.427248,-14.166751,-16.084309
0.04305041,-21.875341,-59.051506,-73.7336,7.1025047,-37.96645,-0.1424463,-15.012328,-28.214449,16.209581
-22.847738,-75.39044,-16.23685,-38.620575,15.334139,4.4361677,70.64846,-39.564938,53.14295,22.969412
9.085623,-62.051315,-32.821945,-45.320084,5.0862255,-48.298416,-7.7163286,-10.425995,2.41077,30.294758
6.767683,-6.77309,-40.8872,-60.373497,19.72499,-8.786182,7.8761888,-24.744001,-69.29926,28.700167
-15.385112,-8.531428,-44.267128,-11.680825,20.58412,64.37468,45.61212,0.2631602,34.01786,-58.473614
0.71248376,-55.05209,-0.19865263,-20.142307,36.663513,7.481518,51.429653,-41.221867,63.80995,15.662865
-70.44079,-18.41154,-14.093047,-23.328632,11.892991,30.36999,29.20633,10.15132,61.052322,-47.656113
26.139587,-11.432417,48.40947,16.763176,-19.060751,-42.032288,-27.742435,32.66921,12.770729,-61.315678
-18.145578,-30.036558,47.87769,23.985836,24.277315,-50.71819,48.040424,-34.915226,-39.413876,-19.15681
-16.089571,-66.8218,-12.245587,-12.414773,-38.239223,-83.36241,65.353546,16.335869,-45.326656,-30.073027
49.27719,11.527936,-0.43998376,1.5454943,-10.637657,-30.507282,-49.146507,5.696504,-24.740925,-28.838026
-39.906616,-52.276165,-12.844994,13.498619,2.9963765,-33.470448,41.851593,-20.600384,-13.809766,-24.820606
-41.68744,-17.390303,-65.28018,1.3744507,2.3575568,-10.307189,1.1505786,5.777663,12.911724,79.27952
48.63111,-34.314907,39.074974,-1.7242414,17.377153,1.0693512,-37.26421,18.134624,-1.8088788,-65.55107
-11.384052,-48.392944,3.3460908,-45.426853,42.000595,13.986148,43.486073,-43.52904,69.24536,13.966546
-43.955738,-12.887157,20.920895,-9.848724,2.2527194,-56.945755,76.60351,-15.733997,-39.120674,-17.771408
-20.867554,-46.83784,-55.102512,-10.315534,16.063532,6.3309555,41.45198,-23.000267,79.59861,51.090523
-9.087845,-11.729268,3.7687037,-33.82241,-33.280205,-35.593227,2.6848319,10.526565,-16.618618,21.0217
-8.040404,-27.331738,2.6522577,17.259277,20.538069,-66.32423,24.767023,-53.614952,-37.79712,-17.663328
-66.97662,41.812523,-40.35147,-45.770473,-4.1159463,54.01463,48.117393,-0.33116597,36.330284,-22.368519
-32.498394,-51.82237,6.301878,-6.6824102,57.864166,16.041834,54.378834,-11.9918165,43.95173,3.0334067
-47.54085,-4.0322394,-17.73747,6.136608,11.488368,-44.929882,71.24165,-9.688629,-24.51786,-19.51562
-6.682274,5.0948076,3.8645375,9.893619,-24.322979,-54.883884,-30.255219,-0.7767093,-28.501322,-17.7526
-43.983852,10.324638,-36.05584,-34.61558,33.62559,35.398903,30.506783,4.8204975,38.396606,-48.19826
-17.40259,-21.858397,-24.050457,-75.84739,-38.004833,-20.667828,-10.6464205,2.3627727,-40.891747,18.872196
-27.73925,-24.114277,0.013220549,9.961285,-6.573921,32.36936,11.867091,9.112676,-0.7038808,-37.27724
-29.028616,-6.131204,-56.18738,-44.47534,-12.258471,-14.7647915,-23.720589,-1.8679427,-30.127205,-7.404509
-12.85712,-2.3910666,-31.615854,5.7982855,-9.258478,57.27561,40.61804,-12.293952,51.00048,-48.684834
-13.320713,-79.48725,28.154078,-10.520966,38.54972,-14.703014,58.81694,-5.942343,45.02537,1.135238
30.25128,9.581588,-4.3441906,-26.355171,8.011866,-47.66859,-33.327286,48.871735,-6.6004286,-81.10653
27.289234,-4.7159,24.496382,3.1754618,11.107555,-57.521748,-32.59672,3.5291393,24.18562,-57.862896
4.0020323,60.241234,50.860943,-22.294474,27.52478,-35.902714,-52.439133,-9.388422,-2.7771928,-59.05321
-23.368603,-32.317802,2.1612837,-18.558664,47.22499,59.213993,52.49124,-28.124372,48.669113,-44.782196
-6.595952,-46.529545,-18.370428,-40.77409,-52.41799,-10.591764,-1.2625194,-42.520718,-23.41245,26.88115
-42.221767,34.157955,-37.03952,-40.168686,17.042597,46.543255,46.20773,-17.22017,70.40654,-41.386806
-28.980906,-21.483326,34.542725,-7.0873117,22.294933,-62.280155,50.64286,-58.908092,-42.5036,-24.951881
44.926147,-57.744682,-23.277933,-15.708568,8.971752,9.324185,9.4498205,-11.004572,-68.90909,63.101448
-30.419064,-62.45019,25.18971,-25.867668,45.632298,-14.163561,35.572376,-31.49392,55.026985,3.4477878
-25.432014,-10.005257,-32.392887,-39.354187,2.767661,27.832378,35.555325,0.058027904,70.83956,-47.26598
-30.323694,5.5882597,-41.80369,-56.044067,23.461267,28.599005,35.848213,-35.142426,90.37913,0.1022743
-25.487314,-19.073847,17.107235,-4.311486,20.506222,-43.900696,47.590004,-58.412506,-23.07636,-6.616521
-36.520367,15.0361185,-41.98602,-25.601683,-15.836279,64.83335,48.341507,-3.5732508,63.766552,-38.377796
-1.2244898,-23.118393,-16.55672,-74.093414,-17.396187,-19.612267,16.89757,-18.671638,-46.935997,17.258194
-53.499928,49.666042,-45.693535,-40.24408,3.3457723,21.127531,36.05707,13.909202,41.66652,-38.681393
-44.9502,-6.6195235,-67.569824,-37.847214,10.601245,-9.274988,-2.1483836,7.454924,-31.53201,11.673663
29.930521,-9.635671,-14.091366,25.241108,-23.965778,-44.518642,-18.050358,0.8396082,2.1957898,-52.925453
6.782722,-36.49359,-31.050049,-33.08965,12.894711,14.033342,26.126598,-27.333773,3.5802805,50.689323
12.632146,-60.728992,-84.865135,-36.74312,-39.7868,-11.585528,-32.51583,1.7586119,27.33728,1.666262
-6.6189365,-22.63591,-37.986942,-50.058743,-8.859001,11.726667,9.500164,6.2021847,-47.908752,36.615105
27.514353,10.279074,-62.099716,-89.14248,-16.734316,8.878542,2.3387074,-30.316013,-29.65269,8.936588
-51.614017,-43.178555,-32.295563,-58.159466,-0.27615607,-35.99482,-29.193281,17.179838,-24.885983,17.328438
-43.96678,4.4383016,-33.923397,-17.246305,-0.19838779,91.3664,31.885197,-36.61729,63.426155,-29.964546
-1.3984163,-67.19364,16.841223,-38.707943,45.5741,-0.89985955,44.957016,-34.90048,49.136368,4.225515
0.322344,-18.957315,-14.564898,5.5441737,14.659022,-60.54371,-24.320898,6.0652914,-39.404476,-27.073896
-32.930595,-35.76225,-22.26274,-33.830185,52.359177,24.699068,54.057808,-0.56553096,61.369984,25.681664
0.004345417,-61.449142,-10.617151,-19.512299,35.390842,7.814974,51.885254,-8.549533,94.00582,38.17978
-43.00027,-4.69392,-29.884977,4.7345195,1.2887383,77.166885,33.16114,-26.138575,81.4229,-23.898867
9.984814,58.376957,46.837788,-24.745735,5.4791064,-45.832375,-47.63868,-13.961365,2.2011275,-56.030235
4.814117,-21.155952,-38.424305,-30.267817,4.108212,25.799492,59.83907,-20.435434,86.04378,-27.167728
28.862072,-21.315289,-31.805498,-64.523575,12.850673,-7.893165,31.726463,-6.840863,-32.980022,35.152653
-51.500763,-9.651921,-59.593143,-36.508324,-17.95047,32.746384,19.980467,-21.630276,-10.827688,12.248453
-33.100536,10.112351,-20.67511,-41.26923,12.298283,22.41139,33.19101,-20.554333,2.1802278,-29.211859
-44.821396,-1.0780952,-46.387047,-5.5952945,-10.323696,69.360466,28.925575,-28.56666,58.78025,-30.73181
-50.66535,25.362724,-31.818626,-29.925995,6.972697,37.605545,27.288275,-21.055862,42.90283,-43.79894
-20.51214,1.2601856,-41.329693,-27.815184,31.824764,19.639309,53.76239,8.942508,24.255478,-42.831978
-49.79582,-66.76569,-33.79643,-27.353333,25.773876,-12.352806,19.406038,-45.303844,55.05004,-20.326767
5.808285,-25.207167,-46.708996,-48.63945,-31.55986,55.9312,27.023062,-1.0551531,-34.60726,44.502518
3.9046097,-42.9683,-36.58768,6.9343996,-18.419937,-61.095352,70.309204,-31.20739,-20.56358,-51.415806
-39.851475,-28.189146,9.64424,-3.6038618,-17.338549,-60.821003,70.71592,-2.843027,-30.365868,-14.217013
-51.90421,-60.89896,-20.6521,-31.011715,68.88689,-24.418325,43.31828,-9.72976,51.742077,-5.3483477
-33.16454,-64.20737,2.5622842,-3.379834,12.481981,-45.280975,62.25885,-31.34728,-20.654957,-49.772236
-21.307528,-79.41542,-39.25814,-41.364063,15.217764,2.2454078,67.60537,-54.878605,85.07562,19.492823
-12.194503,-14.612352,21.431654,-9.600923,51.889336,-58.21879,51.816677,-30.868341,-65.279854,-8.510168
5.108453,45.3967,10.716943,-17.183018,-16.007849,-45.135475,-54.552155,-16.91386,-26.224236,-77.8339
-29.939419,-20.485031,25.002903,13.189808,7.134996,-54.412037,73.68788,-27.92796,-10.095702,-26.220146
-28.35653,3.209689,-74.09318,-26.052826,-1.7220005,23.412453,19.483265,-19.344044,-10.577282,-10.346252
-43.764423,-66.2011,3.019773,-42.443195,44.508514,9.396564,51.287926,-60.841694,67.055916,13.003025
-20.84236,10.981949,3.5451672,-10.929368,0.41670084,45.945473,19.923567,-6.279367,46.411446,-55.883488
-5.1336045,6.378193,5.4319057,11.990631,14.502101,-77.705246,-57.663544,6.2583866,-24.942822,-54.84876
-44.583515,20.943876,-40.64802,-24.146404,-14.472522,44.442814,25.603237,0.102019,55.708523,-47.836277
8.961873,23.574976,35.209656,16.338764,1.9125248,-52.96535,-11.0997095,22.099585,-3.0955799,-57.490677
-30.810661,40.531292,-43.958035,-51.09091,18.480402,61.228054,26.176502,26.22347,38.1082,-61.85722
4.4085827,-24.717491,-41.445587,-31.710247,19.822935,5.1219444,24.77529,-8.405893,-25.533749,57.351868
-74.37995,-34.164307,-92.30895,-61.3017,-13.548539,8.97265,-42.561245,16.747791,-28.370708,4.6181903
-42.01198,-14.482939,-37.10476,-12.322303,-6.0244803,44.662197,35.73732,-9.157939,57.23929,-53.58626
2.5126712,-55.955208,5.9232435,-42.708874,43.02554,16.062078,38.17261,-53.131287,77.83651,22.462545
17.230345,-37.89874,-42.183506,-69.52294,6.230951,-1.7715604,17.354836,-19.197054,-64.082115,8.933622
-18.71235,-32.66928,-8.635812,-24.867176,1.347875,-20.62356,45.724327,-58.19701,-19.783792,-3.935504
1.051275,-23.768927,13.154254,2.9136906,-14.466051,-60.538918,48.56731,-51.32136,-48.378674,5.421624
-25.489092,-13.583789,-78.808,-62.562634,-29.059776,-52.520683,-2.4167066,51.125927,-40.874283,34.936584
-19.947586,-40.59181,2.5772407,-10.825858,25.908916,38.793365,49.14407,-29.910904,68.01976,-27.427116
-32.061096,6.85409,-41.844513,-39.551533,22.538359,23.785904,44.924137,7.0045657,41.837814,-33.010044
24.41803,-14.165829,35.071133,26.148212,20.970093,-67.780876,-21.794903,7.449966,0.3084307,-61.825344
2.1454945,-68.66792,-16.742914,-9.047111,1.706131,-48.059277,44.471046,45.412735,-27.682795,18.55013
-24.406654,6.1520796,-29.027552,-36.64126,6.27428,64.17443,19.636806,12.294095,-1.7942194,-5.4805565
-5.4242496,-37.592384,4.0463533,7.7188616,11.556347,-61.37593,51.89422,-13.53052,-63.593,-0.5063771
-7.954851,-55.53898,-16.006437,9.097591,-1.4991332,-48.702377,35.51631,-13.930418,-40.36939,-35.030163
-18.579933,-69.657,4.636881,-33.080795,24.722383,0.3303721,70.42299,-12.627082,58.007504,37.9955
-27.815907,-51.820465,-10.621233,-25.992834,31.439322,-60.972134,60.49674,-18.429934,-19.847397,-62.114964
-5.8515563,-40.902866,-19.652777,-18.996418,30.521791,21.529303,54.05281,-24.39566,52.851868,-53.786224
-33.111546,15.7184305,-67.95898,-20.709631,14.179141,-21.645973,32.783783,17.393536,53.139465,-19.308283
-38.233337,-55.624325,0.9791113,-8.810599,38.910282,-66.048325,32.32463,-0.43450162,-25.930685,-33.255276
-12.547919,9.780962,-45.3753,-66.67245,9.732753,44.375164,29.268051,1.9197273,-22.998497,6.8176928
52.406357,32.722847,4.5255146,-15.556092,-16.774426,-27.906593,-56.383408,-6.7871633,-0.35497004,-46.41626
-60.873085,-56.70425,-11.53344,6.542904,-12.238997,-35.42441,68.5209,-38.7067,-12.174744,-70.367065
12.77218,-34.85098,-8.401376,-18.46547,30.115217,7.505637,49.973255,-0.92922986,101.66609,44.77327
-2.9542038,-9.513203,-25.789637,35.982536,-5.9069953,-32.128647,25.272116,-26.459372,-18.290749,-48.1273
35.485874,-3.8410664,-68.90479,-47.99785,-31.332964,16.902866,5.7484074,11.082772,-18.163153,38.7574
-29.253077,2.3652656,-12.109091,-12.751621,32.535503,28.08002,35.155586,-15.9777565,45.632103,-44.985073
-42.096638,5.7029233,-37.39801,-11.924808,4.4197707,37.96931,12.707352,-25.88428,32.81834,-41.854248
-40.62048,-60.49098,-38.91449,-14.020279,19.849028,-2.827197,35.64126,-10.005086,50.0129,3.069724
-26.68425,-6.271398,-42.28873,-35.630745,26.781326,27.91775,9.929302,-11.606798,65.9534,-25.904491
-36.444763,14.24937,-40.969345,-37.52993,8.200927,68.94427,42.71758,-29.354595,38.31295,-40.532753
14.359557,27.863352,49.401108,-33.447384,6.7253175,-29.306616,-35.625153,6.187715,-19.003393,-88.596306
2.9572978,-15.531337,-46.14523,-84.31443,-2.732226,-46.07,9.319028,-10.352036,-51.101063,-10.321225
-46.16798,0.24443606,-17.08669,-8.133223,-9.489428,49.98779,28.152126,-19.033663,18.719275,-27.446257
-11.81774,-36.16897,-54.891724,-67.6108,-30.257084,18.313118,-6.8853955,-33.889492,-28.740202,39.542007
-39.723774,7.1509523,10.13359,18.841492,33.448902,-43.72344,82.32886,-27.092588,6.3837028,-23.56468
5.5147753,-40.23578,-33.53565,31.78032,2.6876636,-60.977,79.16904,-40.149662,-3.64516,-45.537693
-30.681812,-13.36469,-2.698029,-13.202089,48.163452,35.0811,70.27753,12.626689,17.649616,-26.938227
-20.959135,5.0773535,-30.59821,-56.288185,7.2570577,54.268402,21.476652,53.655354,60.020203,-65.415726
-53.988983,-57.95591,44.195583,5.8458915,8.329332,-49.35062,42.40216,-41.497105,-62.079166,-21.14042
-59.151028,-52.490543,-35.296944,-17.580359,74.139366,-29.99396,34.43532,13.135134,53.81522,-5.0920234
-25.668125,-31.63706,7.520196,-21.577696,-32.147797,-49.49587,8.937526,6.5496044,-27.355507,26.537926
-60.628555,4.956704,-18.399364,-9.937346,-0.06036974,68.00913,24.404655,11.881719,39.81494,-28.339062
-37.14377,-28.590378,31.028246,-14.866677,29.567112,-74.849,59.093876,-57.814793,-4.050479,-3.3587563
-2.818327,-1.7315744,9.147727,-27.889004,14.095921,-57.083298,-57.84857,26.903221,-6.934854,-81.2895
7.013759,32.917606,17.311356,-31.40666,18.428272,-33.754875,-18.576935,18.871973,-34.60297,-101.96048
-54.90276,-0.6900781,-27.561424,-35.40683,4.214813,74.07202,33.13458,17.371664,33.208294,-26.754068
-19.357029,-85.22972,-14.452427,-44.007454,-5.1704545,-1.5390693,41.117367,-75.632416,58.55706,3.0139775
-39.77879,21.27002,24.01884,11.176081,86.911415,-46.19829,92.97758,-48.316193,-4.023276,-44.209145
1.1524734,42.846996,27.130262,-43.11341,27.812094,-18.530748,-1.0585128,25.665081,-39.08562,-83.73059
22.8513,27.825027,20.162756,-26.4561,-39.840534,-23.903769,-47.588547,21.50059,-16.758732,-16.23851
0.42936665,-1.0720435,27.396423,-4.8345656,-30.61195,-75.17615,-22.04137,34.64739,-23.884377,-78.49584
13.407517,-74.02707,5.7094564,-26.271557,19.375101,12.159694,64.03491,-52.287273,52.70013,8.371673
3.8954039,-21.674952,-4.0090847,-9.551929,15.740382,-50.810627,32.623768,-11.780737,-30.523653,-29.390562
-0.32694167,-1.6801459,-39.317066,-20.932968,4.802528,63.075466,35.65016,3.099341,10.933073,-57.666214
-43.65033,-38.832264,-34.904385,-14.084893,23.51579,-14.262304,11.385813,-20.733854,-4.194509,43.010086
-31.502766,21.114841,-33.325733,-48.09815,-1.8262279,62.768093,44.244167,24.79277,21.147327,-56.910343
-44.714893,-7.0315914,-75.33479,-40.02691,-6.599646,2.6494172,-9.441627,-23.980324,-40.060757,23.055035
-37.986843,-24.20932,-62.502872,-19.743315,-26.004543,3.652712,-17.830114,-51.367336,-40.886196,33.454426
-42.300037,-6.760529,-33.204514,-12.884499,0.94477195,30.372171,19.711008,-4.1476474,41.870472,-55.21353
-7.9010687,-28.349344,5.2959194,14.714568,32.7168,-47.778503,27.826674,-80.70426,-48.06116,-40.04997
-64.31202,-5.632595,-69.30797,-56.58533,-10.394998,17.738066,-27.745066,10.575027,-52.617756,2.2024198
-3.9816701,10.4947,-97.205925,-45.77856,-43.83357,-57.58508,12.898963,0.70535225,14.250858,16.793823
2.305049,-5.4988823,9.690474,9.507064,34.727715,-48.537548,12.916646,-72.37245,-43.023148,-38.371536
-26.760452,-35.878464,-62.929153,-56.161575,-28.458698,11.765402,-3.616406,16.673754,-9.335582,18.46524
-6.181642,-33.238766,10.202338,-22.31819,25.936073,-47.94539,60.101646,-48.771317,-28.24572,-37.702087
-27.683886,-79.60319,25.968628,-15.819154,32.532887,-10.495935,32.885815,-45.69744,89.79316,21.75309
17.796827,7.9127817,44.23463,38.357742,-18.903019,-77.35626,-25.773098,-0.07764664,-2.7174156,-49.011456
-30.18165,-42.46684,3.4447215,10.157824,-8.961285,-29.326021,24.6611,-53.883194,-43.78539,5.7829957
-24.395214,9.140809,-73.90909,-47.671402,13.998016,1.6140518,6.4842935,-2.8573878,-21.242496,7.6674666
12.318246,39.690647,15.762084,-13.152669,31.828938,-59.805676,-20.16533,33.002506,-28.299934,-88.25237
-34.272614,-20.360823,-12.346567,-47.561512,30.174532,39.950253,35.383804,-33.07255,31.277855,-51.68295
-32.425037,44.43422,-71.75794,-54.658638,-33.063553,22.628145,8.0134945,14.3977165,2.6095862,9.53167
17.66578,-33.88387,-25.142073,-34.88939,3.7437654,5.4972057,13.658197,-18.37128,-63.487648,40.07543
-57.708797,-2.3339188,21.280537,-11.314532,23.129303,-58.09073,74.79218,-29.98638,-29.950443,-6.0355353
-35.239296,-13.0503645,-6.6702085,-33.414402,-7.5085297,-35.572163,-6.726208,-24.114948,33.333923,11.946546
-32.834034,-12.670398,-16.986677,4.26145,-3.4652987,37.035225,33.923187,-6.3985415,27.628006,-54.618374
-30.613777,-14.942343,-0.47790682,20.880398,-28.834318,-44.00396,23.011093,-8.231012,-33.41211,-3.161813
-23.96159,1.3721334,14.108513,-23.098783,-32.739746,-11.156777,1.0710788,12.763171,-24.43954,13.465892
-15.766484,-52.346603,-22.371948,2.0781472,33.17896,-62.30953,67.20316,4.6655884,31.86251,12.63705
-7.399199,-35.053265,-19.90421,11.949327,-14.429291,-49.542133,58.641724,-19.760668,-45.693054,-20.93264
-47.722275,10.9698515,-37.427147,-48.947987,5.358157,41.578384,19.49668,26.362455,62.003998,-47.633686
-42.702896,-13.460911,-29.08502,-33.689754,35.42729,22.373058,37.501373,-10.327367,51.817406,-16.83713
-44.629944,-5.3139825,-25.322395,-40.111423,8.617443,44.523266,47.3078,-47.3492,-3.2598202,6.786881
-6.913627,-46.74447,1.7185419,-34.484077,37.108437,-3.1404586,76.230194,-30.795797,56.747337,13.8729515
-18.846865,-33.245667,-11.249872,-35.224792,-2.0174086,-20.817493,19.696516,-50.950672,112.83648,19.785055
-16.030298,54.997936,-7.5753837,-13.63955,-0.50468373,-39.613377,-4.999413,42.30688,-38.630463,-70.83634
-25.462378,-30.5319,-54.15897,-51.59525,8.815881,-16.928326,-19.022541,-2.7528095,-59.864513,26.162243
-42.69943,24.722727,-38.52706,-32.109657,0.8899425,37.972794,13.530713,0.7072272,35.02709,-42.13218
41.896282,27.413822,30.98668,-29.173174,32.78408,-25.993383,-22.502748,15.476099,-30.053568,-96.744934
-26.364712,-77.95929,18.247665,-15.216893,47.733776,0.594259,37.630356,-7.4488873,45.290653,1.5972058
-31.741642,-47.39196,-2.7670488,14.623895,39.455757,-36.543674,38.24053,-32.87827,-11.103391,-34.28755
-16.54995,-15.71523,29.073227,11.939335,5.181711,-52.855083,23.887024,-36.68813,-27.873783,22.885664
22.429998,40.693775,14.123469,-21.469862,-23.235489,-60.707916,-44.25355,-56.17563,-15.413627,-102.1931
6.318416,21.108973,35.409126,-7.609644,-20.553827,-15.050556,-40.585213,-28.875036,-28.98599,-91.23103
-29.130634,24.388523,-28.039734,-45.512466,15.9314575,64.72411,46.52718,1.1012065,16.036444,-54.749256
-13.598057,-34.896893,-25.37605,-43.183727,15.549297,9.784709,17.911728,-14.466626,4.718682,21.45261
-13.138233,18.232986,-52.199184,-43.680805,-26.737326,-56.43995,21.850496,44.12961,-31.990776,37.354286
-19.821587,-9.173828,-36.79404,-44.66869,13.141777,17.865843,68.7083,-42.997063,57.459915,-21.049335
6.5459394,-69.907684,-4.3247013,-30.574621,24.66274,-20.925577,11.17399,-55.26844,73.14383,12.44848
-54.328312,-8.762752,57.811283,19.322784,87.995285,-62.938705,40.673958,-63.978893,-9.862448,19.625093
-7.417854,-36.364834,-36.49268,-34.14845,4.4830847,10.819763,33.760174,-4.5532994,67.72054,-46.625587
-57.174934,35.894657,-43.948376,-15.934887,2.234264,65.90694,42.23341,-5.0676045,30.787567,-7.827065
-4.9559035,-42.82164,-16.603548,-17.271488,4.507837,-66.80606,50.808002,-6.522206,-53.407017,-30.27172
-21.522726,-58.481087,-54.51148,-22.911377,-38.221275,4.565325,-6.3034983,-26.980759,-38.08276,32.552208
-59.216633,23.95398,-27.58698,-31.76334,2.3039021,53.738293,34.348362,-5.773618,64.38202,-36.50429
-43.452957,-69.69013,28.696993,-1.5784694,12.529635,-63.88054,45.396618,-30.616068,-54.76266,-33.418026
-31.23605,2.9289465,-22.570648,-0.44652542,-0.67722464,46.520473,36.45858,-6.296347,67.11092,-45.76663
7.460864,-51.503117,0.3654077,-56.881485,10.641651,-0.8196689,17.156012,-29.487236,83.19393,42.0111
-12.547068,-15.567718,-72.13118,-70.8688,-7.2823753,-6.131012,4.506252,-19.409344,-59.466553,-41.710598
10.268262,29.859661,22.8717,1.3447037,15.315724,-61.308353,-13.983078,8.893796,-19.29432,-86.14353
-15.656395,-59.765156,-5.322663,-51.132156,35.375996,-12.099732,38.76866,-26.82663,56.362793,22.787243
-37.255013,10.819578,-44.84454,-37.753883,30.782234,39.298676,31.480558,27.727894,32.36528,-63.107307
-31.663324,-79.464455,-34.43028,-22.878765,8.988002,-34.193718,31.52602,-11.054923,23.31696,1.5207056
-32.756622,-40.668392,9.894326,5.3135066,46.07615,-45.305836,36.689835,-47.808186,-10.573612,-28.148533
-24.482672,-32.15635,-10.68608,-9.127501,52.81518,17.018368,31.934788,-2.2118142,55.822884,-6.185349
-17.179651,-5.586324,-9.98708,-24.5959,-18.148731,-45.46499,-23.72776,-16.115057,58.486694,-43.60767
25.458752,-63.22417,-7.7784753,-20.527674,47.21938,30.564247,42.74487,-5.200287,86.23678,42.772034
-8.051876,-67.33973,4.0252304,-34.759052,34.433304,-11.592717,68.95419,-28.24938,69.11044,28.621763
26.724642,-37.828827,-14.4408245,-58.292427,-25.137457,-24.908834,-4.114476,24.167236,-63.696716,70.69078
-12.756377,-56.444622,7.966399,-23.725752,44.184002,2.6485078,44.932003,-49.5369,82.5256,-0.0777927
-35.512653,19.164534,-45.857063,-42.74427,15.508183,37.719883,44.98669,9.604856,58.911438,-65.52073
31.892557,5.7075806,-8.563047,22.203918,7.081703,-31.450323,-45.083958,30.408514,-9.968465,-65.042
-65.21695,-34.594707,22.80836,-6.1207037,20.14951,-76.52418,59.789898,-25.292711,-30.474564,14.82947
-78.47161,-77.49928,-5.961012,-31.688791,51.161114,-29.69923,27.893982,-20.482866,57.270576,4.806507
32.95893,31.326065,8.520457,3.2240124,-0.27336162,-52.6547,-48.793495,0.1352946,2.502492,-41.14145
30.085722,10.291812,51.860126,-26.040756,4.2400455,-23.395105,-21.78328,39.72083,-6.6743503,-70.53658
66.3543,0.59013,35.29945,-26.334846,-2.4172513,-24.991537,-28.56007,-17.541502,9.654657,-59.88005
-25.090818,-59.121517,-6.3316803,-6.8727736,6.535223,-55.784176,64.4471,-43.209324,-34.91658,-59.296494
-42.347046,-49.306667,-32.460682,-60.23983,-47.155502,36.31074,9.498019,11.791954,-56.60946,57.784294
-5.3080783,-16.865328,-36.74754,27.209385,-16.49082,-78.2958,61.60112,-14.839424,21.378658,-11.908222
-24.681702,-59.993637,1.2540541,-27.462267,27.174093,-13.816905,45.86145,-24.245464,65.1878,12.113224
-26.758276,27.960953,-23.056818,-44.477123,38.5373,43.570526,48.156963,11.253821,33.7588,-50.565975
-11.275294,8.524535,4.256531,17.754898,-22.736958,-31.668869,-41.384174,20.252806,-8.116946,-12.144435
-59.11462,26.376974,-36.892254,-31.478777,15.159325,69.8226,35.08135,-11.274623,61.381092,-39.869236
-34.3802,-36.798477,26.165499,-17.716484,-1.7538674,-75.75928,36.087414,0.79677314,-31.349602,10.312852
-18.991535,-28.459871,12.741484,-4.2092485,-6.0922885,-52.741367,62.20434,-45.852272,-23.595774,-42.24066
38.371937,-12.282939,-54.457893,-71.12554,-39.867054,6.4785614,6.5304255,-3.8567953,-51.200737,23.881062
-14.537196,39.004276,-32.069992,-12.982938,-18.25683,34.808804,25.350529,-21.24486,54.77437,-47.654118
-35.018894,8.009029,-5.2438483,15.643823,25.820908,-46.727364,68.114,-22.766325,-12.484067,-28.179996
2.2354548,-6.988515,-36.46512,-78.90791,-16.402153,40.197163,14.145773,-30.176632,-69.80654,62.298744
36.58063,35.71036,0.26159507,-16.986277,-17.70222,-19.57325,-44.991543,13.342037,-8.613712,-31.544407
-48.384056,-44.757893,-60.8629,-15.631536,4.672014,-25.05644,10.733106,-26.065674,33.99042,-2.6073046
31.946983,-0.16905563,-44.05952,-48.760418,-36.88361,-11.348444,12.153444,-16.044077,-43.437798,30.12584
11.735884,-63.130604,-25.33407,-19.456837,55.55141,20.743713,14.8637495,4.1624913,79.09255,19.207146
0.3134255,14.9157,19.201889,10.60055,-5.3858085,-59.441307,-58.036793,34.53231,5.492549,-12.116245
-36.381092,-72.62903,-29.086975,-17.828896,68.411285,-7.6685863,28.212004,-36.73816,71.294426,-16.179203
-34.184566,-27.759928,-33.48263,-22.296679,-20.431093,61.988857,40.382088,-9.289244,2.7838497,-18.619816
-2.9682403,-10.910428,-36.600002,-30.055864,17.112558,-12.779482,12.512904,-24.75818,-56.609966,70.15819
-52.31069,-36.567085,-26.962029,-74.02995,-34.25366,18.317575,-61.89533,17.826164,-26.785685,7.5963626
-33.519978,-38.12595,-71.03175,-47.01993,-26.12137,-5.2904844,-12.266107,-32.506985,-9.858657,28.665342
-20.723959,21.051767,-51.660458,-44.155693,5.778068,24.224695,35.760635,17.783913,60.036438,-64.11755
-34.88929,11.762718,-46.208874,-27.469307,21.164402,51.69543,44.702976,-14.407808,51.274124,-41.705284
-8.545526,32.076786,-46.49411,-45.656605,1.0493511,11.142715,28.895199,2.4432216,22.851978,-41.415726
11.90698,10.829115,15.707459,-15.378776,-26.63951,-29.427546,-38.044315,7.464449,-17.231398,-68.58871
-3.4510329,-74.72915,-31.622606,-31.246552,0.5105027,-39.593952,23.201921,-22.617874,29.328022,30.76371
-30.501324,-31.465853,-2.312405,10.943809,13.545162,-38.714893,54.609543,-26.575726,-30.97527,-28.218946
10.481481,-70.650795,1.9960608,-36.180645,69.28263,9.13986,33.050312,-10.887258,47.078117,6.6348734
-16.254114,32.978947,-32.975098,-50.41203,1.832703,58.894337,34.38295,-3.3059916,-3.31125,-56.913258
39.13266,32.78998,-8.725474,-27.30235,-25.724869,-29.341806,-61.664856,-7.332689,-18.788216,-67.613
22.622448,-0.7725766,7.287119,9.151982,-34.244923,-19.515436,-41.916103,18.221867,-20.376072,-35.364113
-27.181564,-5.3170843,-60.51271,-55.475647,-40.627853,-5.6525764,-0.7836128,29.11205,-21.428017,20.29263
-23.93107,-20.358814,-20.406939,-17.237837,3.9670968,38.588375,51.309742,-15.4103365,34.386223,-43.862167
-27.372894,-5.630849,-23.022886,-30.948477,11.948373,-0.4466361,24.96081,8.076716,0.30398872,-13.854155
-35.034527,-40.02495,-4.850436,-14.619515,-31.381306,-42.137196,2.4815128,20.096642,-30.299585,44.51391
-18.437296,26.938782,-36.213234,-25.458523,-7.949282,29.876284,30.355864,-6.970663,7.9039483,-34.91064
-35.39727,-25.961208,35.917774,10.918628,8.637001,-49.08164,66.6034,-24.351597,-12.510063,-4.5011444
27.958458,-20.437426,-47.854507,-43.841618,-12.001883,0.84159803,12.211336,-15.523085,-30.959864,53.296265
-46.07462,3.729564,-35.345554,-12.28493,5.734338,35.70556,20.7157,-17.847134,39.649326,-43.70513
3.2316017,-42.52691,-3.4036572,-52.996796,22.365286,33.16917,14.070205,-26.577633,44.735313,-29.092274
-10.289262,-81.05369,24.760326,-16.249664,61.418064,1.8354185,45.55442,-14.560656,51.700665,-3.6271968
-32.46488,-34.21727,-18.99842,-1.3215263,18.176247,-39.57844,-1.6599,-34.859028,-19.725203,-5.8731575
-35.178364,-4.864046,-24.468693,-65.28858,18.810396,20.85054,6.2467537,-13.738631,-57.970543,23.620417
-44.528618,20.021374,-26.55641,-36.160934,8.7636,25.132023,25.671867,-29.211657,25.863266,-41.410698
-5.621075,-74.89779,22.30961,-41.501614,46.752193,13.587982,71.02721,-36.705467,43.39354,29.080286
-37.632397,30.792555,-58.7725,-46.405743,20.015127,61.621216,43.92578,-3.3525343,33.946083,-55.66518
-24.463516,26.744167,-21.136396,1.5140882,1.5007733,34.480713,25.744455,-7.311408,41.730064,-53.65677
-14.405938,51.073578,-28.109013,-61.20948,5.7018056,78.148155,42.444904,19.788286,21.24429,-61.1586
27.01042,-7.8459034,29.997904,12.4912815,11.6973095,-8.672228,-47.654453,5.858603,-2.622249,-80.054276
-48.860092,-35.979687,-6.717293,-21.51586,2.439775,-34.09987,19.20324,-6.3608174,-49.757347,14.662607
-34.965603,16.578775,-33.37999,-42.04015,-7.410366,64.963455,26.531902,-1.0212253,19.989714,-10.025192
-9.519179,-58.85157,-25.904558,-29.013348,21.845951,1.1213801,62.009064,-43.982563,56.32801,23.01627
-19.14158,11.441287,-33.66885,-43.62763,-45.439877,31.827694,26.545757,7.575885,-18.101538,57.655975
-23.354559,-31.466528,12.09241,6.3552322,26.298382,-54.608276,49.49688,-49.746693,-40.432327,-26.822485
34.256832,19.76484,-6.440319,-8.123354,-22.340815,-45.85443,-52.60866,-14.989216,-22.647026,-97.09933
-35.26314,-13.258929,-13.30464,-27.180964,14.778435,-21.133366,71.17768,-44.322075,-37.37139,-62.62002
-10.420107,-29.685978,-1.7503192,14.539729,-32.932972,-24.90961,32.421593,-33.219246,-47.982773,-12.871023
-23.84317,-35.3057,-20.8789,-35.838223,19.62413,51.945023,26.105425,-1.8087066,83.17736,-0.074953645
-36.652008,-78.641396,-33.439404,-7.403741,65.4557,-34.018402,28.292557,-18.164993,110.325905,4.7241807
-51.462406,-44.935394,12.498077,-0.682337,-18.72819,-72.613976,38.25154,0.57183367,-45.184116,-9.379851
-33.665264,21.55238,-75.52325,-32.077156,-30.857378,8.573475,3.832603,-21.40675,-46.227764,47.13311
-31.195839,-8.168533,35.53192,18.092022,26.673655,-49.91115,74.814186,-41.14253,-5.444047,-3.9617734
-6.831326,-54.860077,22.69316,-33.23224,55.87906,-6.484096,36.707577,-40.653458,66.437584,41.59562
12.912233,27.482624,47.643715,-46.03277,9.20495,-33.849674,-16.238846,35.950325,-35.865704,-92.58382
-54.932457,18.66787,-26.513063,-40.979725,32.744698,49.712452,38.20847,-20.129131,42.209503,-40.50259
-7.6105375,-33.47204,1.7693167,1.2749553,-10.364597,-68.65964,63.807987,-32.921764,-20.898027,-20.896059
-43.17575,-51.515068,25.735617,-15.203926,8.564168,-49.98394,39.27621,-38.32367,-45.20724,-25.492764
-35.566444,-53.23186,-47.720184,-60.250713,-11.27393,10.750956,-21.306902,-0.4381062,-40.684063,0.44596374
-43.273926,-54.40993,-43.0723,-41.299946,-39.42091,21.057972,8.79061,24.630972,-32.514233,43.27738
35.58848,2.5821717,40.67998,-36.631805,1.0648059,-35.69098,-6.298819,19.360987,11.237549,-70.15006
4.173841,-4.617366,-7.1214743,13.548565,19.820103,-30.148243,34.23406,-47.47816,-50.108604,-36.191593
-18.114359,9.755514,-23.99316,-58.082672,-32.82264,-21.70754,6.324797,22.030302,-6.5251117,20.053627
-25.040186,-19.627554,-19.962872,-30.870329,12.235197,-4.865338,46.860737,-30.241585,43.814766,11.016869
-6.394072,29.553638,18.699772,-38.68524,-22.903439,-20.884254,11.01914,22.313265,-3.4083567,-73.08485
-51.60534,13.573878,-33.108067,-43.3854,23.171976,31.678284,49.645683,-6.786668,31.392117,-25.67614
-38.439964,-0.8549631,-24.457718,-19.852875,22.249327,-0.7822772,73.32344,-58.110558,29.626797,-30.614195
-14.012188,-57.369133,-7.800107,-42.31114,58.448586,16.27118,52.487823,-4.418678,60.72199,23.44448
13.451418,15.296312,3.8584392,23.93837,-1.4237571,-9.816738,-58.493614,38.023018,15.227565,-17.948582
6.365267,6.0706353,34.46378,6.880966,-0.9017048,-50.85486,-12.001461,34.276775,-2.8626187,-67.27721
14.007066,29.468985,18.17462,1.3428767,-0.9022333,-9.833726,-58.335,18.014515,-17.294554,-18.522745
-33.481186,26.997581,-53.079285,-37.041794,4.6122417,42.05326,43.379406,-4.992663,67.098206,-65.861626
-23.843115,-53.97954,-16.018187,-31.226683,23.839529,-12.708052,21.763626,-13.447849,93.60551,28.091793
0.3973133,26.155918,-112.41936,-84.09941,0.5875219,25.084166,-2.126734,20.829874,-28.887865,3.2980676
-1.9127672,-66.312096,29.999279,-42.514168,36.155357,2.868056,42.220367,-4.483207,41.73759,51.73577
-1.3250501,-60.98928,-14.485465,-48.648922,29.918716,8.950462,21.173038,8.410809,71.33744,36.638725
15.291085,0.71284413,53.548725,-34.38535,15.554466,-29.94927,-28.88525,35.102425,18.473228,-50.935036
11.928925,0.83306026,11.1108885,9.891923,7.9910016,-50.47262,-41.973785,13.416602,3.3746667,-49.075302
10.867169,-2.7098343,-64.93988,-42.899563,-5.1227384,31.18613,10.487399,3.447796,-58.741364,32.640224
-2.4755533,-10.860224,-22.355297,-27.174873,15.502476,23.225239,19.045805,-6.692681,65.88941,-64.16737
-43.726227,-52.04764,-1.6677723,13.928511,29.375002,-44.50513,51.64406,-34.613514,-0.2705899,-44.551098
-38.9723,-13.347296,57.30188,27.419197,47.312744,-45.060204,55.210163,-57.665478,2.348001,-7.643853
-38.199055,13.289016,-54.15494,-60.58329,-29.323751,48.92848,17.401226,-5.632668,-43.04813,23.59517
-3.6565816,-8.261569,26.607132,11.1397,7.000962,-53.327858,26.542336,-45.889107,-18.0283,-3.683298
-15.192727,12.307165,-59.248913,-76.45911,-54.308277,24.954052,10.596488,-3.6193025,-20.91382,33.97483
-34.283775,27.710005,-34.249508,-39.12671,-2.568254,-21.139145,3.2623286,28.2947,16.959465,-77.49541
14.25523,-74.21085,-3.7704763,-19.618736,45.04728,6.6708803,40.237415,-43.628853,51.014557,-11.902636
-36.93171,-81.538765,9.073379,-19.112444,38.69467,4.930415,59.944103,-39.12677,39.578384,5.5811176
-26.964954,-12.538144,-48.08348,4.0033326,-2.266756,66.09335,40.26574,-5.443386,38.976257,-31.729233
-32.362232,37.042988,-33.421307,-20.716816,-36.555717,39.854614,20.276299,-20.612988,64.845406,-34.193047
6.638475,-88.745544,22.097366,-25.03977,59.944103,1.9311249,17.532944,-10.680064,57.077873,-15.074247
-12.148566,-35.044582,12.233581,6.329002,-6.110258,-23.03152,24.801418,-23.486816,-32.85045,-56.88979
-26.931952,24.428059,-39.12675,-38.98979,12.205492,42.72284,44.22342,9.67341,70.16466,-64.89762
30.5463,-25.946556,55.35982,2.484877,-0.053139266,-27.18919,-19.066185,30.21828,9.820811,-66.08801
-39.22193,33.269356,-36.59207,-31.21479,31.40718,59.375427,36.80614,-15.483447,43.265934,-35.24922
1.6337724,18.994183,5.2059546,13.86513,-15.808141,-29.302889,-59.485172,42.775867,7.369645,-3.7274103
-39.55189,-20.588112,21.758911,-2.0308042,15.262909,-27.39668,19.256674,-58.630615,-47.860523,-22.23487
-45.29442,13.969991,-36.07167,-35.575077,24.721838,41.493748,44.41786,37.09139,43.626408,-70.271736
-24.367897,-94.06263,35.180008,-12.37187,79.36683,2.0909524,39.52844,12.105632,48.433243,-0.626871
-55.926506,33.36956,-35.31404,-31.505262,18.534986,42.37348,58.30075,-6.844259,38.699997,-35.415527
-11.321883,-25.805883,-51.692577,-27.223177,-14.85961,25.613531,11.313126,-0.5849006,-55.387905,33.252502
-20.19904,-17.43914,-3.0319335,-27.282547,13.422076,-31.624834,43.37161,-51.443417,-3.629753,0.89416444
0.38605583,-7.5068107,-47.54724,-17.341875,7.911515,-4.515263,14.626764,-6.3810596,-20.301418,73.26827
-39.153778,12.905872,-42.89235,-19.30088,-7.2784314,47.436264,9.954279,-11.278317,-39.249664,50.87747
-26.22591,3.6776826,-19.866943,3.7191143,14.838777,35.25119,54.27792,-30.417149,17.36229,-56.758343
-27.084682,-5.8467584,-1.7924151,-40.57547,7.44505,4.4359484,45.42838,1.5918887,-14.338949,-65.56704
-40.294373,-43.7636,7.935836,3.0238018,23.997234,-34.253456,42.132565,-16.71898,-45.124054,3.9396787
27.542736,-31.73566,-42.324684,-21.552853,6.1012316,6.121788,47.23956,-52.002953,74.76945,42.498432
-12.44648,-65.08379,5.1037617,-48.99978,53.7649,32.558907,23.13102,-31.078371,82.63282,33.560623
-22.00741,-70.87383,15.6944,-27.915827,55.795685,13.168733,70.06868,-10.82435,57.69052,31.706272
-35.8349,-48.557373,29.014067,2.5297341,44.01917,-45.08471,36.31164,-48.711506,-23.177193,-29.456507
29.590658,25.26275,40.83169,5.540831,-6.312386,5.5060854,-30.407452,-16.851591,-17.483986,-86.43526
-1.3646307,20.770798,-8.297952,12.8413315,-3.0629992,-45.558495,11.034436,-22.019127,-31.421892,-26.26913
-50.370644,27.863363,-40.76647,-52.759266,8.127722,60.58788,20.859575,-19.377184,44.412815,-38.462242
-3.870011,-22.545452,-34.0429,-15.989969,-3.120909,-26.892256,13.514356,-10.088902,-41.629223,62.25062
6.029945,39.47949,-3.836216,-7.420618,9.180717,-66.73827,-32.579395,27.750233,-45.050713,-50.400562
-53.391697,-33.69618,22.875645,-8.381714,1.149994,-54.488976,62.047543,-17.054361,-34.64441,-0.7179769
15.402472,9.697612,26.769304,1.5188427,-4.8036423,-66.13652,-26.236286,-27.620539,11.082208,-77.5097
1.813737,-52.33171,19.170736,3.5830445,45.81084,-52.529205,6.9367566,-49.385296,87.234314,-0.6720798
-48.10481,21.1248,-38.1491,-36.86394,5.873442,43.89669,39.493717,-32.58556,32.30054,-43.24601
2.9724903,-11.359141,19.394825,8.347063,-18.695562,-59.384197,-21.218494,48.105152,-15.300981,-83.671234
4.768653,2.4500859,4.148917,-20.621298,-8.422315,-45.639877,-32.943737,4.1104727,-9.3582535,-109.78923
-31.770483,-62.186615,-46.07945,-23.99203,-22.90025,-45.89879,-34.54251,12.960415,-8.94958,28.48967
-3.2513905,-20.77375,53.584614,17.707874,3.6150599,-33.31254,16.16941,-33.70832,-30.202553,-34.221973
-20.149166,-18.28681,1.2407598,38.95693,39.03893,-31.453245,59.911366,-35.051888,-35.06072,-43.760258
10.461444,26.452646,12.519862,-1.3260716,16.490393,-55.98576,-54.42012,-19.047482,-24.13234,-81.978645
1.1503162,11.829142,-2.7715456,16.487946,4.1351175,54.52176,3.3847141,-36.87607,55.898643,-42.97563
-2.7770395,-27.021494,-27.203089,-49.73666,-19.338234,52.724724,8.775938,-26.83072,-38.332325,55.60704
9.660062,0.7333311,24.842163,4.55589,-53.37016,-18.270842,12.222056,-14.461335,20.387241,-66.13814
-46.6669,10.560778,-25.320137,-58.831867,-6.231825,14.0363655,-5.0678067,-29.739,-45.526184,16.506287
12.398847,-4.7688694,-8.762102,-3.8116837,-6.9413323,-51.321613,-24.231455,13.987642,-30.271692,-28.858429
42.732937,-65.11834,-2.7858772,-12.095648,33.632282,-4.258097,37.965435,-43.562836,65.000496,-5.716347
14.384266,23.58809,-19.508274,-19.111917,-35.08501,-61.927753,-42.948013,1.5634,-22.129412,-63.232464
23.940844,4.8750134,24.216265,23.949406,7.860896,-23.80887,-30.104496,8.884723,-10.889228,-77.828735
-29.727755,-24.436666,-22.254925,-11.788337,15.420513,32.53861,46.27273,-4.5524855,9.197259,-59.907307
-30.275019,-41.261818,22.852156,-34.93947,7.2564006,-55.799942,34.8469,-17.60908,-20.155731,16.87345
62.393723,3.822683,2.772718,-9.745754,28.888945,-52.814835,-40.190277,1.3686274,-9.034551,-63.970356
-35.26636,-54.074127,2.4373488,-21.882614,39.84436,7.0874653,36.456802,-27.920738,8.243409,-38.36595
1.6125739,33.316044,9.455724,-10.285327,-11.908607,21.918928,1.0334656,-19.860218,14.384094,-71.71906
-20.608185,-46.316093,-8.319226,0.6694164,-21.653051,-54.386765,71.30194,-14.474685,-21.824713,-55.244335
-49.878117,-82.6992,-6.2530046,-16.07515,21.10686,13.130823,49.773575,-39.644596,65.96182,30.46141
-16.855444,-36.855576,-49.405457,-21.22201,-51.373123,-0.072114594,0.15092552,-25.28585,-62.66455,40.42501
15.314499,-74.31786,27.839252,-43.27725,41.5844,-10.932528,16.158247,-25.675901,55.995647,-26.170359
1.8314655,15.260012,24.779194,0.51802385,15.317938,-73.72995,-20.672009,70.9629,-34.36384,-74.78893
-34.426018,-9.249426,-13.444571,-13.9848175,39.087406,34.699493,58.572643,4.7368326,24.744162,-27.746695
19.745451,-6.756185,-17.932688,-4.8984075,6.10228,-50.87227,-58.79333,18.55254,-40.673164,-33.69154
-45.3659,-21.261166,-14.218685,-10.499581,29.880548,23.18255,46.925175,-20.329172,69.18961,-41.070988
-50.920227,-38.018642,7.237302,16.210377,-14.5713215,-22.577097,55.06198,-63.22283,-34.469086,-50.649925
-37.642357,-0.7187055,-12.444176,8.71978,13.368272,-63.565136,-78.10141,10.419112,-34.824436,-14.5465555
-45.151974,-9.565643,50.566704,19.54628,25.82016,-25.645094,60.71679,-42.426506,-16.153479,-16.840836
-8.893085,-48.912094,-19.22483,-47.026043,18.748178,12.546488,30.638016,-18.827408,67.3293,-0.2608368
-36.409428,-30.545092,-21.675005,17.620377,14.149441,-56.431183,71.80252,-27.171999,-36.27835,-42.22133
45.251755,26.678263,16.410189,-7.641959,49.8854,-63.059036,-17.6802,5.9943695,-37.14002,-67.21398
8.062534,-33.28998,-35.897923,-18.810965,6.5300164,4.7451067,46.987827,-28.02813,12.900025,50.143723
-4.7634854,-15.141843,16.894249,14.449192,28.025814,-42.456387,64.739494,-75.67476,-88.34248,6.191785
-8.1625395,-27.623083,12.420913,-8.055796,8.918452,-32.197258,79.447914,-64.29365,-47.576756,-41.91107
-47.74226,-56.30755,-38.63896,-54.053944,-18.06316,9.971243,-24.82984,23.985365,-17.138165,24.470188
-29.081064,8.238281,-33.215195,-32.53202,-17.20353,39.894478,42.93075,-34.465733,71.07849,3.1645732
-13.839071,5.364852,8.460888,0.7266922,-11.857608,-54.93125,-30.51497,13.585767,0.2127302,-81.54613
-21.02578,-76.6268,-21.322563,12.775466,-43.97386,-9.014775,1.4682062,-24.136236,-37.360565,44.8087
17.585533,5.509405,12.601485,13.2621565,-18.605959,-27.737543,-48.722313,21.329767,-9.46238,-39.80001
28.528395,0.11562589,23.37872,16.283924,-15.172885,-29.180902,-33.8965,27.404425,-12.365715,-30.996399
4.179602,-50.26676,-16.142986,-32.094746,28.297304,-3.1082792,8.657219,-45.463028,80.658615,13.04348
-21.298409,-40.12731,-15.497576,18.774574,25.99708,-43.96662,58.00482,-27.796827,-11.330729,-55.508644
-41.23693,28.020975,-43.509182,-40.40722,-30.239546,63.744022,28.640862,28.553736,11.854347,3.8379703
-20.755167,21.051231,-59.888973,-33.082214,7.151513,11.984823,39.238686,11.787325,72.185265,-69.84236
-18.176682,-15.32511,-14.389239,35.817173,29.051098,-38.77784,42.675808,-36.38681,-22.280144,-38.77002
-26.761124,-30.992672,-42.769264,-47.46421,-44.892128,26.055885,23.115938,-8.732204,-13.258152,9.544201
-11.611022,-17.86987,32.215454,-11.982776,-23.561024,-15.485857,2.2805653,20.563168,32.74909,-67.89021
-9.434619,-46.044907,-11.713408,-45.16634,-36.581535,-27.85873,18.987783,-51.703705,-31.186537,22.15663
-36.433537,10.370332,-34.38535,-25.869755,-6.337592,57.693718,36.65924,1.9798722,24.63655,-10.855026
12.736702,8.763715,6.7807703,4.7398095,-24.306198,-41.56692,-33.673447,-57.442078,-24.995306,-43.78948
-24.395834,23.931181,-59.22441,-32.519825,9.70153,37.30679,48.739216,7.1323,70.18101,-62.537273
17.328348,-66.652336,18.548265,-40.248486,35.23052,13.085637,57.287678,-38.772953,48.85183,34.903996
-33.360214,22.387419,-56.172474,-37.202488,15.355573,34.064266,40.734642,22.386282,49.263912,-63.08426
-14.008616,-9.111665,-31.039322,-91.41547,0.038651586,-21.84102,-4.216366,-19.23672,-77.172905,-44.147774
-29.475506,0.6969764,-24.45654,-15.937635,7.790855,29.995775,57.093765,-13.043938,51.78004,-13.316212
-27.901178,-50.832603,-48.039616,-5.9614363,29.268805,-4.0361867,42.70856,-13.377893,51.88525,28.93152
-12.26859,-63.67255,13.508798,-18.406025,39.726055,-3.5972455,57.677998,-11.789583,54.693367,1.0486411
-16.496126,-5.007842,-83.28501,-21.618399,9.416822,-1.5655808,10.953319,-7.756122,-5.8375874,-9.839804
2.6588526,34.39948,-6.0645633,20.070732,-10.743625,-30.088106,-40.325146,22.56266,4.6695147,-4.9834156
20.119797,7.457857,-67.07094,-107.45134,3.572647,37.310417,98.7509,-1.7648865,-90.109634,54.138
-39.333973,-65.89995,27.96665,-5.9292583,18.88024,-37.71449,42.427074,-41.38048,-40.53333,-15.40445
-10.732337,-48.913853,-35.466114,-22.008919,13.677109,8.600159,36.789677,-25.774,-0.3405738,46.385544
-8.922196,-30.019356,-14.401211,-20.175611,12.711047,13.503004,22.314405,-48.439137,97.63111,9.620309
0.20874333,-5.0152116,-20.982756,-0.07541766,29.305056,-28.22907,18.311785,-4.969392,59.057556,6.789723
-4.213738,-0.43593845,20.343258,-32.583183,27.81171,-41.74368,-6.822407,25.93807,34.976894,-18.479666
-45.628754,-48.073875,29.263144,-2.3084347,-4.975889,-59.440807,47.210136,-1.0150179,-48.817234,-0.6915763
-24.121445,4.937497,4.82292,18.736343,-22.887985,-28.324589,4.6400595,1.3034502,-17.939499,0.82404363
-56.24751,-25.186289,-18.429422,5.1959653,8.559893,7.362152,36.089115,-13.581359,-40.82682,17.863676
-44.394356,13.291778,-55.41693,-36.381004,6.474606,39.565624,46.259735,-20.959291,65.06624,-42.550285
-41.391388,-8.561012,11.605167,29.637497,18.817911,-33.741657,65.214264,-29.47541,-1.3108695,-10.312974
1.4091702,16.95326,9.764516,1.9554214,25.842987,-85.409935,-20.310354,24.241903,-39.67844,-105.85503
-32.143116,41.143616,-38.915234,-41.73156,1.3486413,75.05958,43.62035,-5.543605,26.823895,-36.762
-2.0251355,-3.503237,-9.2888365,-27.18829,-55.4859,-17.102907,21.107666,9.294053,-17.605837,68.27528
-1.6854897,-56.03131,16.3911,-53.57716,50.110737,-2.74188,21.279707,-30.994905,60.98355,-5.910565
-17.63272,-5.048368,-78.11558,-44.873528,8.644487,-1.1009117,-2.536366,-36.596214,-46.504597,37.235527
9.453336,-7.638306,-70.37306,-31.788076,-13.612001,-12.430135,-6.591556,4.1146026,1.5143161,40.4098
-60.844315,20.434896,-32.816074,-31.786997,4.3040094,59.149498,19.459486,-4.792388,61.919586,-44.758385
61.70469,-10.616101,37.369427,-31.67781,-3.861048,18.184566,-37.444847,18.842094,-2.3889298,-49.523792
23.293077,-42.092663,4.039359,-22.543375,47.141365,14.137154,35.5196,-3.325293,96.9993,46.625687
5.645367,29.360447,20.380318,-40.388847,-30.916609,-53.995903,-41.93342,5.586297,-26.051262,-79.94235
36.66213,4.281828,-16.874477,-1.6814735,-9.078664,-38.302113,-35.732433,12.146272,-15.227806,-62.228867
45.519966,14.930434,-12.461406,-30.692797,-6.867331,-27.384642,-53.004757,14.959049,-16.675844,-42.150276
30.096054,-14.584682,34.533638,0.29031217,-39.96194,-20.862934,-30.334017,11.3262415,2.4936602,-38.30457
20.370543,-51.867306,-20.607239,-38.9772,2.4762707,9.747553,48.231987,-50.129585,63.86436,29.817097
-22.389832,-36.75107,-3.1656976,-35.75333,-7.856904,-38.114197,36.69756,-34.264133,-15.724811,6.490813
-39.24863,45.755096,-52.748627,-18.178093,-0.9194843,51.344257,38.637054,13.555001,42.76594,-2.2077255
1.7630885,17.608019,25.352648,-2.7659874,-5.911894,-63.947132,2.1492882,21.664816,-7.8700776,-78.769516
-52.963154,-24.11277,-24.771732,-18.143238,-2.261578,0.44819164,21.63727,-29.873287,-9.310603,52.564453
15.662062,-71.78529,8.514684,-21.207865,38.144253,19.85785,55.001842,-1.8739414,71.55817,53.443176
-42.903877,-6.413296,-53.939865,-10.436389,-20.110687,-0.73570406,-3.1099348,12.077804,-20.122221,51.16144
-1.4665854,-51.964375,-25.218422,-27.26494,53.390854,19.196611,17.272156,-9.012589,73.19874,1.4647459
47.79099,-9.028197,55.651844,-11.791354,-7.3142796,22.176928,-36.22205,25.563879,9.9842825,-50.667385
-10.868063,6.3418746,-32.817654,-39.36355,17.291416,37.474033,35.710274,19.74289,56.774498,-81.62152
0.5089352,-80.901924,1.7325203,-17.112896,45.427624,4.9338923,37.553844,-18.172132,72.59647,-6.0320554
-62.43992,-49.56879,-27.064756,-35.5122,50.0656,-20.510546,51.913086,-32.104145,71.01983,-2.7436435
-10.828743,15.832334,-75.32191,-52.444424,-19.316664,20.095652,23.700335,-23.574768,-54.068363,46.386063
-14.051666,0.7429168,10.391538,4.670339,4.1908298,5.687414,-0.3294222,-37.36718,9.011399,-66.37633
-61.088943,-20.78436,-21.408794,-16.79791,25.658834,32.186817,29.215034,-4.50143,52.207382,-61.84809
-0.79178506,-34.579067,0.75325775,-49.743122,28.735762,59.37521,-15.329333,-18.993534,58.329983,-49.81849
-23.855478,-49.7942,8.136088,-23.029913,-1.0808648,-76.09904,41.223778,14.51116,-34.119762,20.7049
-9.840198,41.35105,-57.35862,-68.37018,-9.901602,36.668316,27.022966,5.401867,2.2686162,2.8290653
26.48826,-58.291428,-8.248316,-11.744345,25.98273,21.068897,50.81741,-31.851469,84.390915,31.540554
25.97872,26.580097,54.17167,-38.167732,18.466648,2.188341,-18.159597,38.400993,-26.740967,-84.56716
20.947493,2.3632696,43.21255,31.464546,-4.0745897,-69.147316,-40.391506,12.391793,13.3118105,-43.142006
33.65083,-11.29115,41.798264,-4.527026,-11.284989,-14.862942,-33.783035,36.196266,21.729029,-42.604916
-43.160717,41.25761,-40.36236,-41.71042,-3.343514,40.114998,43.106617,10.09364,59.70023,-28.738068
-52.61648,-58.447838,43.677834,16.563095,12.956134,-60.958233,54.99423,-46.2515,-66.537544,-20.965128
-9.990178,-78.07606,-7.6750355,-55.003025,12.641491,-19.918762,46.092403,-45.204487,80.0646,17.971035
24.650665,4.274832,41.327637,-36.027622,-30.243305,-16.7528,9.945101,23.509893,-14.427845,-76.57998
-24.764954,-1.0670868,-27.00726,-23.46947,-4.3017173,56.30238,42.036472,21.200287,35.445427,-70.71343
16.863466,-49.766,-10.377628,-60.775562,31.311964,-22.965893,8.473681,-30.136992,77.58115,11.511457
-56.686836,-5.2351727,-7.099228,-39.87139,29.667469,48.20499,18.370844,5.850045,66.431496,-47.308155
-37.181885,-36.168926,2.186987,-52.92865,17.585524,29.206392,47.271603,-31.839455,15.015611,-26.044645
-34.93707,5.709818,38.01262,12.61879,-20.781702,-55.350697,-37.588024,26.930162,4.8681736,-94.36308
-43.261658,-14.1411,-32.07394,-20.3658,4.389924,22.44424,46.17127,13.784222,45.752563,-55.228268
-14.092735,-60.812733,17.930561,-58.41675,29.163485,-6.5001044,43.74533,-52.585354,37.846893,-23.780739
-26.09667,-47.818718,-4.9715323,17.356724,24.475752,-40.214878,33.021675,-21.254803,-27.18166,-40.409176
-2.5390275,27.718752,30.896984,-32.076813,-3.4618282,-38.143166,8.188784,19.26436,-4.8856554,-86.15021
-34.017593,5.8594446,-72.64574,-42.363,-21.098694,17.288837,12.040597,-21.665607,-22.87545,41.933197
-7.7507076,-17.309341,-64.16541,-7.799998,5.267683,-31.335377,37.417843,-18.220932,87.56544,47.62527
-21.125237,-46.557415,-9.369996,-15.481494,43.88535,19.17638,48.193867,-14.553073,49.625343,-7.1351013
0.2301172,-58.71654,-20.960913,-3.8410692,36.3836,11.9430065,57.605522,-33.768898,71.89062,34.99743
-10.760268,-84.545746,0.31402183,-12.167197,13.96275,29.93062,52.754154,-52.410297,63.762794,-15.183476
-43.490128,29.503704,-54.58925,-43.24688,12.510087,61.022617,33.39079,20.774101,33.23281,-55.8414
-7.3788624,-59.774944,24.855406,-56.88768,48.661587,5.1270447,74.151665,-40.43534,44.347954,32.841667
-17.831339,38.14256,-41.409924,-30.463999,7.3044925,51.396496,39.226685,6.0830936,42.044556,-41.362114
35.668278,39.971058,2.9710925,7.075308,9.707689,-36.457397,-30.098633,-14.041155,-2.3308678,-89.005066
-24.342941,-71.708954,3.8794715,-36.496334,56.002132,7.5471554,40.534077,-10.349595,64.23054,17.375114
-52.113937,-53.678017,-40.906948,-65.1944,-27.465914,-4.3317666,-42.72341,34.69412,-8.256148,19.593807
-3.7522714,-3.1869116,-5.3753834,15.016482,64.90094,-45.06261,41.989094,-69.47728,3.0902371,-3.0849493
-11.6452265,-57.080856,-5.452878,-38.392517,13.144184,-18.775055,30.849783,-35.909325,68.512146,23.598433
0.93182933,-16.05237,-42.82803,-68.70036,-40.027676,5.4008875,9.239842,21.146812,-56.693195,48.679077
0.42241883,-32.381176,-15.573653,-18.498423,30.359343,6.6889687,60.540577,-44.98696,70.28519,41.34272
-4.0016646,-57.8019,4.338456,-25.607365,63.267185,8.923345,39.243576,-31.878971,55.265312,8.109524
-33.546665,-21.938904,6.5902786,31.244007,22.752922,-33.744152,60.29828,-34.332993,-65.40905,-11.541496
15.693534,41.70167,-2.3981106,-35.66613,-25.304895,-49.10928,-43.8805,5.8274126,-21.681293,-66.1642
-10.7768545,-18.279745,-21.539886,-26.148016,20.146685,22.596302,31.893385,-14.519971,68.05064,-40.854168
3.7103543,-49.85891,6.3188963,-16.310722,57.125816,11.903529,36.86377,-17.22688,74.43844,20.995615
-30.75617,-50.51787,-14.5896225,-54.20437,-0.23201855,-33.32748,13.521871,-28.037643,-4.208413,5.764437
-15.77607,37.233246,-9.896619,0.11506951,42.47091,-47.865944,59.90529,-32.77252,-26.488024,-61.731247
-25.300104,21.64282,-32.584724,-48.687916,15.42938,23.188019,70.31074,-3.0300233,39.357956,-65.91974
-7.9228253,-41.4501,-59.19641,-41.705128,14.912215,0.042866945,-12.251774,-18.954752,-53.96691,23.201843
16.41778,21.487608,-18.811888,15.270576,4.887093,-37.049362,18.278515,-29.945967,-36.85148,-39.019676
-36.149197,-5.2606707,-54.737156,-23.126808,-5.3900294,-20.177221,13.158198,-13.769877,40.553905,-38.978104
-38.559376,-34.105312,-38.89883,-54.151947,-44.52471,31.807495,-45.059353,-21.30252,-43.066082,30.839455
-12.523131,-0.023115465,-31.169716,-47.66831,-25.963737,-78.74913,13.499033,23.600765,-24.75299,23.341639
-40.46011,-1.9122545,-2.7065358,-40.058903,32.794796,33.14937,56.57426,-11.36621,51.46842,-66.177734
-27.180367,-23.249899,-10.380154,-44.499077,-17.4234,39.65954,47.096203,2.4752038,72.552795,-59.65314
-16.577759,-66.6131,-35.316616,-4.312666,13.030454,19.512453,60.81204,-26.870876,55.29967,45.324642
-39.95375,10.7397785,-53.92405,-44.285915,19.03204,6.249654,29.05627,38.253773,61.283142,-38.75643
-25.611797,-57.609478,19.72359,-28.037298,61.933167,6.304289,35.584724,-32.401653,70.645226,12.833682
-13.810676,16.810349,-21.517872,30.224503,17.82255,-53.149654,66.93168,-24.683126,-16.575586,-11.473171
-40.66614,14.151731,-63.405632,-33.01769,-15.772746,29.87873,12.059912,-15.70973,-56.86651,52.664516
-44.033924,17.722736,-34.724766,-21.479721,19.040936,31.293598,30.89892,-11.48565,31.53117,-40.491947
-33.174347,-40.535904,-7.8688073,-5.032194,46.81003,34.115547,35.23405,-42.671215,73.4364,0.9851669
-26.713411,-4.486791,-10.837889,-20.713846,-1.0442517,-6.9210286,42.43254,-41.002064,-43.57497,23.495403
-8.321026,-34.8244,-19.081213,-51.781796,22.025072,2.1406238,35.41189,-21.520788,56.019993,-0.3743141
-25.348581,-16.71173,-30.865236,-44.2425,11.424728,16.060043,31.3488,-14.609196,57.41706,-21.32248
-26.91459,62.02735,-41.712833,-45.296,-24.889214,49.512398,24.69922,8.495183,52.39337,-25.65053
1.9850068,47.070553,24.397062,-17.56857,8.039462,-49.25771,-12.811855,32.21337,-35.79776,-83.6973
-5.4582653,-52.955235,-47.13751,-47.89983,-21.93862,19.43446,-15.275169,-30.657295,-37.65747,35.89665
-50.169247,10.758418,-14.894347,-13.1373205,4.03526,-50.851994,-45.266243,-18.77221,-34.699745,-17.413567
-36.654167,-58.386818,-23.422838,-34.707542,53.18481,-27.246155,50.597122,-1.3897455,58.197945,0.83997214
14.006103,-51.34651,-17.213274,-46.397823,2.62809,-42.873264,12.599958,-18.914347,15.371115,37.268776
5.6189165,-10.290275,-24.158823,-33.730877,2.6494489,17.366966,10.4734955,5.826595,-40.555824,49.68361
13.051305,-51.5057,-25.995665,-49.244236,-33.34025,-5.3129807,0.11049008,4.8512273,-51.438248,24.988832
57.024605,15.720836,12.20048,-41.799236,-17.860645,-38.459755,-16.041456,-26.386398,-24.177954,-113.59518
-60.0585,20.491308,-11.635292,-38.381325,-3.0607474,71.370895,32.3738,11.980959,37.09634,-45.16355
63.035145,-6.6557736,22.634756,-58.148712,-12.995594,-0.81238675,-40.606533,12.207047,-12.150313,-58.38263
4.3596225,13.52359,16.31615,-9.0611925,-59.05442,-32.445244,7.239532,-7.049385,18.971338,-75.67406
-6.635761,27.155306,-51.859215,-12.476013,-0.13086036,71.17447,40.356377,-16.524136,21.433994,-57.06782
-48.3922,-7.887951,-55.410534,-11.86214,3.054068,-0.6052319,-15.432736,-0.9271317,-14.727728,62.7518
-38.625988,-37.928837,12.512857,-18.766428,26.944584,-59.692345,22.752293,-27.463305,-16.793722,-5.3529706
-19.78082,1.3448987,-38.76978,-50.361538,23.117373,12.799603,42.95048,-10.225881,69.59508,-32.27441
16.217093,-14.718515,18.8301,7.4604406,-4.7637405,-22.54994,-53.3924,14.233217,-11.17726,-69.332146
27.9157,30.910456,29.388453,-14.517094,31.179073,-22.893473,-23.333952,0.48715797,-21.593473,-97.86506
-6.611951,-19.627703,-4.1816716,16.534973,24.132292,-44.89487,36.419197,-39.740875,-25.738443,-40.80156
-5.6876984,-7.1251597,6.0740585,25.468658,5.064333,-64.300545,66.11424,-21.341326,-30.761742,-19.154507
51.57379,5.192377,17.557747,-46.32029,6.807744,-22.184504,-18.827297,31.594145,-9.7536,-91.13162
-22.969131,-46.975307,-2.6110332,-19.9997,22.84678,23.74409,64.40613,-32.22014,47.69762,-28.56732
48.43562,2.4393003,1.358497,-12.185803,6.666213,-40.74561,-50.126747,1.1042651,-9.832131,-56.912403
3.1274967,12.01487,35.971004,14.3535385,-10.010778,-66.15071,-40.451756,3.1200316,5.4446187,-30.267756
-17.139824,1.3687357,-61.41336,-22.029934,9.159037,25.032564,43.632774,7.5237927,49.08989,-10.484759
-64.41288,17.23912,-32.664593,-22.63088,14.681753,51.702095,24.40366,-13.9850645,46.54857,-32.521336
11.3315525,-44.6624,12.673133,0.8705182,49.06783,-43.673164,51.483063,-57.320267,66.19317,-20.812529
14.971985,-1.3034213,-64.63054,-45.35536,-4.5951614,26.327658,-6.587244,11.775833,-37.249626,29.04065
13.530789,39.88984,7.425514,6.5348825,-4.710242,-34.447384,-32.01748,13.285641,-1.6799421,-17.716345
-25.361513,56.027336,-49.39287,-43.61581,-3.5560956,48.128765,19.226776,-10.721711,30.938759,-38.33657
5.6940136,15.824843,17.930769,-24.635344,-67.19692,-41.39864,-7.785328,16.609009,-36.132008,-106.8446
2.78974,33.621826,26.015802,5.2488422,-2.9459958,-49.72429,-32.18028,-5.3518705,2.339993,-51.5378
8.056036,1.1783668,23.172441,-3.8523443,2.1440005,-65.69383,-18.448296,56.501907,-12.601191,-77.96326
-59.469444,-76.94401,-41.812958,-12.825934,37.94972,-11.691209,32.73452,-27.332394,37.57325,-11.529993
-4.3453217,-32.4471,19.754461,8.426329,-26.771778,-57.929512,47.074696,-54.9211,-50.11139,-4.3609085
6.5382133,-80.06951,5.5838833,-70.30842,-20.489517,0.94115233,45.738956,-91.85351,3.845408,27.42186
-39.012054,-49.600777,-13.84654,-12.407243,34.519688,19.237062,57.80471,-31.612663,53.04318,4.9943914
-19.997786,-7.977216,-15.165599,-19.681145,8.333665,32.135685,25.37811,10.468413,80.370476,-45.131027
-35.179794,-49.24273,2.263155,4.589457,-24.893927,-38.25406,68.735954,-25.713423,-16.933077,-22.34446
43.88943,4.0064063,2.077245,-9.268318,16.292702,-52.495495,-50.54999,19.632061,2.9754162,-38.399406
-16.074085,-33.780693,12.565163,20.762691,37.859737,-48.784794,18.324127,-53.979828,-37.40786,-12.093654
-9.751806,-26.241982,12.879447,-8.925711,31.398306,-38.02796,61.591503,-56.295002,-30.223583,-31.612442
29.68249,10.23489,4.241518,-2.4316447,-15.422635,-36.97305,-57.337524,40.817646,1.4885483,-20.177319
-7.176456,-55.356934,-11.606142,-38.75812,39.170208,3.583079,56.033432,-50.766064,72.34481,12.694782
-8.307247,-1.7849575,29.92584,-23.232054,0.89085805,-42.12629,-3.6993997,42.76283,-7.4169073,-45.37807
35.0251,0.5117278,36.231495,-2.3970318,-4.9006004,-41.113873,6.901753,36.128872,-13.92769,-70.9887
39.551132,33.341316,13.078148,-7.4039173,49.566223,-62.845196,-15.358199,24.836237,-48.029484,-83.981636
-14.418999,1.5640527,35.71951,-22.658043,13.185424,-29.857256,14.858376,34.71602,4.4339833,-86.600716
3.2640743,23.314562,-1.4672061,5.060753,-15.415839,-33.878475,-38.895187,24.179907,-9.736981,-22.719372
24.270374,49.842896,21.432945,-18.578367,0.9664731,-36.185337,-41.91118,-9.895805,0.23426297,-62.01515
0.014917254,-8.284752,-37.42067,-92.02591,-11.838397,1.4002767,1.8063614,3.8928087,-59.747673,-8.948934
35.579666,5.9277263,-9.673833,8.575505,-16.50979,-43.156963,-43.92229,12.423651,-31.49656,-32.786827
-23.477142,-14.525637,13.698151,15.355655,17.03895,29.961159,18.714495,-38.939037,15.22403,-55.255665
-25.453276,-33.201557,29.494131,0.028605938,11.257946,-51.32444,49.15674,-60.290817,-70.93351,-28.75915
18.018864,-10.704867,-65.70194,-53.057346,-19.162298,8.386214,-2.169393,21.153624,-49.120785,45.29669
-13.597641,54.364494,-51.19338,-42.65894,3.5815969,84.420074,34.33038,5.93852,13.4619,-46.61903
-45.50325,-41.20362,-28.849249,-68.33141,-20.938723,-25.763819,-35.530468,26.427261,-3.1215088,13.793997
19.875252,3.825928,-80.969574,-44.63874,-36.09368,47.431892,24.486618,27.76576,-61.73044,12.596727
-32.975197,17.088203,-21.838797,-20.732645,39.441666,33.259182,57.65227,-15.311071,22.151398,-36.296196
-47.276955,29.07347,-18.412338,-30.295395,2.5710492,77.91457,21.857698,33.27551,50.277905,-35.80704
-39.451344,36.432823,-29.112482,-44.83731,7.6547647,36.850246,42.262596,7.523381,49.583656,-48.090603
-22.825357,-45.426903,2.6704745,-8.923403,10.483683,-71.466415,56.632946,-26.028683,-33.318752,-24.721777
-37.06814,-50.183304,-3.058789,-7.640587,49.227318,3.6585715,37.03061,-1.6290877,58.511826,0.8055619
-43.21606,4.387445,49.27537,14.653178,45.459972,-40.995846,84.1948,-44.560555,-22.62193,-20.100718
28.217371,22.976103,29.344294,-22.218678,29.826847,-61.269085,-1.6641448,16.252731,-30.150784,-91.94831
10.691408,17.188185,-1.341992,15.549567,-3.4247534,11.559483,-1.2779602,-10.553266,30.108833,-70.197
-21.858585,-16.968758,-12.657206,-6.8228765,29.885612,17.254572,62.570362,-30.165066,18.86855,-36.965477
-46.768875,9.4871855,-47.1085,-0.15669478,-12.387621,68.070526,22.708218,-27.462658,68.899315,-14.620707
0.35636497,-48.680477,0.7399881,-49.09171,48.554523,18.963749,24.846117,-54.53636,59.964325,32.239464
-33.120937,-46.44845,-15.0792265,-19.628555,-0.44560948,-80.288536,49.362736,-44.660717,-57.345333,-52.790737
-9.272405,15.716561,-48.10439,-36.29982,4.5672197,71.884766,38.35589,-0.82826763,15.143764,-60.793953
1.1431204,-54.10473,-30.22259,-23.447916,45.212406,9.519263,50.579956,-55.87018,59.53498,20.809322
-35.581806,-7.60876,-4.4908557,-15.65478,26.382214,-11.787234,60.34246,-65.07823,12.120751,-33.130066
-12.457523,-69.13393,-27.336876,-17.316639,-12.924366,39.31895,50.08397,-44.35304,20.131432,-25.210135
-43.52488,20.558252,2.0372257,-5.4973273,11.622096,36.8589,36.50156,6.7605553,48.903427,-46.049484
9.808591,-37.924503,-12.949083,-54.104927,21.69629,19.996107,10.462143,-4.5752187,46.395985,-24.731066
-42.806038,-27.793636,-49.28814,-69.28908,-0.4664173,-32.220795,-14.20308,-7.2758183,-21.340687,-0.17663065
-44.318684,-64.78373,27.42178,-0.57707876,-38.942963,-31.015362,65.669495,-34.245422,-35.228645,-0.64652735
-9.2559595,-62.77036,-7.9977894,-26.664608,44.430573,0.0043301582,41.206276,-17.144625,73.0387,29.279684
-27.443436,-44.72092,3.6054094,-15.3295555,23.610395,-66.975685,44.256912,-34.96896,0.09131339,-24.500277
-11.5494585,20.5098,24.010141,-9.681897,7.613882,-70.45336,-13.243745,56.147114,-46.750946,-93.15392
44.10172,-7.010214,-40.161926,-50.142612,-48.98828,-7.6744466,26.310167,-5.6378193,-40.59625,35.581047
17.139378,-1.9460957,52.608864,-35.961636,22.602774,-20.800686,-37.96236,56.05888,-3.1827495,-50.465218
1.9076061,-64.863846,-21.682444,-21.496904,42.19332,17.055222,18.519188,3.1966238,90.84905,32.62271
-4.922262,-49.594364,4.323309,-37.980343,32.64274,-24.425161,26.96462,-22.75713,69.07258,12.268545
-28.37578,-77.36795,-27.667957,-32.540165,9.917673,-38.66464,29.762114,-36.112885,55.309284,7.7790437
40.13596,4.3115973,7.3195353,-14.112696,-2.1457205,-31.448513,-53.35188,4.68467,-35.200516,-71.92701
-18.2606,18.524868,-21.23327,-37.1459,-2.0160189,-22.380081,-6.36756,-25.349482,66.426186,-37.130993
-21.92451,-86.81334,-2.511116,-36.579815,28.0681,-34.181046,39.237354,6.7670393,12.524906,-5.3959355
-52.288204,17.796362,-39.089725,-26.07094,7.741813,36.939957,28.728468,-4.1069226,30.914688,-38.569973
-2.2447557,-1.4949533,-12.488625,-18.754982,26.292564,-12.058073,46.790314,21.767502,-37.87475,-73.41233
-38.324245,19.39194,-33.22923,-44.48698,16.96174,76.56575,35.04951,-10.9112835,36.87435,-53.59256
-30.315424,-13.498502,-30.92478,-21.883957,-33.411667,51.82675,5.726979,-11.7018,74.90151,-31.149288
-28.60563,-9.895893,32.270058,35.068283,25.616913,-37.158916,74.09272,-44.341595,13.918736,-30.446434
-20.816635,-67.85776,-22.927439,-14.101075,74.489174,0.61102843,30.1659,-33.298164,66.69336,-16.528072
-21.882004,-33.247517,10.155189,4.680752,54.15441,-55.193993,39.63006,-44.29832,-15.04544,-31.756441
-1.2581843,-48.850334,-28.849035,-5.0140014,35.01852,21.117004,64.76302,-37.962738,66.083015,47.378216
-12.478125,-28.147789,8.652938,21.72282,58.82059,-52.56725,31.025534,-54.344013,-37.639797,-29.45113
22.627348,27.839466,18.134956,-5.6126647,22.293144,-68.47771,-16.090082,63.02873,-22.20762,-65.168785
-16.130024,-17.623358,-47.724003,-65.840225,-26.395172,-9.475193,-10.020036,6.64837,-32.832493,31.096481
-11.528139,-41.835545,2.722856,-57.228657,11.725505,2.0008404,21.28635,-27.824965,84.06848,46.748013
-28.344305,-64.234436,-7.758133,-15.378577,84.95748,5.892929,36.35212,-25.29052,68.08462,-0.28218812
-41.55686,-22.619387,-25.00459,-56.276066,-41.357246,19.19677,1.8680565,20.714966,-23.025005,41.02807
-1.0185026,7.2224607,6.5500174,-5.383592,-22.910767,-46.96927,-10.755673,24.013409,-15.135519,-98.48844
-30.939522,-22.75054,-78.53362,-54.31232,21.997797,-1.0078615,39.0924,-10.838181,-93.608574,14.791231
-27.0981,-75.66427,-26.13837,-40.20487,9.645998,8.798815,73.67755,-51.774296,60.528824,19.766825
-45.032703,-13.099897,-37.70816,-44.676277,-11.967819,22.694916,34.94719,0.22230582,3.5423627,-27.978685
-58.058292,-42.13606,34.007866,-28.786043,27.961664,-67.13974,29.982302,-26.50816,-24.053825,-27.93007
-36.496967,-34.776863,-3.429005,19.45657,33.63533,-40.77769,49.554104,-34.887165,-23.424805,-29.35617
-9.846356,23.966879,-31.297356,-39.39806,2.2626686,76.2097,32.74772,8.609169,4.8369803,-52.890167
22.012468,11.144701,14.317189,-5.9882007,-13.199143,-46.157078,-58.179054,45.497463,5.492168,-14.921748
-25.988054,-38.068726,-10.299978,10.255862,-16.837145,-38.539143,40.256607,-23.726639,-28.832193,-29.597683
-38.090694,-49.69214,3.8200104,-5.32895,16.940475,-53.337803,40.76481,-23.177614,-7.6309643,-17.342306
16.572807,-60.853718,-5.522096,-47.547295,-5.737093,-11.066401,28.663145,-30.448128,79.78405,6.178659
4.3685203,-44.466198,2.890082,-35.943966,50.905552,4.6430864,35.098804,-30.731413,65.78816,12.752598
20.152212,5.7904887,-66.30464,-91.41745,-26.84964,44.328465,79.95276,-4.918602,-59.899315,57.159363
-25.071447,-46.76286,-35.762756,-71.48081,-37.805744,-43.358154,-9.887712,33.849373,-15.019391,25.217527
9.586537,-25.525553,-28.141825,30.689419,11.142311,-33.821312,62.421528,-47.29214,-28.440584,-65.452484
-14.943673,-58.056087,14.860481,-39.099033,9.498723,-6.2501016,33.214214,-43.233234,83.0391,55.61368
-45.788826,17.670786,-0.38577792,-46.841103,30.707598,51.08388,37.17797,11.24715,57.78458,-53.58629
-63.03165,-29.849638,-16.470188,-13.96442,14.234553,-54.216824,4.5381737,-8.871256,-49.057053,-8.024742
-5.109219,-42.36382,8.865101,7.1606216,-29.500994,-66.740944,58.85977,-11.102819,-25.62515,-28.62042
-43.687008,-49.629204,-9.0645,-44.644085,-32.298138,-14.110498,-23.565277,9.790342,-10.452315,39.8022
2.9117336,-54.488083,-0.7743763,-27.188396,13.303244,1.5116856,44.948376,-25.190107,73.992134,36.134502
9.346974,29.302567,-5.4600277,19.160892,-14.587199,38.737324,9.08604,-47.357815,35.630222,-40.754917
-14.24486,-41.22419,-46.82216,-59.843292,3.5754743,3.4930627,1.4407558,-7.2664332,-15.546201,14.484446
-5.437042,-32.646553,-13.315356,-43.406693,28.042961,10.8803,46.276127,-36.28105,58.621506,31.814651
18.671326,-21.68376,-76.40902,-84.51357,-41.0034,20.537455,8.312949,9.349591,-27.433409,18.13289
30.898699,-21.326439,56.685486,-35.3879,-18.436771,-17.523096,14.650408,-4.949356,30.312506,-33.460476
17.908047,4.624677,17.13324,-16.288933,-16.98508,-45.06549,-4.6104045,19.953001,-12.528932,-98.92009
-53.380547,4.665537,-29.4061,-35.156384,1.9410763,55.156075,26.852251,-0.4347288,30.925247,-50.3785
-12.089952,-52.45935,-9.686727,-8.903491,-24.926483,-84.16149,51.951763,-2.749821,-29.541834,-8.553554
-43.030544,-10.175674,6.060911,8.360122,5.7864237,35.244217,22.087729,14.268416,55.431053,-57.58881
-14.885812,-0.027752636,26.304035,10.948325,-12.73482,-14.536418,8.691857,-44.43553,-28.180285,-41.17469
-25.425108,-48.850548,5.380288,-15.679375,22.464447,-79.235886,55.460835,-12.879854,1.2712884,-19.440416
-8.117161,-5.3576727,-51.774895,-14.1921835,7.255024,73.11479,39.7759,-0.9968358,27.744793,-49.220963
-10.400345,-72.68831,-8.158911,-28.52589,40.716187,9.40679,58.003853,-42.41777,70.58576,13.130927
1.6095303,6.5196795,2.512705,21.52615,-24.674942,-31.092228,-44.965958,14.045049,1.6917363,-38.932922
68.20419,-3.2904,8.439301,-28.331062,8.250179,-10.47506,-45.271263,4.4476995,-8.257487,-50.291668
-4.8656263,-50.539547,-2.310161,2.4923801,43.46582,-49.65821,42.31915,-38.288055,-18.524288,-39.26036
-13.559884,-26.78236,9.538929,3.111652,22.263647,-43.179966,46.85326,-62.738995,-21.708649,-25.704544
-23.111813,-90.38748,-12.2586565,-25.900867,31.27178,-10.971177,72.50303,-21.381662,33.972878,20.186363
-36.597023,-50.05728,7.77063,-4.0724573,33.356388,-57.329884,48.443485,-22.272617,-21.308443,-24.463129
-31.655573,-22.47393,8.904148,19.483093,-4.4330277,-43.917812,62.319954,-22.890676,-36.373848,-14.574223
1.3743254,-70.41101,16.899168,-46.191208,38.971874,16.86696,54.451168,-45.53173,71.36536,45.17119
13.359366,39.178486,2.9104247,6.635173,-3.665095,-39.673615,-33.989407,-6.964422,-16.407265,-35.243958
-28.261763,-74.774704,14.5045,-12.338362,47.441296,2.9027011,51.76236,7.389011,35.111397,1.8681806
33.505173,45.147522,11.349835,-5.4168477,-0.51022285,-36.092113,-43.68811,1.3144276,5.171022,-49.39966
-0.65201753,-48.427376,-9.139364,-37.40386,39.849545,0.15108919,35.089558,-45.111973,76.200584,6.6564326
-24.827543,-34.470013,-14.477551,1.3788934,6.199312,-66.377754,58.876755,-44.969685,-37.747818,-53.08591
-21.391813,11.805721,-21.701832,-13.724769,22.779474,32.64752,49.679264,-14.194785,24.065374,-40.10944
27.568027,-5.3939533,-32.74256,-70.18204,-34.03946,69.627205,52.484097,-26.835777,-33.40574,71.97341
-6.2763634,3.0364778,44.24403,-26.873371,-32.92462,-10.814615,12.919233,15.946184,20.026503,-66.88406
-10.742088,-46.35342,11.7032995,-3.9204495,1.4372239,-74.26287,38.706684,-39.809155,-26.587524,-12.644927
-18.710098,-23.763535,-36.056442,-79.16857,-27.873634,34.861996,1.3728905,-33.91588,-30.0779,39.012535
-45.43434,-26.402485,-26.834248,-8.148231,-22.038298,-72.74921,48.930775,-2.8994286,-6.948344,-33.4553
-36.21127,-61.019318,-10.875161,-31.25096,18.412683,-20.107214,64.03376,-38.607758,30.848557,23.27111
30.200466,16.8216,32.43866,-34.165184,30.288778,-41.964092,3.1766324,6.641154,-33.814476,-104.16249
-36.37129,-40.452133,-12.585918,-1.4756179,19.973293,-5.9427943,51.813324,-10.563019,17.522808,-28.24794
-38.23403,-5.7763057,-89.74173,-50.188457,-36.615917,-65.263756,3.447977,34.859394,-18.445498,43.02912
6.572846,37.273144,28.394966,-21.875097,21.86099,-8.073407,-11.375159,10.129201,-37.918034,-86.64601
-18.210512,-46.432846,-7.886928,8.975857,-17.05,-45.6796,54.394176,-15.431038,-51.167385,-30.4192
-15.210154,31.47362,11.164336,-27.399496,-1.3897792,-22.908293,13.154062,35.112305,0.116874725,-76.105965
-48.2822,-13.244109,26.739609,-13.482497,5.7896686,-58.702534,68.2678,-15.712941,-43.389664,1.6546005
-13.307474,33.25276,-58.775177,-60.927372,12.237797,24.173243,40.79671,12.47821,90.02961,-32.732548
46.552666,32.475235,-78.85117,-90.71397,6.0896325,15.438171,55.828037,-46.27073,-92.753975,34.771004
-29.05971,-27.60391,-10.392563,-46.270996,23.939108,-23.450748,22.970463,16.044613,25.493774,-14.335897
-25.222675,-13.931323,-33.782623,-30.009007,46.583214,22.895836,45.015755,14.77099,65.1744,20.53656
-29.575222,0.5888181,-44.513126,-1.2527138,-17.134905,67.003624,36.514008,-19.42857,56.128628,-33.60227
-6.9933395,1.2404095,8.640501,5.34907,29.013521,-40.611607,47.951317,-72.12467,-26.98937,-15.403955
-42.60491,-16.314816,-28.103306,-53.353115,-5.9743915,24.131475,14.029341,-49.397,-43.584774,8.434063
-18.89918,-50.392014,-16.747286,-4.9843335,71.95448,0.07636738,49.83695,-19.617186,63.006744,13.343077
-30.41736,-45.53745,3.0538456,-12.086892,16.184877,5.3592043,55.487648,-7.8989263,70.912926,-21.728868
-28.474386,7.0424943,-44.355812,-8.746475,-13.511803,53.437584,35.90342,-19.759417,74.31809,-34.751335
0.7716739,24.721914,-11.477863,5.3576546,10.954851,-50.051865,6.6066756,-8.200694,-3.7490277,-74.329254
-1.1113063,0.26108006,17.502108,18.148132,-24.136196,-66.96373,-27.10667,56.385387,5.966266,-75.01625
21.461939,-54.80563,-3.0614824,-64.55701,10.123434,18.11424,1.9768008,-45.396,88.99386,12.675084
18.012802,13.3686,0.6070261,20.77666,7.368091,-35.726254,-52.570183,56.321377,-2.067225,-14.322331
-50.163853,45.887722,-66.49995,-46.397587,5.2310967,52.718006,9.512821,36.03056,58.86462,-47.4473
-28.024557,28.05753,-74.72937,-43.84145,-7.479084,5.3627596,13.561226,-6.3686924,5.171749,29.83738
-26.982954,-9.904768,8.277046,-15.672765,-30.620626,-57.481407,8.696793,-28.398935,-42.68243,-30.68845
-36.872295,-52.71131,-52.12664,-53.057617,-8.493275,0.2204436,-13.353977,-10.827234,-17.684683,34.92087
-32.280384,-40.897335,-0.31058586,-5.0302734,10.663127,-84.05819,68.54487,-17.441225,-17.804375,-5.484366
25.223997,-53.999516,-2.7394297,-19.897781,18.072659,17.63866,62.639412,-44.849403,80.17062,34.691483
28.601831,11.364378,9.649216,-11.360387,-19.443949,-22.956236,-60.42292,23.380106,-14.361858,-27.0202
-34.30187,54.010788,-62.436028,-37.386227,8.124085,46.36031,28.386099,3.6693556,37.04204,-33.711193
-34.140255,18.77468,9.79862,-51.91974,-10.309319,13.178075,40.799667,-2.6228793,0.14298967,-51.020912
-16.417746,-24.94145,-25.234959,-55.600758,-27.894737,59.48296,10.885046,-35.056194,-29.495375,58.23451
-21.247232,-30.314028,56.128525,2.870088,41.140713,-64.48798,58.977337,-38.307716,-59.43902,-8.058124
-9.611688,-28.714355,4.9585314,0.09862864,39.330288,-46.068287,41.084682,-62.44676,-16.621452,-31.127077
-14.519896,6.0344152,9.504944,42.38184,37.55187,-27.229801,56.484676,-53.8706,-33.88245,-47.003975
-29.542458,12.163533,-53.587902,-82.56498,-43.3888,-31.582296,-2.3023286,59.352276,-37.75908,35.731125
-32.39552,49.14648,-53.15322,-45.80092,-43.945034,57.144344,31.590197,-15.948775,76.42207,-36.49142
-71.123924,14.898972,-12.882772,-40.09104,-0.20031554,40.226784,64.11187,5.0645323,50.590584,-34.302692
-25.322975,-3.6832218,4.889084,-47.967796,17.887262,32.86271,21.591959,-20.700777,43.291637,-84.55742
-21.657051,-41.813934,-4.0816855,-22.47066,11.471838,-37.030476,29.757452,-57.60438,-28.252058,-42.21546
18.19434,-15.2421055,-50.551273,-64.27288,-30.177595,19.746061,62.144947,-2.761884,-48.3205,43.871437
-28.344025,-6.943625,-27.444118,-32.505657,-9.414396,26.518955,44.27498,13.410065,60.753876,-62.390514
-47.91141,-4.0905085,-31.0864,-18.090513,9.757275,26.093233,42.488956,6.058145,45.96357,-56.174187
-47.763603,10.512104,-33.226994,-31.802624,1.2972121,42.97941,21.058615,-7.49913,38.540726,-52.751827
-15.983119,-31.621387,2.6787522,-7.429214,2.460518,-67.38093,64.41884,-33.621143,-28.455378,-20.487085
-35.989452,2.7306619,-22.017693,-23.308748,43.63413,33.42971,52.92405,8.753852,43.889473,-46.54686
-4.0431004,2.7171192,-27.394226,29.488148,-0.7448864,-36.654247,57.384277,-34.441914,-17.738297,-42.661465
-17.31256,31.186775,-57.8404,-60.45013,-7.8982663,26.044355,12.7456255,-1.6718037,-31.604893,19.828003
-38.529396,-40.458218,15.638848,25.69485,24.392197,-17.397297,33.789845,-24.580662,-44.231018,-35.5007
-33.65675,-50.680786,2.2749443,2.2265637,26.633188,-57.45875,43.391388,-18.785223,-12.133022,-26.022993
-27.519615,10.20437,-53.322243,-43.943726,0.67935836,38.25265,34.70676,21.319527,82.397865,-63.362286
-21.878805,-18.943974,-35.239372,-72.48037,13.238824,-27.508423,-13.372875,-7.88736,-64.71621,16.900536
-61.912197,-6.3263984,-14.334561,-29.88737,11.411271,30.717354,29.33866,20.529451,46.457504,-51.120464
13.458067,50.206757,30.47805,17.740711,28.950102,-33.714436,-26.251123,-5.60888,-23.524557,-2.1396472
38.296494,6.2919583,23.477457,1.4093437,19.10954,-76.45219,-11.200057,-6.2964377,3.783136,-84.715454
-36.533546,-53.211834,21.411644,6.3921547,24.13574,-44.946068,49.40114,-33.172108,-64.79146,-8.354342
-15.456134,-60.701447,-14.915941,-41.972748,0.19254541,-34.40638,49.451138,-6.644078,11.024999,5.859659
-9.808808,-41.640972,-32.7505,-47.69717,-32.80632,15.86145,27.276386,-14.828512,8.8015,-0.89448184
-1.2927952,12.78641,-57.98679,-65.649765,-56.527855,20.732738,49.012165,-19.754707,-40.05267,46.432076
-24.171452,20.283709,-50.161644,-34.243793,-17.224236,40.73765,48.16924,-17.888449,49.981888,-47.222103
27.985224,37.32726,2.8245535,-22.640692,-18.591785,-52.228622,-58.949852,-39.74708,-11.147555,-102.46592
1.6667904,-70.50726,-3.822865,-46.760212,32.464558,-23.87038,69.330284,-32.34959,70.87944,21.603535
58.964417,3.8107703,5.478196,-18.611336,12.478678,-30.561544,-41.057243,-9.343649,-8.0955,-72.31142
-3.8369136,-34.393,10.823172,4.2831883,2.2754197,-70.19279,28.592815,-60.325153,-32.283432,-3.39891
39.29594,-24.60965,22.976152,-29.824574,18.29342,-30.197882,-19.675974,-14.56258,60.26995,-5.5641246
-22.058224,-23.855799,-11.959112,7.0190496,-1.5384359,-66.468544,71.65447,-3.4091709,-24.59191,-51.68976
16.597218,23.381134,8.6803875,22.153164,1.3097166,-31.37218,-44.468575,12.359574,-16.215796,-50.701183
17.572308,4.3925943,-7.983196,-14.924455,-9.371831,-36.83203,-44.273643,13.560892,-16.941713,-95.59296
-53.71218,5.1406364,2.1601965,3.2874236,10.32851,3.901214,57.01933,1.9292825,-40.887283,4.9777665
-3.3988624,-32.81318,-10.725804,-72.21986,-37.610466,-54.061375,13.592232,0.02461962,-7.7074933,7.8392262
1.5544515,-44.816154,-47.63996,-36.241665,15.786004,5.380377,32.081547,-19.8069,0.60604477,55.168655
-44.92422,-25.274406,-25.427427,-42.75487,-24.670815,34.780975,-24.55629,-6.2476983,-11.775696,17.565567
-40.294235,-52.816093,11.692353,-1.564603,-11.3946085,-47.913185,59.327007,-56.054893,-18.548235,-46.733566
-4.0211487,-58.498375,-0.49746975,-68.56959,41.63037,-17.881199,-1.7467122,-43.659164,67.391464,-11.750697
-5.511734,-67.365944,-13.621181,-23.209255,31.411158,25.572578,70.63543,-27.82722,66.58528,42.844147
-9.706385,10.550502,-20.753696,2.7664213,19.568434,8.863786,73.35707,-56.5944,-25.4079,-57.921787
-13.040837,-31.766644,7.2227936,-3.6065068,24.776167,-63.449768,69.586395,-33.597477,-27.474773,-33.08124
-38.004295,24.660843,-31.142899,-21.291845,-14.221338,62.711216,43.195393,25.413261,15.617528,-33.830776
-18.76648,-21.931192,4.8252754,-1.7693095,36.269474,-47.079582,58.777775,-34.616604,-28.288095,-29.047178
-18.471592,-11.156734,-82.42965,-38.656273,11.079759,-18.189459,-6.155163,-2.2876272,-38.71891,31.78286
-24.917322,-2.1758797,-18.953104,22.036636,32.07628,-45.707634,46.05944,-31.662039,-38.803627,-22.656384
-39.686535,11.431354,-40.030083,-15.261288,3.8427057,46.53381,32.557487,-26.026623,37.134727,-29.368622
-25.09611,-44.76619,-5.7346478,-48.0172,27.385784,21.572302,35.128254,-15.286367,32.707592,-22.667515
-13.084009,-56.908207,-31.2446,-45.429176,16.262478,3.6699302,87.96203,-36.421635,57.118294,48.379906
-13.839777,-37.935528,1.8562582,-13.969173,29.44729,39.444447,58.80967,-49.824123,48.961784,-33.863373
33.792076,3.1631782,21.035683,20.387688,41.383545,-48.268475,-38.183018,39.04236,1.4253049,-44.906097
4.7541766,-39.47816,3.842149,-9.707543,6.0388145,-60.27974,52.430824,-53.773182,-49.82796,-27.378536
19.504522,-8.775155,-54.063927,-75.19816,0.07040298,-25.232573,32.685234,-26.612648,-40.20979,34.7004
11.63453,-23.342354,-15.444217,-78.38658,-22.810698,-6.893656,-2.589305,-12.5770235,-80.25259,9.770617
27.760939,23.062098,21.912508,2.4441054,37.847027,-49.975315,-20.964767,34.24082,7.252394,-52.928223
-43.924587,-26.722593,-16.531515,-58.526966,-47.965637,29.53545,-34.484055,-8.28175,-23.5087,49.23948
-35.986504,-42.443954,-42.12054,-18.508715,-31.046217,-19.209549,-26.861286,30.702791,-59.073296,51.255257
-45.944393,-36.617996,21.989033,-2.0513363,7.4190626,-64.68642,65.39699,-19.946966,-26.359993,8.478272
-5.4428473,-59.5495,1.9593999,-22.711914,52.895874,3.6229303,54.807133,-21.660116,53.485027,26.541908
-27.680815,26.652628,-50.865124,-32.428307,22.724842,30.853615,32.392464,0.528214,36.836357,-51.50921
-41.245934,2.631348,-48.94255,-60.59301,-14.622441,44.55428,18.248337,-37.422935,-28.164404,21.086342
-21.45747,-86.19548,8.599128,-28.789078,55.045174,6.184435,26.85079,-11.638266,70.02781,3.3233037
16.164726,-11.745636,13.666374,-29.862934,13.849177,-38.486393,-19.802473,-1.0485042,-11.912928,-37.745434
-24.863964,-38.086246,-46.020542,-68.783646,-5.6193924,14.44468,-0.0009168819,-15.910892,-28.777859,16.05745
15.854935,-13.87164,-43.15227,21.431911,-15.417735,-34.854195,71.62487,-44.256886,-24.366634,-53.84117
-8.458958,-22.313364,13.372953,33.107937,0.18308866,-68.89988,59.05152,-11.023537,-18.818926,-36.515404
-30.944502,-47.44156,-5.141433,-23.52749,40.049625,18.68844,63.51083,-47.840103,63.12004,36.33882
-50.27354,-11.182177,-55.88281,-39.01253,-12.797754,-14.361401,-69.53441,14.426581,-49.372543,-22.766363
11.664168,-5.5873876,3.4950278,-49.01846,-26.018986,12.133789,45.258366,13.541495,-28.404203,6.2061143
-22.426205,-18.434967,-35.00193,-25.523048,8.149423,8.247497,18.889313,-4.9933496,-18.178144,-1.3402733
-31.605614,-58.02777,-25.228523,-19.887844,46.486732,0.6909752,50.575233,-37.799328,49.90791,10.011867
43.839775,-6.064021,1.5108261,-2.17325,27.21698,-24.940315,-44.493755,23.24938,-21.085497,-70.29226
-19.324114,11.86317,-39.361607,-49.55465,25.24269,24.13651,48.24383,-3.6084995,57.771885,-44.58404
-18.230906,-60.828445,-17.356714,-32.086937,56.79192,12.818986,54.519043,1.0004978,60.112522,23.579288
-20.753042,-46.53444,-2.3458226,2.2340155,11.632898,-40.667812,52.569958,-20.57619,-44.394558,-28.420477
-28.310776,-15.689724,3.0422397,10.6196,-3.4034097,-58.171806,61.113636,-6.559711,-20.187628,-16.824501
-19.578749,22.196325,25.001524,2.3059402,-29.916695,-58.984447,-28.613598,-17.947363,-26.276644,-114.734665
-47.632088,40.93487,-54.049957,-37.770218,5.5687857,43.247696,15.610449,9.782043,21.760157,-41.109573
26.06328,23.154165,28.930414,-20.75443,21.056246,-18.298582,-35.028088,5.151518,-27.375517,-85.964714
-26.727253,39.488518,-45.70615,-28.71767,-0.99536645,78.92766,38.74007,0.9549499,46.519382,-37.596333
-8.984493,7.0097604,12.571973,5.950372,-8.350114,-60.45534,-23.936718,18.423843,-4.894368,-100.55473
-47.153156,12.980217,-22.444897,-39.813923,18.246918,33.761955,47.36542,5.5033875,63.593628,-54.177036
-0.029826064,29.14652,-37.733974,7.456546,-3.424776,35.047684,13.514065,-17.64687,62.7203,-46.300316
11.487409,17.297585,5.7972393,0.80123496,13.204399,-53.22241,-50.61858,19.462015,-11.208325,-47.39868
26.753786,-12.085387,45.72213,2.371373,24.829922,-17.454298,-25.833721,27.270456,-0.5017616,-81.5012
-21.130617,-61.29799,1.5577791,-32.650787,38.59529,-2.7312598,50.472485,-45.089077,57.207657,10.031775
-34.4707,-57.381187,42.262966,-15.78669,10.179074,-46.985683,38.718227,-17.712454,-72.60525,6.6916814
-0.14626363,-28.367533,-36.615784,31.342087,-7.239689,-52.145805,66.81216,-27.564945,-8.295879,-59.125675
2.2038774,-9.42898,-35.882668,-32.907406,23.974297,12.480108,4.123235,-38.18243,-65.64002,51.82428
-47.56524,-7.524503,28.084433,4.532036,19.622652,-62.37356,78.39757,-35.391315,-31.938984,-20.208727
-29.718014,-75.25392,-22.649433,-7.206121,46.952915,-0.3939081,42.31713,-46.100372,85.23998,17.278622
5.703182,-76.891045,-13.492356,-15.194734,28.062664,-2.794746,30.471148,-28.790478,80.01043,6.9129624
-33.3559,-36.609634,-53.04232,-13.951879,-2.2719853,-18.533972,-19.56105,12.010761,-65.179306,26.539135
-30.905857,22.115282,-8.771977,-27.036146,-1.0035579,-30.314705,-11.795231,-20.981146,24.794125,-82.24457
-13.03815,7.110305,-70.996,-66.80059,-53.36457,3.6477563,28.698315,-10.1359005,-8.382679,34.435448
-29.11114,-26.66425,17.481644,-13.250231,-0.3595132,-70.90234,53.54912,-49.555756,-40.241585,0.624668
4.260239,2.9214313,18.199984,0.62244797,-23.356672,-57.864048,-7.240148,-29.252275,-31.808216,-34.99414
-21.375483,8.092044,-36.57945,-23.173729,38.29463,29.052715,28.271639,3.4345143,37.013905,-53.345707
-28.490908,-3.5249925,-2.1073701,-44.426075,47.057945,43.607666,39.05428,-5.451755,58.07941,-73.47299
-48.86745,-35.108566,21.073898,-9.043918,8.79255,-55.999287,41.080544,-13.32796,-61.612152,-5.0308514
37.679268,29.4952,1.5010347,-29.974937,-76.105255,-11.294904,1.0114962,38.956676,-42.48877,-82.9086
8.887446,-21.561943,-11.509865,32.701935,8.196982,-42.519394,-12.00943,-8.883188,-2.079461,-53.688637
-59.125767,44.935944,-34.649452,-57.815365,0.421584,62.876507,32.604538,-2.2254558,53.548985,-48.55578
34.234886,19.861681,34.891006,25.641403,-4.4777665,-10.017093,-50.97756,-33.4499,-12.823247,-86.35718
-13.098689,-47.433304,-9.352845,-21.895624,14.204681,19.27085,71.593895,-56.31088,37.33307,-7.1848474
56.77524,-1.5793755,27.253698,-43.493046,-10.739249,-4.030458,-21.205265,5.469946,-15.706096,-48.519897
-31.5791,30.28919,-37.492897,-76.23324,-17.159029,56.58099,29.174047,-5.5845814,71.040245,-37.755894
8.475694,-69.75404,5.2549763,-46.59676,25.259502,-9.089857,15.894026,-63.439087,65.07849,0.30387628
-26.467194,64.35999,-40.58731,-48.431644,-25.860521,53.97447,18.949242,19.294891,51.331314,-25.044638
-18.303183,-46.420414,-51.08803,-24.615185,40.886772,5.6347923,62.556545,-5.45302,37.364666,35.274616
-18.799545,50.566933,-47.79647,-19.405922,-2.3790762,33.594326,25.895103,-18.026787,80.68699,-36.021652
17.4196,-0.11334268,-16.208797,-37.797894,16.484428,25.463856,11.963757,-47.162144,-43.68212,63.5801
-23.00912,-26.126484,-16.0394,-63.6086,12.001706,18.164417,33.02724,-0.80175555,45.002945,-12.5702095
18.880888,-15.086158,-46.010777,-20.544353,-17.811314,-30.138184,-15.255873,-26.14886,-28.556583,48.701504
-34.471737,-52.88155,-5.0127435,-11.448947,50.00615,26.202854,61.019104,-20.618185,40.236824,-14.432603
-32.098133,-8.233517,-43.05307,-37.387985,-6.6494117,34.068787,42.15847,-2.5340812,21.105513,-28.315426
-58.122425,-19.370268,-8.002222,-9.468339,-1.8039234,33.351852,21.192812,24.783567,74.16822,-42.963512
42.308193,-6.984168,19.834673,-2.8545794,1.2147812,-43.95992,-30.326889,0.3544158,-0.42073178,-72.28329
7.828932,-41.655975,-12.986504,-25.311943,24.291883,10.069756,47.68592,-47.70465,52.66417,38.401924
-17.82175,9.862075,-87.997025,-79.79582,-15.513579,-28.901054,-24.947735,4.08964,-17.70077,-15.413662
-39.98039,-57.9445,2.1003966,4.0925007,10.258665,-50.60812,64.50225,-38.55374,-6.0097237,-47.71709
-20.14749,39.517002,-71.48813,-44.449863,6.2394605,34.767296,15.629628,27.041311,64.605034,-69.5024
10.83829,-44.05954,14.049306,-49.854237,49.149105,10.199089,36.50746,-42.703392,58.855957,5.8440914
-12.351887,-27.565279,-15.731784,-79.02329,14.818417,21.103746,-14.50252,5.746705,-94.98756,26.911785
-25.029377,-33.00186,-50.202873,-20.398048,25.087732,2.1689718,16.1546,-37.845417,56.11052,-19.17002
-33.230488,-46.90845,-66.26705,-0.5304816,-13.640512,-17.06756,-20.412367,-18.240364,-31.069948,25.31203
-44.463287,-40.423985,12.9131975,9.053817,-19.352205,-50.031654,51.82432,-22.046156,-4.120488,-17.473522
-22.007786,-34.873653,-19.45584,-27.42648,42.436855,-5.5864344,17.501635,-5.453392,101.91358,10.995888
-12.370578,-37.67376,8.068256,6.8594627,57.941708,-53.71709,39.616898,-47.41092,-25.917301,-33.676197
-31.084276,-4.566981,-45.80498,-31.11099,-29.576067,-13.591305,-5.2406893,8.805362,-17.735123,48.817345
36.432392,29.334478,-62.202847,-96.56724,-20.170153,12.172456,44.11031,-31.274494,-52.23006,35.211914
-13.4874735,-29.713839,-36.758022,-38.927444,-15.868256,38.0083,42.788994,-22.35826,29.019222,-44.652733
25.452145,46.150818,14.061606,-33.2617,-18.262445,-26.510809,-41.484226,10.316389,-9.504877,-43.38162
-32.439297,-39.16216,-20.892012,-37.103878,48.329597,27.71874,45.795177,-6.1707006,39.233192,0.2134937
-19.776438,-40.430065,-18.094963,-43.60636,-22.198286,-67.18178,12.444659,17.289236,-46.616924,24.17556
-11.430687,28.326233,-52.900764,-59.573627,0.41845858,36.747715,34.386005,20.561869,19.103065,-9.589382
25.89707,-45.708942,12.734243,-40.857334,33.389694,2.7291868,38.277924,-42.6367,66.39147,19.935757
0.57928216,-25.061018,-24.002079,-66.35138,-4.0058184,-9.955851,2.2921228,29.02442,-74.98582,37.309498
-26.67363,-28.586187,-29.264019,-64.59276,-54.107555,4.488101,15.122123,24.485395,1.10214,47.09162
-15.44687,0.51847684,-32.350113,-23.852665,36.73319,34.161034,45.84393,-3.9461102,8.089396,-62.849438
39.27414,13.825475,1.4347594,18.41462,-19.154352,-51.857853,-39.4261,5.577461,-23.937038,-22.245937
-51.460056,8.76199,-13.034381,-38.89373,17.928944,33.190475,28.652393,2.787225,22.967793,-37.52999
48.635075,-2.4585319,-0.8275524,7.307865,-3.043768,-34.4722,-42.574665,5.020273,-30.941027,-32.92048
9.913149,-27.402296,-44.103195,-80.853165,1.9764264,2.7870467,33.702606,-36.32838,-52.633236,35.60333
-61.225113,16.989534,-21.664524,-56.702583,6.6597524,47.0026,40.76391,-15.751769,28.561604,-31.235826
19.330748,-5.337755,12.00661,11.114347,9.766952,-21.267374,-48.50303,17.623243,-16.492552,-58.89945
-27.916626,-48.246666,8.967948,8.135329,42.68036,-48.797104,45.661625,-46.806507,-14.055714,-38.95011
12.394947,-66.46446,15.854726,-40.673325,40.172,17.321663,15.334516,-50.942825,62.427116,36.553116
17.572985,-72.512634,1.086453,-33.66417,29.15138,2.2129135,64.0433,-45.402115,44.88852,2.8975506
-18.341457,-26.621935,21.394497,6.6648016,0.88012016,-40.48011,60.11317,-29.405758,-11.364679,-30.256315
20.678196,-29.68294,-57.356873,-66.85335,-14.920065,26.06752,45.603893,-15.390269,-57.10303,32.58515
-38.48873,-43.192368,21.77729,-25.916752,15.834531,-44.02704,24.542274,-27.081121,-25.389883,5.887525
-13.858339,-11.42728,-56.210144,-77.34925,-21.261799,4.901473,-13.638933,4.838704,-30.489393,2.0008001
-33.280067,43.772053,-55.386314,-42.339428,5.8911223,58.178844,33.17809,1.9926624,51.00057,-39.617767
25.413021,30.965794,18.073856,7.4390764,-7.641445,-34.825176,-30.45377,21.939066,-36.314407,-52.392597
14.214103,12.219228,21.051502,2.4675364,9.02057,-69.2506,-18.310637,-23.244074,3.5554926,-91.174385
10.747692,14.123283,-29.140842,-93.46656,-39.68983,24.288385,16.242952,15.6955385,-20.1521,44.302765
17.868721,-18.934963,0.7494049,1.6402845,20.926678,-45.56075,0.9690486,-47.476276,24.066048,-15.854348
-3.0238297,8.419574,15.077243,-25.539726,-42.88962,-0.77464616,14.114176,1.8094336,20.045567,-71.537476
-26.202188,15.883998,-40.891903,-29.144281,5.3056254,65.40532,44.92061,-6.8930326,23.862274,-29.30763
9.892447,-42.201588,-13.626135,-39.14171,44.91868,-1.255697,21.612091,-16.12398,71.61715,15.028965
-38.74993,31.803759,-10.423973,-43.01107,3.8985877,2.0929887,44.55156,25.474998,24.04711,-64.75181
6.077164,-24.081408,-29.918747,7.5043592,-3.2144501,-38.663486,54.626846,-50.76855,-27.23956,-63.265144
-7.334273,-61.05643,-27.794558,-15.451019,46.382572,4.306299,48.890903,-27.75098,61.54357,12.242075
-16.226465,-61.655296,16.35131,8.921188,-31.982117,-56.673935,53.393982,-16.597431,-33.792583,-35.434658
-20.810587,-19.387743,12.183355,-5.2394943,-7.2341,-18.343935,67.135376,-59.80182,-7.92121,-46.36038
-20.237036,33.92161,-51.873817,-23.728546,-16.947119,52.694633,49.21569,-32.805283,37.068745,-54.820747
-4.706536,-66.57621,9.870313,-16.798807,29.691057,35.73673,38.06192,-27.630114,70.435814,-31.409382
-13.205629,38.356377,-25.755213,-39.04678,6.8719063,66.07734,39.268627,14.114381,-7.1078277,-58.397503
-36.304848,-8.632532,-21.577353,-111.97265,-43.975796,23.868275,-4.086414,-1.7512833,-27.463257,17.612137
25.04595,22.520111,49.135784,-16.585169,37.781555,-5.8214335,-16.856636,24.76504,-27.295391,-96.052155
-30.89317,1.2078222,5.0206146,-8.329541,14.740595,-49.612793,-36.01248,-37.25979,-30.378977,-38.786266
43.12583,-15.55029,22.887505,0.4423052,33.432148,-16.178577,6.7153554,10.455625,30.338264,-33.698658
17.153471,-12.79447,64.52858,-6.443772,3.510859,-19.865063,-1.3843546,22.596548,2.3903928,-78.524315
1.6959502,-51.95808,-38.544304,-20.20112,22.244663,-4.0508776,46.243744,-17.551184,66.91405,-20.762873
-53.562214,-36.27873,-26.54255,-64.53945,-4.6736517,-14.546608,-15.579534,1.8509204,-22.526743,29.911627
-33.33431,-22.666004,-5.250033,-1.3948077,9.270817,-50.60198,47.459213,-32.09867,-30.537659,-11.522707
7.0664287,-65.81776,-6.7507067,-20.1816,12.64785,-4.6426616,41.06005,-40.85345,91.59045,10.697529
-10.597364,-15.353152,16.08691,15.987048,31.817623,-50.429188,-4.988695,-25.29228,-0.7729162,-47.66456
10.32541,-6.7262206,26.62791,-7.820627,-23.07895,-45.678932,-9.993574,27.911268,-12.654772,-96.13395
23.078367,-3.5977848,56.89226,-4.428392,20.105347,-25.443735,-28.93549,32.483208,-6.4070916,-86.11514
70.316795,18.081581,9.410159,-22.956047,0.063856125,-57.07867,-48.21098,-45.066586,2.7786398,-85.238976
1.5073764,-48.603104,-34.616955,9.92194,-18.544584,-62.587364,62.79849,-27.585667,-7.234949,-53.486263
-28.101412,-31.16558,-13.664137,-5.480197,0.34681118,-69.60774,43.483143,-26.20817,-33.368896,-19.184439
1.6780789,9.829605,4.3681583,-13.917737,-36.99203,-52.539543,-28.330423,11.714747,-8.720584,-109.64124
-20.095192,-38.419697,-19.786161,-22.781408,-13.74278,-32.92283,32.373215,-17.54332,-13.461731,9.759453
-22.714361,12.424603,-23.268572,-11.70496,9.776916,-60.14082,50.795708,-19.799246,10.371807,-36.47578
-47.047695,-24.397537,-34.756237,-72.774,-16.80031,-8.728545,-32.234455,-6.205076,-44.527523,-29.984173
-11.4850645,-26.912424,-36.55073,-79.32516,-33.177902,-5.027874,-6.9925833,21.912655,-55.57246,9.878035
27.534403,-17.847576,-13.048842,-63.38695,-38.660736,-0.66984403,16.729553,-6.241619,-66.985954,80.63112
-29.332561,-55.937763,-9.818656,-4.275983,65.978714,2.985245,40.13899,-55.606342,69.581085,2.0494018
-31.285423,-51.865044,-35.252937,-9.906605,-6.232651,-27.412666,-23.509201,-35.93984,-41.824608,-2.2801359
29.534708,-1.0502679,-4.5883923,-30.432798,24.727058,-40.378666,-62.96816,39.204426,-22.103683,-46.69287
4.6783395,-62.4468,-9.162878,-36.74032,52.871826,1.309243,31.562405,-19.499926,46.224487,8.5665455
-49.286793,0.50916874,-32.080402,-21.939379,0.56688344,33.10453,13.421446,0.5305194,40.456074,-51.724552
-45.37283,-23.738642,9.153909,5.832289,34.52019,-77.808304,30.158821,-17.780106,-31.63972,-14.297386
-15.387226,-22.456852,37.160107,-16.353626,23.980734,-68.09358,58.01426,-2.1168616,-51.37852,16.13021
-46.97772,-84.13854,5.5209856,-39.4753,31.792738,8.154945,60.23996,-22.20805,43.13944,23.175398
-36.84122,-44.34064,-31.399921,-1.5197126,17.895514,-0.958463,22.330225,-27.809578,18.965628,52.236496
48.41533,-19.02241,20.415043,11.415879,7.0799966,-7.754452,-47.363583,32.640896,-5.406854,-26.071764
-23.242079,-38.590958,-4.979067,0.8421478,-27.175901,-30.777334,73.52866,-22.977547,-28.717123,-3.6333919
49.12473,5.9012327,53.383255,-19.003061,-21.773394,24.037312,-32.4107,13.53323,-7.2204576,-67.052086
-29.256924,-7.697153,-76.56341,-78.03641,17.428085,18.89272,29.710838,-5.2088137,-87.727554,26.096855
-27.94897,-61.663094,-3.3807833,-45.003773,56.939342,-6.5233326,19.651138,-15.189914,47.068283,20.711468
-0.20094977,-60.26229,2.7997932,-51.689877,29.753536,-1.3645687,16.574549,-71.81501,69.84585,13.298904
-12.793587,-57.294548,-12.807894,-28.384184,37.470104,4.63661,43.91664,-20.07298,74.74658,-1.2146239
-38.43927,-52.73094,39.499165,-15.509995,11.886824,-47.862816,47.274147,-34.920284,-32.96303,-3.146929
-2.9173815,-55.717106,-19.504768,-16.60824,8.343952,-100.60496,52.1525,-9.892278,-33.047085,-8.822326
-47.69103,31.102346,-32.562305,-53.34615,1.6849582,47.804844,55.86702,28.580172,63.800858,-26.843931
-26.049278,22.629263,-35.485878,-56.78471,17.343523,36.47772,52.187984,18.165922,46.23794,-76.319244
14.933362,62.43438,43.432335,-17.116402,21.703062,-14.741527,-25.248917,-2.1466095,-10.537941,-46.958378
-56.126907,-33.139114,-0.8239824,18.291264,-26.56203,-29.83135,53.204063,-23.627842,-26.980658,-6.644204
-41.248585,-12.929933,-49.67495,-39.395134,-15.233518,21.882654,26.773937,-49.79323,7.5776906,3.5235047
23.915762,3.415354,6.4754896,12.544973,-6.884859,-40.48214,-52.49709,0.5476877,2.4456396,-81.00075
-49.505386,-15.36085,-72.73765,-76.40456,-21.240484,23.995003,-11.727596,19.29119,-46.05838,9.3504925
-9.656654,-12.699127,42.27261,-11.125926,-37.951,-26.872482,8.028184,8.55587,11.378832,-76.068214
-30.406366,-39.58004,20.890545,6.6655483,19.521873,-49.633877,58.78441,-33.48173,-35.94922,-12.332993
-50.923313,-3.8069932,46.42316,9.71847,36.899387,-41.149265,70.58521,-37.168438,-21.704952,-27.185703
4.61316,-7.0434113,26.307775,-4.675512,-8.648065,-36.183292,24.123093,-68.715416,-25.327005,-19.579512
15.56906,-13.696626,49.945293,-2.037495,-16.08695,-15.733841,-8.566361,18.436476,14.760089,-62.137314
-61.393696,-55.42788,21.362518,17.203602,-18.271694,-53.06007,57.81625,-4.0104694,-28.403969,-11.964415
20.301863,45.65395,10.440116,-27.230373,-24.48165,-49.121433,-63.946815,-37.48957,-24.426086,-115.48461
-23.170977,-30.160217,0.07064259,3.161281,29.791945,-48.8753,23.699327,-52.54544,-25.438753,-27.180801
7.7614503,-66.09179,-8.030517,-21.624813,24.903564,2.0264733,66.38249,-36.3071,58.145493,13.226957
-41.287014,23.941122,-55.743,-37.280533,-9.786853,40.93679,18.588032,2.4385228,-52.550392,49.574448
32.975925,18.950645,0.8419602,-27.696531,-3.7898123,-29.990826,-47.349525,1.5176804,-23.779085,-76.94756
1.4264286,13.219441,-41.51071,-10.696576,22.496317,-4.3121223,89.92941,-65.61943,-34.92589,-55.851315
7.204222,-43.48119,-37.949368,-72.34306,-23.09956,50.179947,37.79786,-38.82893,-39.492653,61.616253
-10.7014475,-80.82568,0.5517044,-19.333906,26.201927,12.586923,64.71826,-3.2293162,64.87268,26.57341
-37.394695,-50.496937,-52.469578,-13.578534,-28.535645,-13.683677,-37.49385,-33.59294,-50.05118,14.302992
-31.0749,-26.626266,-31.331055,-23.422482,39.923615,32.62128,41.165504,-3.785544,51.968292,14.610928
23.26142,8.217198,51.558525,-14.835619,27.751942,-29.50757,1.8622012,19.469057,-10.770701,-88.88433
-23.251337,-44.44933,-8.517197,-17.798399,33.729397,-7.4008584,54.74886,-15.435113,64.424355,11.67741
-16.12495,-67.082565,14.242942,-18.57369,25.834032,-3.961867,68.23734,-3.6604943,63.92203,5.2741876
3.5965614,-52.18436,-4.669269,-35.69397,-11.357897,-9.189955,29.014757,-20.997295,-14.104257,77.17087
-45.953026,-7.1811323,-10.745992,-38.932606,22.053654,33.30458,41.74889,3.1836696,53.1053,-73.82649
-16.330246,-45.98412,-55.206337,-73.19357,-0.6637448,4.5612106,4.6472425,-36.407143,-27.364492,29.104555
-8.537275,17.4423,-70.68939,-85.70266,6.4366956,-7.957667,12.660526,-41.01601,-61.89448,-21.39755
-18.5862,-39.113056,-28.842424,-36.165085,44.075897,18.812046,44.866158,10.673751,57.2107,-41.106895
5.040771,-56.302498,-22.778803,-11.306954,56.263916,0.6349821,37.294926,-39.92977,63.409523,3.7248416
-35.309067,-23.824694,8.7693,4.3951406,1.8648494,-58.72041,55.998547,-14.645175,-44.647133,-11.871468
-20.585606,2.5367436,-30.018534,-31.645607,0.958274,33.114937,42.285812,4.858943,2.2866595,-52.127266
-34.670265,50.27601,-45.753742,-46.141514,3.2020903,51.801903,34.647297,6.1526046,38.85389,-28.319975
-6.784036,-26.083881,-3.6232467,11.584061,30.327066,-53.896515,16.094004,-56.867126,-41.21433,-19.599976
1.6362287,9.627921,23.994974,2.4608564,6.3920302,-34.246323,-50.67406,-6.9212413,-20.34915,-63.832443
-6.8500443,-23.920519,-42.812313,21.491543,-17.329681,-79.42012,62.084682,-20.227083,12.806842,-12.833626
0.42820835,-55.980663,19.258787,-36.18238,55.123085,-4.326281,56.488934,-34.907337,41.917,9.037652
-15.506596,-41.535168,5.651781,-9.553992,-3.9303498,-67.715645,48.976006,-34.40759,-45.98217,-10.172336
-37.84632,-61.211018,-22.40151,-12.699438,55.259758,-4.907652,50.12877,-31.540043,58.783474,3.794785
-20.963308,3.6293576,-15.652444,31.963753,-21.548452,-34.96151,8.819565,-13.074553,-18.03684,-2.3742127
-14.690006,-9.626509,-26.247583,-46.808167,-8.689516,-44.126076,-9.026293,-2.7494144,-60.247208,38.86988
-12.7574415,18.888847,31.174324,16.522812,-18.327744,-70.4349,-24.299953,-5.179267,8.061515,-58.88232
-21.117987,-46.65032,-21.143526,-28.91765,25.023191,9.892053,35.33701,-20.82071,39.65517,37.627018
18.106577,-37.889236,-41.981144,-48.718803,-10.549579,18.155447,10.6169815,-33.67117,-81.148705,24.318348
-16.841448,-11.298218,-86.66601,-48.40329,-15.125314,11.950131,-26.412748,39.823315,-32.934246,3.632215
-31.624683,-43.495846,26.300442,14.785497,-1.8303207,-42.66075,63.92437,-28.299854,-9.172237,-15.128141
-43.10077,-13.095722,-35.960506,-18.923235,-1.127433,28.652542,31.082518,5.3224673,50.57285,-58.7008
20.678438,0.77677405,15.599032,10.2413435,-16.373343,-32.83772,-36.482285,38.610313,5.723078,-26.116043
-20.140453,-40.506218,-52.018013,-69.972885,-0.7631185,-26.377028,-23.776617,-13.331608,-22.42191,0.879917
-68.15853,-20.214312,59.322964,7.427556,96.80861,-86.159515,43.398624,-56.185078,-20.699709,35.91633
-25.72874,17.770313,-74.3882,-48.182426,7.75351,-7.2662005,8.993669,3.2557752,-22.126265,2.452258
-16.99234,-8.893237,-22.690825,-13.664379,16.240032,-8.503873,45.088047,19.86089,-42.867306,-69.101555
-2.9800525,33.096333,-18.517427,21.403484,-22.9285,1.5938315,-12.605281,30.276464,-36.149998,-15.117672
-18.495865,-48.132008,-6.2700253,-15.553989,-11.047656,-64.3021,67.91549,-23.197803,-12.123729,-4.0576606
-16.453884,-34.40787,-58.309967,-71.89503,-54.297947,14.495007,4.531844,42.910786,-9.520276,13.670956
4.256957,-52.084232,12.7109785,-27.784199,66.089645,18.037064,36.07742,-30.88656,59.2688,9.3788395
-40.336823,30.738014,-28.741013,-37.635204,2.995482,60.699043,33.488102,18.689137,62.88199,-35.692764
-6.1015234,-4.5429473,52.657814,-19.171347,-12.106853,-41.480198,17.918015,20.984194,7.093826,-76.17291
-9.457765,5.101281,25.632404,-19.449707,-46.634987,10.514148,24.58952,-11.045684,35.130295,-71.976654
-17.390234,-53.902363,-22.050508,13.2919,-30.958624,-56.1068,52.092484,-14.629269,-4.6795497,-36.335907
4.231224,4.498059,53.051853,10.16764,-13.265662,-73.29173,-0.45523682,9.03125,-4.934244,-69.34837
24.033936,28.936905,25.580051,22.041996,5.9132104,-38.31585,-18.593872,10.773599,-15.716315,-67.68827
-51.795288,12.680467,-53.126823,-55.232357,-30.949463,29.81039,12.566943,-19.700066,-21.401047,2.384294
-49.048096,-64.94016,15.966914,-3.3779664,12.9183855,-65.6239,50.613197,-23.709517,-45.811966,-38.409725
-31.272945,-12.306234,-27.137062,-47.351494,12.217636,15.73332,40.819675,-4.8350053,45.730186,-28.220999
-20.766853,-47.87677,-30.526814,-5.7140884,27.330172,-59.695652,65.426476,2.7795942,21.786282,17.388447
-44.84832,-47.269035,12.891822,-34.801735,3.3727517,-43.165756,34.559566,-28.88164,-5.8685074,8.681526
25.206987,11.859619,11.150803,4.701272,0.6418457,-58.375652,-39.589447,-7.750977,2.2415497,-51.32772
-10.838906,-23.420893,-2.1439989,15.4114065,0.9454831,-50.95824,43.406746,-16.536266,-79.95532,-3.503348
-15.301997,-36.762005,24.216267,6.9494343,-16.210623,-60.919228,67.51945,-14.449187,-27.888832,-11.204645
-0.30650857,18.096746,8.510306,26.553589,-23.669603,-29.282766,-31.263937,4.2565184,-32.302635,-36.967045
-16.93191,-58.896534,-20.537088,-35.87349,81.57808,13.2326145,13.358203,13.03393,73.51191,17.162306
3.2743745,-81.73832,-25.09393,-16.224005,16.264715,-29.73105,50.832245,-0.8816961,26.135073,33.76649
-8.126995,-65.181984,14.84722,-64.191154,49.49638,-18.889936,-1.0887463,-75.384094,54.071617,-22.147295
-65.98332,-8.494087,-14.188758,-28.184471,17.464865,29.574297,15.178237,2.2724228,47.616493,-45.013275
5.220343,-73.09348,7.1859045,-45.24979,25.436968,-6.898556,15.74487,-38.88984,65.07653,27.461235
-20.286533,-80.72703,-12.222025,-29.008755,22.716858,-16.208494,55.663017,-28.750395,49.794266,12.416794
9.277458,-74.64006,4.425007,-64.48066,11.359371,-12.296669,18.403366,-85.809044,77.00851,16.151857
-40.66608,-32.97786,-44.23033,-90.689804,-16.035156,3.6162622,-4.447988,4.0466633,-32.68347,-10.652744
0.04316771,-94.057175,6.672943,-11.107096,6.3146977,-2.7363014,18.676867,-72.54772,77.39804,-26.92781
3.0961642,-15.540744,1.8624153,6.3199377,-23.477068,-48.570034,-36.927467,15.741375,-34.743103,-32.800655
-35.706093,2.6748955,-29.19473,-46.693348,29.191916,28.244888,55.661335,-27.351364,52.905346,-23.3465
-15.152753,-13.47525,-34.28973,-14.299299,-1.6156821,31.996162,42.34132,6.457417,7.173969,-66.02556
-20.636513,-71.87991,-15.23691,-36.243027,9.432974,-0.5867353,-1.1138736,-33.38361,24.49369,2.3142185
6.259267,-21.963007,-64.920715,-23.357805,24.048216,-22.658775,-3.335723,-30.517876,-50.618893,54.934227
-46.48796,16.386223,-27.859686,-32.753654,37.005005,35.968,66.71114,0.042618077,38.593002,-58.709095
-23.285892,-18.296564,-17.976398,-12.344,41.59301,32.172836,41.03193,-45.007713,54.418686,-15.379321
-40.382385,-10.867234,-52.647263,-60.49068,-37.03941,34.815845,-7.317147,13.04018,-58.469,21.99283
26.644056,28.875937,11.682086,21.420921,7.521605,12.739614,-21.507046,-26.584057,29.938295,-70.17719
-22.435184,-60.3374,2.606548,-20.009535,43.56645,9.548784,62.23263,-41.348907,72.5843,23.723606
3.9284782,-7.1585712,9.553715,-15.02241,17.784147,-18.652212,36.701866,-57.509903,-41.232906,-19.198294
-8.217893,-48.683556,5.7980766,-25.968256,28.234625,12.860447,54.629646,-34.516182,14.525602,58.32232
-22.661377,-3.5568388,-39.798122,-38.803104,38.10471,27.452705,13.326614,-19.291916,80.45585,1.3237175
-15.308434,-61.426277,-28.982292,10.586807,-31.331987,-58.081467,55.21174,-9.702199,1.0838628,-45.24407
-35.56903,-8.649787,-47.650124,-19.842344,18.933302,36.958416,-12.127412,7.614572,-19.616762,29.237415
-19.172115,-42.05092,-2.5062687,9.681031,-7.1039104,-59.21878,57.44035,-8.092116,-46.031475,-9.023883
-19.656944,-19.095226,-8.909174,-53.119595,-54.368896,17.894997,38.371414,-1.7373711,-55.002087,67.59288
17.391142,27.639147,35.717094,-25.201517,26.206587,-48.42603,-45.142788,32.147343,-38.523094,-79.1603
19.863989,-59.859562,-2.7800589,-10.578098,68.79821,24.866682,16.816889,15.664456,75.752556,34.042366
30.288397,31.41177,32.575687,-26.365559,31.517767,-27.153225,-22.825335,20.905525,-34.750217,-94.361984
-47.9666,-0.24279654,-31.087633,5.285022,2.8413024,74.21414,35.531567,-31.409939,80.79753,-12.218026
-0.10019593,-35.209442,-60.422268,-65.29415,-5.901672,21.827377,32.71273,1.5410968,-57.25622,9.4495325
-19.8098,4.91488,-23.183342,-12.254824,6.4613137,44.651146,51.723225,2.502967,37.254627,-46.906075
-10.790502,-54.63256,-12.476265,-43.92192,41.68706,15.769344,27.282476,-26.590857,69.28839,29.455872
-20.41676,-22.897823,-5.5315223,25.374626,-19.56181,-51.716057,48.94068,-21.39375,-54.353497,-0.6157064
16.325132,-63.08343,5.1173124,-38.023907,10.598589,12.514426,25.703999,-28.427387,84.47909,34.37421
-12.878839,-50.3927,-14.754301,-29.737392,20.68115,-9.524957,40.144558,-25.983246,67.36355,2.2071843
-20.844393,-13.348191,-52.661995,-57.71495,-21.798628,29.509169,7.1997814,-38.55499,-52.5449,47.87618
-39.266064,-10.170642,-22.897684,-27.324846,25.988283,63.231907,27.099333,6.4116783,21.048635,-66.64621
-6.302112,-57.210224,-11.2825365,-32.63145,49.31558,2.3050127,47.180244,-33.032726,81.55388,16.998844
14.128625,11.579242,16.596954,3.3653483,1.4784455,-67.73622,-42.226612,10.521897,-1.5544851,-31.37885
32.3945,-4.6427345,-8.399815,-17.431326,-20.486547,-47.39375,-53.48092,22.915411,-12.499893,-104.78108
-43.919895,2.000409,-28.408773,-46.295097,-6.2702985,68.09992,28.084051,2.0538414,29.130966,-52.680836
36.394245,40.677254,14.789953,-5.494217,43.2913,-46.14004,-38.323822,23.607553,-44.985825,-102.59463
-34.18471,-37.3771,-12.088578,-33.883507,-39.16694,-11.178651,-29.65635,-13.707855,-17.49183,35.96415
-6.23949,12.746528,28.913792,23.973667,-0.33887038,-55.661198,-2.284532,-19.400648,-23.833801,16.503456
-36.956314,-37.913605,24.429968,-8.655256,23.91533,-54.719196,48.553417,-27.853352,-59.04277,-12.017966
-1.2126918,-10.401824,9.89622,-7.3379745,-7.2070117,-15.647075,62.863926,-62.770164,-62.204815,22.991386
-36.27381,-33.81526,6.7393446,7.7048197,41.370583,-55.329475,42.287445,-33.725925,-15.327993,-34.245266
7.082068,-35.212234,-5.8015676,14.380807,-9.791343,-50.922504,-19.349066,8.026458,-13.390864,-55.039436
-28.573456,-75.07396,4.301182,-4.003791,40.63967,-8.140907,54.970318,13.74145,78.966965,5.7042522
-38.098755,-3.8566284,-31.15659,-50.55867,22.59287,35.749798,19.00681,13.439205,55.16941,-39.57042
-47.914406,-72.11749,8.799736,-38.99492,44.650646,6.354945,53.698242,-25.864405,45.48609,14.75543
-33.297005,-1.6523242,-31.821186,-22.597569,22.400837,16.253506,47.481087,-4.557914,64.85537,-36.062965
-61.856422,13.475349,-43.92822,-23.829924,-5.031723,36.161293,34.518494,-15.787462,39.262184,-39.8069
73.71361,13.285644,23.350935,-39.773632,12.168956,-17.43735,-39.05029,-1.7990083,-28.982056,-66.97899
-28.52429,-3.3416162,-41.45522,-33.773018,20.998947,22.661196,13.980056,-19.801958,77.609406,-7.9249845
-13.086909,-81.24114,5.790867,-14.839852,40.768246,-8.120521,47.070038,0.33474687,73.07293,-13.635679
-1.0048293,-69.64362,-36.72795,-18.82631,15.803726,-4.173199,59.51542,-33.541306,64.1919,9.260574
-58.62547,-6.564377,-19.07734,-21.45054,20.658113,26.184835,20.738977,9.705773,32.163345,-45.467987
51.640457,-15.26217,31.938833,-18.039633,35.806995,-7.4074974,-15.083151,17.058933,42.741467,-21.745897
-1.0493162,15.415288,27.798838,13.904198,-0.94637835,-70.89644,-48.75076,19.688522,6.5533304,-16.82028
-14.583109,47.887676,-36.733456,-49.999718,1.9857291,82.70944,38.88582,22.14948,4.4231157,-54.949665
16.070974,-48.224617,-21.45032,-83.41891,-54.59709,-16.703854,7.845949,-15.801802,-11.891858,57.5716
-57.460304,-48.01706,21.824183,-10.248604,-55.999744,2.4333575,84.68267,-62.600826,-41.29449,-13.38934
-51.75569,-66.59249,-23.24025,-9.344669,-1.1560936,-2.48076,26.106556,-31.529713,32.85013,22.933481
-20.549435,17.10395,-45.381283,-17.080542,-7.176709,65.20428,36.963585,-15.848237,36.25582,-43.99943
-30.704401,53.383205,-44.851627,-50.562923,-12.1462965,75.60334,36.096592,16.982315,35.5174,-25.183407
-18.530214,46.732445,-57.59309,-30.843266,-14.307183,53.20155,33.8658,-14.206876,65.99504,-32.543705
24.872635,26.58298,20.116995,6.034698,50.64951,-56.1203,-14.062015,30.238785,-36.641865,-64.28316
-39.91474,34.270073,-30.037336,-41.546753,29.277033,45.282722,51.7471,27.395233,40.635456,-43.310715
-7.7801814,-52.312023,-49.353092,-10.296668,3.0645418,13.158161,29.164108,-16.134401,41.798573,45.67321
-10.82692,-26.763842,17.252644,-11.049294,2.9107518,-43.286434,55.58789,-64.88622,-20.564486,-30.459763
29.338882,38.92593,-2.5754123,-17.42176,-15.575938,-24.572634,-55.621372,-14.235494,-26.340368,-68.72511
-60.439762,25.076035,-25.18306,-37.76493,17.030714,43.078697,39.65777,10.687143,45.71489,-42.442245
-32.698612,-12.010739,-2.7631328,16.970768,17.496836,-66.33337,66.681,-32.410057,-33.701195,-43.088142
-7.655159,-74.7756,0.7456267,-61.011456,12.252261,-12.177947,20.620424,-67.42784,76.053246,24.879486
-5.8655972,3.8760111,4.448271,-11.340011,-18.15745,-57.99471,-31.216427,2.6099284,-4.534239,-110.163994
-1.5933684,-21.01938,8.173758,-43.896904,-6.833789,-31.074047,-2.2619061,1.490598,37.691414,-25.34968
-27.193792,2.0536633,-47.44376,-37.425053,20.321922,8.90252,44.209045,6.356591,62.919975,-49.615597
-51.560898,2.2654445,-36.293457,-17.147228,6.5790095,3.0754092,35.934578,14.147393,78.329414,-52.654533
34.258198,-37.202587,8.404204,-14.81278,40.142982,12.793588,51.94304,-52.98384,74.35216,26.936054
-24.185165,-37.76101,-1.7991154,-18.14138,14.525205,-59.51122,24.445955,-36.101437,-5.0205226,-6.5060134
6.334551,-35.777187,-46.493385,-45.34131,-14.349526,-47.217285,-14.142046,21.365833,-55.13803,41.126793
-22.722979,-70.884636,-5.0195646,-40.825363,8.747875,0.16725647,52.119164,-86.600426,58.231056,17.038658
24.146662,-19.313147,-30.326744,-73.0571,-15.125524,-31.091837,-19.69419,-23.57298,-68.26756,35.06263
5.362877,-45.432766,-29.44153,-50.0054,-22.018074,-36.612972,40.21587,45.41511,-22.243183,45.939217
-18.325872,-93.34803,-4.09387,-25.49107,23.783518,-14.229283,48.31421,-12.194556,27.431166,22.041409
-37.679157,-43.552578,8.869523,7.1728525,26.874344,-50.25487,52.15421,-35.413395,-35.986755,-28.926434
-37.94594,0.92088044,-39.17367,-21.698544,1.2793957,82.69955,33.711613,-15.016906,42.03558,-46.026188
-13.4761715,-12.379758,-34.27901,-85.83238,-16.413937,4.4805107,5.9626684,-3.6071696,-43.99114,12.6029005
27.61587,10.880113,7.785736,-10.673888,-5.171101,-32.568455,-36.14687,21.833586,-39.668556,-39.920715
-0.30043954,19.53012,14.391666,41.09608,-6.4374056,-30.500013,-40.34651,10.161075,-34.625065,-40.331432
-21.147842,-82.234505,23.413404,-12.528232,59.53989,5.196621,51.252174,3.877963,39.225952,0.4642452
50.61916,37.20353,-2.8938994,33.020336,3.6335816,-20.498552,-25.356335,2.116149,-12.597099,-69.0272
-51.19149,-77.13824,-32.447666,-16.182438,9.220073,9.577331,44.32133,-25.52872,43.5404,23.430447
7.7586403,-38.748703,-28.097635,-36.886517,56.182148,20.63088,23.619904,-3.3257475,62.153477,0.009173274
-22.392792,-62.19524,-47.381634,-59.66022,-35.022434,-7.8228498,-37.646053,-21.772427,1.0850337,23.425568
-6.4921155,13.414584,-40.428562,-96.40453,-35.660046,6.1620865,8.21055,-7.760237,-35.443535,15.373272
-48.95249,-41.22899,-54.862713,-36.769356,-3.891142,-13.255126,-21.041933,-13.844446,7.7897563,14.908535
-32.3882,-31.66071,11.385687,-11.417801,19.216846,-56.563946,37.286594,-64.38476,-20.513859,-32.93366
-1.6613669,-4.088084,-46.717094,-23.706255,21.26953,71.18389,30.624502,10.207488,16.17799,-65.95165
0.27055958,9.446168,-5.672199,23.50129,-15.970118,-31.962807,-51.46581,31.57923,-1.5530626,-31.81375
14.605942,-69.42716,-7.5889974,-34.969437,39.92436,2.8337624,39.35801,-17.543362,43.228676,-4.6090817
-56.789875,-68.64519,-4.640401,-48.186768,1.6284987,-50.96103,-34.049156,23.582659,4.145741,26.46775
22.054495,15.320514,46.19304,-11.648833,22.908998,-14.286272,-13.238339,10.62285,-19.974722,-85.08957
-12.948238,-16.068245,-38.53129,-7.9864097,13.464815,42.99333,31.374495,38.295357,-0.29168868,-55.523346
-17.60127,-52.06459,-12.428349,-23.54337,45.682125,2.8832529,66.027306,18.212948,61.65908,32.202103
-39.19029,-61.009907,22.657328,2.1366968,-49.57499,-39.39929,60.384068,-24.779423,-27.349524,-18.884882
45.41978,22.106245,-29.9608,-64.77233,-8.961245,41.64915,66.723785,-33.5452,-79.88068,50.801266
-6.84578,-42.064217,-35.978756,19.103016,-10.877811,-56.799473,55.76334,-5.184912,-22.468605,-27.962688
1.1624844,-7.408807,-13.241533,-1.9497273,2.9417586,-54.183086,19.34975,2.2493873,-52.048016,-10.364075
-2.9760075,-44.34311,-1.721767,-31.666853,42.132656,-0.073321976,59.50742,-34.519043,64.10625,22.871956
-9.149708,-76.20546,22.387566,-71.58982,39.08331,1.9760056,45.20729,-86.39822,50.92032,2.9226832
-27.688005,-0.84969264,-31.63688,6.577567,7.1837635,48.33783,56.962532,-36.68356,20.745598,-48.00043
33.917522,1.3317411,26.24228,-7.0110836,-8.960281,-47.716053,-18.320223,10.351319,20.132153,-55.03814
-16.153723,31.60993,-51.525528,-36.333374,15.608965,26.031157,41.1364,-9.989771,26.48386,-51.47184
28.919308,20.528591,33.149967,27.292496,-11.058547,-3.0889907,-39.733246,-50.270172,-3.9190984,-77.85854
9.426541,63.260426,31.73837,-39.99882,10.776784,-41.40763,-41.223164,0.074322864,0.74971056,-52.90618
29.115385,25.97499,-2.1794806,-1.9264313,10.925657,-26.559032,-47.017933,13.988067,-42.740025,-55.23528
-15.314373,-34.542374,6.155118,-31.87284,35.3662,13.850157,48.906483,-54.3748,33.905064,35.844925
43.16316,13.564881,0.50092936,-2.616082,37.234055,-19.849697,-32.118797,35.877888,-18.395788,-68.34247
33.948296,2.5290883,-2.1060772,-26.596516,-17.462324,-29.630249,-55.573273,27.366346,-18.28198,-41.067146
29.589922,-8.047484,52.54757,-1.7955402,-28.94274,-6.438622,-42.83284,24.212778,-4.733851,-71.22319
-29.975761,-45.47808,-26.158886,-20.742203,3.0348687,-32.542084,-14.136483,-33.60266,-36.548157,0.47538888
-14.090174,-47.519115,-4.3139505,-7.1473427,54.88003,7.338483,13.507256,-17.217457,73.21601,6.619248
-16.732292,31.48445,17.1096,-6.637034,23.205444,-52.59288,-38.321983,2.6435847,-41.05398,-42.575188
-11.719315,-51.917057,-5.0283837,-17.813486,36.054104,-2.5940545,50.876606,-12.482102,71.38399,0.0031584501
-45.934807,-44.154446,4.9107475,-4.385328,14.569847,-10.92521,57.384293,-44.832623,-11.172778,-18.734394
-37.095005,8.73681,-41.898514,-54.50416,-21.150124,60.802494,18.513235,-3.0074632,-32.24837,32.866776
-45.785408,-36.96859,-18.745743,12.6126795,-3.9407518,43.672825,53.67859,1.9425886,16.71844,-24.564539
44.43515,21.432808,50.7315,-31.933783,7.8189654,-1.1183139,-23.363861,18.588419,-19.726423,-80.49728
-6.0878634,-13.783875,10.968961,5.8786397,4.1905227,-67.374725,53.130672,-56.718365,-32.275337,-14.494805
-38.891415,48.486923,-35.761883,-46.988777,3.4801292,43.574375,43.06471,14.610489,44.169334,-35.06819
-23.063847,41.13609,-43.385967,-26.687557,-16.536911,38.370064,52.213825,-15.142825,44.845512,-45.475956
10.245509,16.30392,12.110255,-21.435602,-11.306608,-66.317154,-30.732721,30.060637,4.984125,-91.29977
47.058872,16.021471,-8.416779,17.947678,-10.981068,-30.723103,-38.543262,29.560783,8.662703,-56.680492
-29.04965,-48.26046,-45.88398,-67.793396,-30.369925,-6.867629,-17.857454,-24.09158,-7.841283,26.248161
-4.264012,-75.51348,5.9469776,-27.738665,24.125227,-13.403883,64.78106,-18.854881,68.659706,21.905624
-23.183784,35.364826,15.377566,-48.32734,-10.823897,3.9875453,18.468012,4.3524523,3.2874093,-78.6149
-18.063852,-39.30728,-47.292194,-55.583134,-24.164707,-0.38811648,-10.602997,-4.5228753,-22.37524,-3.312366
18.91954,-71.53441,1.5826991,-45.950012,28.771807,1.5195177,20.78322,-37.76042,53.31952,2.5785775
-39.97508,-19.845125,-28.021107,-37.274956,-16.870535,6.913393,47.965702,-28.694712,0.14140084,-9.60213
17.874552,-28.20789,-23.295477,-69.65946,-11.584569,-27.757586,-21.517834,-6.578457,-92.756035,29.700937
9.225989,-57.721603,9.128622,-25.451233,51.635586,5.4308863,46.477608,-52.72185,43.18566,10.517977
-14.310828,-47.683342,-7.9324083,-13.044478,5.943969,40.049835,50.485146,-44.449802,57.590805,-23.176468
-28.401693,-12.255913,22.64115,28.55611,10.012817,-48.779224,61.01964,-42.47356,-31.381922,-14.002535
-45.001965,35.99752,-34.855156,-34.631294,-35.57861,59.89038,31.499044,26.448656,55.171265,-23.817476
-38.643887,30.372255,-38.140724,-42.156532,6.204494,75.598755,37.09233,-5.2869267,32.338737,-43.787117
-15.470054,-7.0983844,-4.3575406,-35.768246,-18.609364,3.8544662,37.69514,3.2977023,-37.478386,-35.37861
-3.5048852,-69.31494,10.707683,-18.15236,57.833107,5.661072,51.095215,-13.332436,53.26891,12.641876
19.312235,26.098833,23.930828,-0.431619,-4.0266595,-36.00254,-47.206654,9.623845,5.171316,-36.133
50.32521,17.228878,-11.369113,-31.95201,21.711935,-36.80603,-44.386887,27.101002,-25.784462,-66.115425
-20.592344,4.9547296,-23.07809,-16.658806,10.679958,50.637596,47.85575,-5.295922,39.283497,-31.149496
-38.02125,34.34905,-39.376003,-43.87077,-18.817669,48.915413,28.415573,9.207946,46.373817,-49.651424
-40.37284,11.532364,-43.108032,-21.806442,-10.709546,27.220896,58.195534,13.140548,60.219063,-15.771719
-16.651928,14.635573,-48.475533,-33.64142,-51.6713,-34.554676,14.288947,11.204262,-0.89159113,28.55183
-19.37611,-31.45113,-47.393097,-42.970722,-43.328175,-48.902004,-5.4640837,25.134604,5.812691,23.455078
-16.17982,-41.139965,-2.954929,-14.875342,2.9223056,-49.69738,60.155148,-19.608112,-39.56851,-36.198303
1.5799894,-1.4218372,15.402799,8.045081,28.399643,-52.903423,-32.351208,-29.21246,-19.424326,-56.992344
-1.5790756,-20.644066,-23.725037,0.15281725,4.6382732,-23.484509,68.8927,-61.98268,-38.57012,-57.367985
-0.6620332,-56.851696,-8.1642885,-53.71866,37.464104,-19.308634,9.354398,-28.618357,72.3084,6.647096
18.920639,-5.695768,30.218168,10.18425,-9.011111,-23.861034,-43.94428,2.4246366,-11.867683,-76.464264
2.8279858,-29.800419,4.885414,-11.264308,-6.0963454,-77.558495,44.048687,-57.643536,-38.952297,-16.468584
6.2904997,2.8098648,30.372162,5.8110595,-15.534063,-67.37303,-15.790391,43.937393,-12.699859,-73.97035
-28.145033,-39.90366,-7.4333696,-45.19737,17.20462,-54.928738,63.327576,-9.240869,18.756666,26.064228
8.71603,15.6529455,3.8439138,-8.605142,12.2920475,-72.21003,-18.55883,50.077427,-16.69467,-69.41532
-41.006554,-6.359085,-25.406393,-50.922802,17.84064,37.554836,36.30225,-23.506975,34.967323,-19.63894
-44.01646,-0.76142764,33.23122,3.0337033,9.2524605,-46.11659,65.16925,-30.256697,-23.683216,-17.652617
-51.849426,-29.937595,-32.046936,-5.781608,0.6781225,57.021286,31.272623,-17.856905,59.499382,-47.684357
-78.13556,-76.00349,-33.080235,-14.478424,35.067913,-25.037783,17.161129,-17.849846,25.155756,-17.729736
-46.4029,-51.62743,-36.325737,-12.216808,-21.871733,-12.272306,7.121894,-28.902105,-20.555573,6.217459
-19.406118,8.5393305,-34.214058,-31.541853,7.4273515,67.27066,42.133335,-13.174988,14.499072,-57.689148
-14.648167,-74.32484,8.545383,-12.841057,34.028667,5.5501556,26.886614,-51.836147,69.63518,6.6423793
29.264473,28.98685,-3.1623979,-15.719287,29.346027,-34.30753,-39.479023,20.717848,-34.23879,-80.95124
7.5643625,1.9367689,55.757584,-1.3043168,-9.436425,-59.752598,-2.36604,22.2843,-5.812248,-78.06149
-0.30796814,-19.682365,-19.247007,-60.832565,-23.79158,21.015652,9.505126,13.351016,51.147373,-52.504787
-28.197515,-66.270195,-16.50146,-23.607944,16.076761,-15.941752,49.974842,-8.413225,85.55263,23.062473
-75.152,-27.622438,53.757164,-0.17033716,49.757942,-47.55956,58.29186,-38.079876,-30.635872,-3.4591455
-26.772947,28.382473,-39.127163,-22.051872,13.312252,56.706974,55.19201,-6.89408,18.083517,-59.15973
-25.277168,36.22572,-45.393623,-70.76335,-44.14224,27.858908,10.022246,-0.5886557,-24.994987,38.815716
-39.26061,5.2418427,-35.17757,-37.77782,32.491768,37.264324,31.76517,12.741721,29.143028,-52.322803
-17.530188,-43.57564,-21.015327,-1.4981331,-16.985373,-75.838806,1.7759894,24.278599,-38.755325,34.387924
-56.0867,8.166451,-29.934183,-8.406419,5.0077305,60.160606,33.351185,-11.649903,70.23496,-22.563965
9.574033,4.4502683,-72.67681,-25.495296,20.07105,-41.003986,8.297318,2.229305,-36.70872,58.08622
16.998646,-4.943865,-42.17161,11.139539,12.442007,-49.621063,89.68217,-80.74016,-44.834854,-54.59532
-14.926248,-46.25541,-54.351276,-68.02399,5.0360036,3.122164,-0.33220348,5.6894183,-30.891005,-9.468812
12.527177,-49.82512,20.272943,-38.694134,58.118565,2.9634826,29.913588,-46.220753,59.090546,-2.832534
-15.048088,-34.797676,15.998561,10.243781,-13.927809,-45.303654,59.126114,-29.993065,-17.397146,-26.18599
7.3773785,-11.245825,-11.934166,19.398914,-17.867231,-46.188087,-39.722206,14.69681,-3.0964034,-54.168102
-16.46534,-41.621643,-46.83481,-75.02623,-1.6369674,-0.58185494,8.814976,-2.7849655,-25.539885,4.3697534
11.045763,32.1682,16.9628,2.183069,-19.037935,-32.311886,-23.828197,11.733497,-2.4874659,-6.6853614
-21.101053,24.822138,-69.05469,-36.25775,-13.2757225,54.52613,15.792919,23.324274,-59.2838,62.956184
5.70647,15.449149,5.9504004,12.881822,16.050276,2.657716,1.9470108,2.9415631,33.413998,-73.56377
-55.121696,-37.23777,1.9462581,8.002006,-23.451153,-34.67528,56.676517,-44.30587,-14.284887,-38.339287
-10.518383,4.626602,-42.82571,-25.390703,25.29483,29.315485,-1.0589623,-6.793231,63.66909,-39.36799
-20.48943,-74.38801,16.352985,-21.693136,-18.223972,-68.46396,71.47835,-17.612906,-44.365963,-26.50068
1.3876424,-65.47224,-18.602201,-35.09671,19.628176,15.679838,76.63171,-45.74817,59.602127,28.964142
-26.624186,-58.7288,-6.405786,-26.271738,-3.9776783,15.574732,44.245647,-75.727745,33.16181,37.861
-13.234508,56.393112,-39.50916,-57.511658,3.8001485,58.85772,18.196749,5.76426,38.877125,-46.646767
-20.277779,-59.65579,-15.6113615,-41.035072,13.559381,-35.286327,64.37691,10.59748,21.61912,33.287895
-46.66304,3.0702875,13.84077,40.389927,41.894924,-23.751663,61.45933,-20.924524,-54.447517,-19.771334
-30.534767,-32.286625,-16.812122,-0.8221196,5.1149144,-63.342064,60.95703,-22.59521,-34.049927,-27.723148
-53.831295,-7.8934226,-31.366222,-19.810787,9.4545355,51.47533,29.094395,-27.668722,34.891487,-47.246315
-33.614,30.582579,-50.543552,-40.060036,8.488643,38.415108,48.70347,-5.9068594,77.133415,-32.288483
-9.027072,-57.322838,-42.08241,-15.049997,38.74439,11.488369,44.200424,-36.88362,55.065647,15.172062
-16.357214,7.598748,2.4605649,4.882208,4.4573336,-28.650373,24.4265,-77.6484,-62.99625,-3.9844985
-32.584957,52.3211,-48.596035,-23.236364,-23.006605,41.394886,28.44556,-1.2661276,54.05704,-21.112331
36.975815,31.105907,5.2632093,-7.023115,39.521435,-33.615185,-38.647114,29.229666,-45.758053,-75.10397
-31.30578,-10.535634,5.492378,25.432594,37.464615,-47.310093,60.54485,-55.16108,-46.946163,-51.189014
-17.010847,-4.783148,-70.35655,-18.456324,19.533844,-26.62811,14.130967,-17.549896,6.6211925,34.536728
14.8593,46.4366,23.967228,3.2115936,11.915206,-33.549473,-27.73788,-0.8723608,0.42933705,-27.934328
10.966655,-36.401333,-18.200665,22.611698,29.55082,-51.20567,41.411892,-51.412373,-11.672252,-111.98123
0.4631747,-33.45185,-30.637709,2.5548053,33.876373,-7.091505,61.86783,0.88103825,85.95865,26.32815
16.750507,10.420892,-2.6574175,9.911722,3.3879495,-41.72257,-28.316998,2.2446294,-29.356377,-55.55938
-13.284049,-14.103641,-52.02882,-43.848194,10.451452,1.1746373,-4.799599,-37.175476,-74.83867,35.280655
-17.223331,-58.42695,-25.652403,-3.6819692,46.04085,17.636707,55.69986,-48.15675,74.00015,27.40899
-45.207638,-69.12984,-30.787405,-34.564938,32.808758,-23.006668,40.39941,-19.735018,50.528954,2.2069159
-22.021807,-55.944702,-30.279041,-29.32985,29.76828,5.4397726,41.49732,-41.466267,30.791618,33.259552
-25.751066,-57.872463,-22.99274,-20.909084,39.589214,1.7951269,58.12287,-32.34513,51.95246,15.946323
46.013287,43.0105,-6.6595345,-15.027365,-2.5083451,-38.876484,-65.066635,-21.73793,-18.18988,-42.238293
17.427742,25.452219,18.31264,24.697277,19.924475,-33.895947,-35.866055,23.596567,-18.752792,-61.72296
-25.640251,-30.761936,-8.001452,-16.574787,31.885206,20.044939,61.01155,-39.480724,33.8131,-0.68915683
-35.264526,22.392328,-41.043465,-37.86067,18.39529,31.659443,19.429718,-19.483633,33.45546,-50.97579
-1.4579061,19.00725,22.872423,-3.9544497,-7.644065,-7.9196362,4.4732823,6.9790635,21.330591,-70.93458
-43.966103,-12.462767,-45.255436,-29.531116,4.598679,-31.529654,-44.84111,-5.5628376,-21.528803,30.97287
-18.490904,-72.46048,16.796661,-31.227121,37.35352,-17.334288,51.814793,-17.137197,40.43593,3.2693253
38.114574,18.015135,61.08634,-51.073452,4.193852,3.9343755,-8.347325,27.866201,-24.059011,-74.459915
0.14404681,-53.96448,-41.98542,-36.289303,3.5332031,-5.455158,-8.14622,-37.23363,-23.86364,36.945465
20.469784,3.796487,9.690857,7.1796923,-21.768856,-21.901377,-52.81737,31.812428,-4.7633705,-25.712048
4.832293,54.956142,34.277996,4.5615087,34.903996,-34.325638,-20.346188,-18.128206,5.830149,-36.429554
-48.62373,-0.5361599,-28.139845,-30.083801,-2.6395133,33.187496,63.701275,14.296751,65.93889,-45.768112
2.9655786,41.295124,4.6578903,14.5803995,9.347126,16.645433,4.1584706,11.867223,11.614187,-65.098045
1.3829457,-10.699625,24.399162,10.618549,11.380955,-37.206654,-62.305103,-1.764544,-8.602015,-64.22223
-40.46314,12.714496,-36.150578,-30.859848,31.394602,34.580757,47.65637,17.642353,59.89119,-60.255127
-63.163994,37.03929,-31.033924,-28.976772,0.690799,70.80401,31.859667,-21.24341,53.052597,-24.403944
-0.46043223,-56.757446,1.5522652,-38.403828,28.865953,3.1099641,65.301,-28.51514,69.224815,31.640076
-44.830563,-50.364548,13.591199,-5.829003,15.267946,-70.65044,36.077435,1.9191587,-38.57977,0.3597983
-17.334463,-54.683193,0.26029062,-24.777117,53.91381,-1.9304798,28.423565,-70.07725,67.50315,2.4421744
-21.859192,-14.006339,-21.389074,4.27796,11.962372,-45.414326,60.59307,-65.75622,-48.008804,-60.36184
-20.663528,-31.419498,5.38315,14.480891,15.440786,20.186745,35.484177,-33.40809,-2.3243363,-43.391243
5.257619,-24.7706,44.676605,6.1280794,-12.073839,-12.667381,-50.5835,5.607005,-36.477222,-62.58936
-16.611776,-56.30649,8.459322,-17.862343,31.230314,-4.0459824,36.655453,-39.92141,63.340195,4.3256936
8.406784,24.970057,29.84826,-1.6634377,-0.0517736,-71.84114,-27.572947,30.87723,-44.091766,-68.05247
30.145403,52.818832,7.2062836,17.729454,-16.995623,-22.084059,-20.084457,-7.7439365,1.9691033,-49.48933
-11.525799,-5.7651024,38.22153,-18.95985,2.955511,-33.116913,-21.680965,-32.63362,-38.031384,-43.65795
-13.476832,-2.0698535,30.393158,-7.4487934,4.790933,-64.981995,-46.038208,-9.083354,8.937676,-60.47637
14.71276,-1.54917,-38.146965,-81.325645,-26.391956,8.748996,59.64115,-14.49846,-55.257763,27.733395
-45.38348,-0.014058136,12.055195,31.182858,37.564754,-16.152292,46.317062,-29.242828,-58.614697,-0.012552285
26.865091,50.406757,36.362816,-6.505365,1.1710415,-66.089836,-41.952564,-42.80861,2.0501142,-71.88607
-7.7545347,-7.967552,-15.798271,24.21468,9.806242,7.453233,55.610554,-57.549297,-14.792018,-45.073128
-47.510704,30.664938,-52.435658,-39.074203,-29.896732,44.906116,38.37769,8.195566,56.850266,-43.187263
-41.0103,-8.486169,-57.37732,-48.645428,4.2183876,5.0130854,6.940699,3.1057873,-36.754967,-6.042557
33.771687,22.021086,49.293877,-36.94387,-8.420631,3.1568668,-40.043262,13.010806,-11.995785,-60.204315
9.388133,-51.807594,2.5414662,-41.495308,21.515081,4.4268723,31.476793,-33.202137,78.56071,26.636703
-37.411682,-33.973995,-25.108822,-30.644396,13.667677,-0.2146179,34.853558,-2.7489824,19.090042,-8.470742
6.968578,-25.77094,-50.432663,-38.980686,-13.945829,18.723202,20.130423,19.111822,-13.258149,28.96777
26.063503,-44.730545,-49.24674,-43.75947,8.876685,50.676567,14.046257,-26.186712,-29.457819,30.76244
-20.127996,31.061104,6.7523203,-16.574242,-7.9149117,-15.364784,-32.665985,-3.9615405,-49.419086,-33.036575
2.7449121,-28.356295,-51.53173,-41.62763,26.174072,-2.9484408,25.657616,-35.36767,-7.893497,48.798557
-29.136732,-71.10347,-6.2035613,-21.951706,24.034754,7.8731613,63.820614,1.6625357,84.12739,37.08215
4.33429,-17.535593,-50.95985,-75.50109,7.429454,-31.595394,9.235845,-27.868752,-33.182877,16.888319
59.115246,6.1076784,33.131844,-47.73843,-2.8312647,-6.818566,-19.967373,23.423775,-12.215534,-87.31229
16.883814,-37.11433,-13.614424,-13.870833,17.959232,7.7848415,68.943245,-38.18716,91.97113,48.088905
12.7431,-63.64074,-62.977917,-44.512848,-27.751858,-30.513845,-28.467531,18.391342,3.4458718,39.411884
15.516698,14.81155,-3.5909922,-24.122255,-76.14548,-36.628887,-19.800947,4.1956716,-28.126572,-87.239494
-29.645493,-38.236515,-50.44054,-62.872803,-38.492855,5.0099144,16.710646,-35.39347,1.8624063,33.79095
17.305801,14.375308,16.841898,-0.73122895,12.896092,-36.73602,-47.18212,7.812225,-15.000513,-82.63605
-47.700115,24.237597,-44.92631,-27.31828,2.7155514,46.49295,53.43125,12.160933,25.37899,-2.273741
-36.129166,-22.127405,12.51746,26.45438,-5.3922048,-18.444439,27.373446,-8.356393,-57.73032,-11.274518
27.367775,-56.835938,-5.962426,-38.7356,48.81879,19.096426,28.155773,-17.747429,67.58829,25.595966
-34.772972,5.0436163,-5.1401043,-24.049109,-5.2966585,-48.06939,2.503598,34.69987,-9.895719,-99.27258
-8.40467,-14.751145,32.91337,5.5352283,4.7525635,-40.489662,21.42404,-47.214615,-23.045794,-4.612599
-0.13769339,-25.688568,17.831041,17.53535,-29.975698,-49.850372,15.819352,-45.477276,-17.322847,2.8108397
-59.80242,-50.720955,-26.04887,-10.394447,-21.482546,-20.827076,-62.271397,17.550219,-28.28037,6.6029353
21.206469,43.146473,10.83627,-20.02883,0.71749544,-17.749651,-36.95457,17.776413,3.7137241,-37.647316
-23.56315,-40.424908,-27.20342,13.257955,-30.038252,-48.671307,58.656124,-16.627954,-6.850875,-35.30142
14.868617,-17.403402,49.923214,14.627727,-2.0613987,-43.019695,-17.021175,27.585772,11.672956,-69.950264
-46.399124,-13.256891,46.3632,23.61443,31.340925,-50.07529,50.62369,-43.55857,-2.9456415,-6.5579243
-4.313715,14.934211,-37.206833,-36.446896,7.2265153,58.929565,34.076145,22.046772,9.774724,-68.517494
-23.194324,9.12897,-50.415287,-59.722862,-10.890736,20.328112,11.979624,-28.012457,-52.03714,29.051237
-26.3775,-1.2199261,-41.657986,-60.679214,-45.60749,43.73786,0.48708934,-3.7871428,-42.972866,43.151146
13.5360985,-18.872984,50.878494,13.174691,24.26,-30.133535,-2.394296,19.301285,4.6981688,-79.9105
-4.4467206,-11.736987,-24.74332,-29.573395,-45.09306,-20.868713,30.464386,-1.4465036,-37.13525,35.09085
-38.574768,17.652517,-27.310188,11.582393,1.3508257,23.736553,45.918484,-49.4624,20.624191,-41.522625
-12.288071,43.844128,-41.118526,-37.458946,1.7450849,21.863522,51.55423,-3.2089458,61.81881,-64.29307
15.057668,-23.48524,-26.577013,-20.902096,-7.648422,5.190584,11.309645,-47.551937,-73.38428,68.227646
-34.485626,-60.150864,-10.7794485,-24.54248,14.665315,-15.684939,42.738674,2.5545573,26.140083,30.727543
-43.05675,-38.18079,-64.47284,-12.810159,31.128935,-4.2986817,0.5802807,11.355943,43.370594,-44.4729
-27.559841,-53.04859,-12.123907,-7.2432346,31.734385,-4.3874826,23.515291,-26.651949,87.922646,3.9711423
-19.751028,-19.896095,-12.69483,5.062729,8.080595,-47.507744,44.138805,-12.296964,-35.39095,1.7400824
12.419249,1.2575104,36.70265,-10.349492,18.8433,-42.581635,-29.811745,41.274837,15.495826,-51.405777
-41.62494,-35.567905,-6.200613,20.472427,1.4436339,-25.247328,53.623978,-33.530296,-8.853947,-38.340202
-20.902227,44.732662,3.0312653,-19.81839,8.599747,2.9944952,17.196568,10.80374,28.098396,-61.941685
-38.32644,-47.00209,18.173273,-1.6017448,29.684988,-80.993416,26.469238,-27.17979,-3.1998422,-17.869478
-33.05188,-42.939663,-48.73712,-60.522167,-20.051384,5.424341,31.632812,7.551857,-34.87969,14.71659
32.2821,11.719785,-47.256905,-87.808815,-15.695408,7.5766525,61.885746,-6.1675515,-50.819275,41.72457
11.394778,21.897528,9.61148,-19.43886,-11.852934,-47.460327,-40.470398,-0.31679702,-14.801492,-66.70213
-32.99182,54.50806,-51.45634,-49.974564,-11.270215,49.132137,34.45024,7.69232,64.06613,-22.075752
24.5496,-1.2990056,40.544643,17.226536,22.068329,2.1328385,-36.84211,-11.723196,-2.3912814,-87.703384
-22.187336,-30.34011,12.8008375,-55.699276,3.7494545,-8.354215,23.710949,-22.020153,20.909304,-13.537107
3.0913634,12.004214,-37.317,-33.160557,-20.394894,-69.30536,40.20159,24.406857,-44.60187,42.811337
-14.653423,-4.0137353,-6.1100297,30.629833,2.8494592,-55.399895,49.85825,-25.928522,-43.602543,0.05034697
-29.106878,-52.693275,-30.083532,16.490345,-20.112919,-33.815605,52.764034,-20.687853,-12.740352,-62.17783
-40.846653,34.05641,-56.446793,-47.584,19.648108,47.906937,17.09071,18.962875,60.76602,-26.397459
-15.598958,-84.58063,24.834244,-37.771564,51.281544,8.110298,38.238102,-61.601383,73.9936,-12.25832
-32.65807,46.914997,-49.829514,-46.222626,-1.5367037,81.5449,36.531784,23.739525,25.908663,-32.198822
25.71514,12.738543,38.605537,2.771862,-5.1321096,-45.929123,-1.1765181,44.515846,-22.869299,-66.402626
-6.322949,-89.126564,31.137814,-39.700386,42.364452,-5.5378537,56.36824,-32.90433,60.508366,23.05733
-23.514746,-43.0276,-11.818609,-3.391654,-28.10578,-65.851234,68.881226,7.5986514,-51.22889,-22.61039
39.958115,0.61021996,6.9056396,2.5391078,-23.085785,-44.63352,-14.714694,0.03004114,-17.107088,-28.295006
-46.152275,-30.850773,5.455163,20.76978,44.43807,-75.88778,14.215126,-19.496746,-40.41054,-15.2123165
-18.549835,-24.521376,43.967422,9.550305,32.442085,-44.466755,-3.504531,-29.292044,-16.281301,-45.24789
-34.75315,-67.242165,-19.52378,-10.163822,54.109924,2.4986913,54.34861,-44.04685,55.15145,10.163694
-55.427513,-29.49929,-17.111282,-28.988153,5.3209558,53.79817,35.74061,15.077088,-4.6890383,3.8321729
46.27497,4.5800076,9.608417,-11.703924,28.390766,-50.63908,-22.0798,2.7863402,-20.628792,-86.25063
-2.4130666,2.7109077,-65.96758,-37.848537,16.592377,-31.623932,6.951303,-2.998905,-44.084007,49.22352
22.40351,-52.617928,-25.363312,-14.532591,3.8663068,12.7670965,1.0707262,-46.640476,-44.887302,51.61048
12.793684,50.13618,1.6399243,-24.813726,-35.153812,-12.356395,6.253633,4.098926,10.475381,-78.32264
-24.088694,-18.997656,-54.07989,-19.66845,19.749228,-14.261681,14.780481,-20.271704,-15.491384,24.683098
-26.980097,14.124745,-47.52191,-62.20236,3.4813895,55.96009,42.252216,-12.203993,10.837138,3.5721312
-13.917745,-21.785583,-9.606524,3.9957066,0.37919557,-74.55675,60.863907,-21.781147,-25.016928,-14.321475
35.820435,-55.764957,14.708482,-50.334877,42.874416,15.229103,19.518663,-64.60135,44.53354,2.627893
-41.61233,22.202002,-39.557644,-14.262937,-36.560852,38.450016,28.10322,13.567984,32.034763,-35.011765
-8.5623865,4.2108746,-37.62887,-80.796646,-26.544939,18.796057,6.3084254,2.7357836,-37.23261,21.44838
12.624274,11.23583,-6.7510448,3.0829468,-20.69497,-34.17702,-35.938076,25.845457,-29.854889,-38.09371
21.231697,41.201252,29.916855,-2.272027,18.106047,-16.476742,-20.663275,-10.366206,-14.136076,-97.54912
-11.397505,22.109442,3.4997675,22.745918,14.781839,-52.344303,23.915016,-40.70124,-26.232315,-20.059166
3.1147642,-54.032303,-28.588028,-1.740533,48.719757,7.586076,50.854267,-48.30037,65.823494,20.010582
-50.967915,-33.24363,-2.8424513,-38.472996,-4.7106185,9.156403,25.306028,-16.17688,-64.06974,30.203068
40.85039,-12.192933,25.213305,-10.632551,19.91872,1.1384575,-42.78911,32.83687,-9.054172,-41.834606
-35.251305,-12.464005,-44.10311,-63.124554,-24.98772,36.84313,21.382343,-24.35798,-50.296093,47.777176
13.925702,5.5884757,10.400752,-31.62013,23.132353,-53.002605,-31.52643,57.845825,2.2988477,-72.202194
0.3978145,-11.759711,18.979576,3.731347,3.3870535,-63.826,50.855145,-56.68424,-59.088768,2.778627
-8.725213,-6.1933746,19.139002,15.202329,-19.195406,-81.29188,-40.93935,43.23703,-12.088424,-72.63548
-14.190954,-1.9970217,-49.945286,-14.860503,-0.53828704,30.863499,54.422607,2.0289104,48.798866,-8.579759
41.863205,34.16777,-6.0727563,-9.1339,-14.953203,-29.710876,-50.927544,11.178051,1.458986,-29.685898
5.185903,-70.40808,-17.466734,-29.535648,21.347418,-1.122049,49.80209,-69.35308,83.1788,2.2468257
3.5405307,-58.90961,-7.7779913,-33.186382,40.27572,-11.262932,42.432716,-17.080578,52.39322,14.69936
-28.937191,-20.39662,20.318563,-7.2667556,26.199034,-59.291653,60.58859,-24.60725,-59.064686,0.4800352
-39.179737,-25.992464,-20.699915,-57.345177,-20.956337,20.831797,33.036167,2.797173,-58.919083,46.437866
-26.820606,-36.063072,-51.499203,-32.295628,5.6942973,14.8815365,14.210329,17.176283,26.440384,-7.998894
-10.556793,-29.395557,-12.747076,11.999798,0.26412666,-50.158924,22.869886,-8.63403,-20.61113,-44.183357
-26.462978,40.559837,-57.77983,-5.7759285,-10.494992,59.68198,35.452866,-13.322644,63.3608,-7.0687957
-29.468275,-25.24679,0.88025856,-10.9559145,4.0806403,-91.7531,53.31336,-5.4974294,-45.7571,24.295698
32.57571,10.971767,-46.066013,-86.520134,-34.3506,0.32029724,-16.823845,-19.72775,-45.66138,11.603675
-30.38755,-37.154987,5.9545326,-11.752718,21.993454,-39.942554,51.913467,-45.12179,-5.558695,-15.968448
8.837707,49.8561,24.293642,-7.576801,45.92415,-49.054543,-28.532064,40.9088,-53.283424,-81.09274
-38.892506,-41.13035,15.208936,1.5850472,22.278652,-44.617214,62.61854,-30.349072,-32.943428,-33.94187
49.55217,24.242712,-0.4997737,-17.36197,10.902065,-33.881207,-43.175644,-17.264803,-18.694654,-66.74298
-7.979689,-42.837654,-8.031714,-49.925785,-10.06279,3.8341973,-6.1692305,-7.6672735,-66.61064,24.660187
-24.449072,-29.185656,9.78401,13.051913,55.71259,-63.67274,30.641512,-36.203724,-27.985064,-20.894428
23.597795,27.43077,22.326605,31.890327,-19.485353,-28.628304,-2.0798376,6.754308,-1.1238271,-51.3246
-29.204786,-4.101481,-37.461502,-40.60632,20.107183,23.029753,40.91417,10.172065,66.86495,-39.027367
-7.049806,23.2311,-14.952254,-4.097609,-16.958246,-69.69281,4.1548557,-12.28963,-24.27357,-60.75597
31.228056,16.759306,0.027782083,12.182191,35.44439,-23.857527,-47.80543,47.038643,-25.043812,-48.103043
51.342102,15.361259,36.850105,-41.62169,1.4030517,-8.5461445,-31.128033,12.049948,-15.82335,-61.299763
37.950237,-14.184158,21.609035,12.548488,17.515003,-16.469526,-45.07573,25.235392,0.5809047,-81.506645
-23.537594,40.735153,-45.893887,-54.76878,10.930417,71.54216,38.536106,8.59709,11.312603,-70.02562
-19.66179,-53.932457,-56.47605,-13.4374485,-23.040512,-1.6129767,-8.812341,7.3430533,-55.65736,37.719467
-29.174786,-8.082989,11.1826935,27.889137,4.589953,-39.782085,65.5928,-36.36874,-30.690329,-8.562532
-16.173872,1.0694346,-4.0187883,-36.919525,-26.397034,-58.78083,-6.3554134,40.579525,-10.593459,38.932728
38.288536,5.7707376,16.678186,-1.4475046,-16.816187,-46.740173,-16.248127,19.20986,1.8427281,-87.69753
-34.65886,-8.936262,-50.58461,-22.34674,29.643,42.6051,36.20063,-46.72696,44.638935,-22.718582
-24.231953,-25.445759,-1.3715265,-15.677505,-25.220171,-78.449455,54.09059,-6.761738,-57.681374,15.812754
-35.909237,-1.2978756,-86.36424,-30.857687,5.9480777,-39.698757,-26.060034,-0.39245844,-26.962831,36.97889
-70.28323,28.580637,-62.403526,-32.90046,6.020393,65.35421,15.187436,27.617819,35.104656,-50.575233
-24.670347,-52.15428,-49.18798,-74.39497,-22.670185,1.0790625,-34.99031,-21.331987,14.711408,34.062183
5.995115,12.119518,-37.922523,-60.836166,-22.57344,17.260853,41.066948,0.79519886,-64.83895,62.34779
39.83264,40.31289,8.972124,16.783997,8.688944,-16.302105,-34.8043,-4.799788,-17.292067,-90.06142
3.9462538,-30.551474,-28.930782,-48.36732,16.927969,8.068858,25.678053,-56.929607,-38.768345,53.477768
4.1407,0.38544717,-39.415173,-62.517715,13.42955,12.298196,16.875,19.63547,-70.74059,26.513903
-11.038954,-46.447655,-51.412422,-67.023254,-37.186462,19.880133,21.206284,29.347424,-44.123287,25.412891
-3.9085193,-19.489555,-33.844788,-30.41098,22.867397,-11.5603075,28.242992,-46.97536,43.293545,9.734813
-33.383987,-42.253357,32.894928,-3.0664206,0.30163538,-32.161133,40.551693,-55.876774,-59.634003,-41.229717
28.496788,-20.93957,-0.14407766,-18.117975,12.86782,-15.753205,0.33891177,8.924844,42.63266,-33.057446
-43.59485,13.593705,34.39705,24.651707,39.878902,-32.535915,64.94284,-39.933693,-18.372643,-0.5064814
-51.84825,-21.19596,58.302696,26.256794,38.95646,-41.14401,55.158436,-52.832935,-5.212783,-12.114064
56.22373,8.2438755,9.3281145,-27.2085,9.3357525,-1.7764696,-52.059547,20.91495,-37.610283,-45.743942
-27.851362,17.254822,-54.27333,-52.76521,5.069012,-0.008409592,17.811174,4.510309,20.92924,-45.856358
10.822981,12.5121565,0.82583106,-20.194546,20.292347,-39.078217,-48.873184,5.0015407,-13.988498,-36.828808
21.062592,23.156767,11.533888,17.314629,-4.498784,-47.640556,-43.118584,45.93893,-27.052526,-33.80717
-5.6969457,-42.321815,-24.636633,-31.541874,33.273144,-12.73219,18.476225,-24.012602,93.67674,5.467729
-58.18431,17.4452,-40.554325,-44.411236,-10.232375,39.65944,43.829052,21.555613,41.86094,-53.88272
-7.174082,45.05558,9.627057,-35.612904,-11.225628,37.918095,10.010194,-32.73609,34.60617,-36.53867
-17.93979,-84.79974,-13.869668,-13.881763,20.737383,-11.6810465,71.040825,-3.9016454,35.9234,31.70021
-30.106052,-38.904778,14.395552,-2.833019,-14.0911665,-52.640427,45.148098,-40.37758,-33.767815,-12.84056
-10.759475,7.178327,-49.44808,-76.81686,-5.879366,27.932568,16.126886,-26.415228,-65.5174,39.47025
23.379671,-45.924625,0.09967995,-28.913282,42.414043,17.68541,27.612139,-21.99123,70.16096,29.596275
-23.877522,-14.749318,-38.970432,-23.956339,29.486504,22.48502,22.025866,-28.602066,58.588097,-14.910785
-53.76032,-9.697135,-32.09766,-8.1075945,-9.9428005,63.51212,20.528969,-27.787664,60.935555,-32.558773
5.6365533,-28.634974,-40.04201,-11.083026,-7.4984627,-6.4368186,7.986952,-24.32048,-19.473902,57.490433
7.5291247,25.06188,1.6334267,-15.233477,16.78241,-55.08374,-1.542356,43.981365,-10.43134,-34.59961
-7.567719,-7.8026733,-68.62802,-41.96988,19.139957,-29.8145,-0.6882685,-15.082374,-51.177498,59.290977
-6.1221533,-38.260143,-28.990019,-28.313957,29.977137,14.373382,36.52156,-37.674732,11.472915,61.432957
-13.520412,-57.449978,24.747143,-2.5936453,38.01174,10.052669,36.73538,8.661273,69.925514,-28.015932
-36.54661,-44.454582,-6.583738,2.0329466,28.65632,-40.877552,15.231491,-37.746613,-25.634592,-14.6398535
-26.750662,-1.0447481,-57.432922,-43.41141,14.137952,-23.3636,20.166187,-14.353842,-10.539511,2.8463326
-40.19166,25.24065,-12.363918,-36.277874,1.1637529,52.771343,33.492607,24.041777,59.34645,-56.678352
-22.595867,-24.569393,-31.16162,-77.68713,2.9530954,22.804058,13.588866,-9.9954195,-35.72825,26.43136
-38.429737,17.868034,-54.95735,-32.90991,14.6784935,30.207664,20.286943,23.546835,39.616478,-42.870277
-28.433102,-33.08429,-75.287125,-8.07479,-11.911617,4.6954126,-19.843071,0.7853138,-68.81775,29.69069
-32.602486,8.614625,-46.30423,-26.96497,21.838089,23.642267,47.787323,14.467874,35.64937,-40.50585
-53.300335,21.222239,-48.716316,-10.562157,-19.309046,39.218346,14.320846,6.626981,-56.5485,47.758278
4.8295527,-55.62693,-29.597841,-12.845926,30.344345,24.798529,51.39562,-22.128986,53.160908,42.530106
-54.16753,34.305202,-33.412617,-47.063232,11.044973,73.91587,27.30827,28.938015,35.502922,-57.875397
33.05052,13.817733,-3.247767,-13.905947,-22.847528,-39.753983,-52.19784,34.433304,-11.104919,-28.412403
-28.296839,-55.1795,13.277825,-15.192239,38.277397,7.086996,82.83668,-36.446884,55.787727,11.765392
-30.701172,-17.67455,-40.816803,-9.972758,-15.575215,22.112173,53.717716,-9.524697,64.69317,0.2453655
-47.475414,4.35343,4.4578075,-1.1266497,43.484196,-16.355062,77.31954,-47.53054,-37.975216,-41.71782
3.2736754,-48.87991,-59.785305,-41.32991,11.244642,24.16257,6.6528344,-41.756287,1.6722822,-22.485865
-16.054285,-2.1000137,-82.90002,-62.40393,-25.723656,-17.911026,5.3552384,-2.3517926,-1.6304066,7.9394183
-25.93623,-32.69815,-43.350777,-76.37697,-12.884243,-18.371456,-36.315784,10.979629,-46.6568,-23.796661
-47.761784,6.1325865,-22.13993,-28.67333,18.55368,23.712349,47.56501,13.703479,35.075157,-53.83354
-31.04677,5.665117,-15.904985,-39.888138,8.392695,39.470455,51.66471,-32.2838,49.47252,-72.81336
8.766137,-82.3849,18.066805,-21.026947,47.043514,38.412533,54.034008,-39.56756,86.22762,47.714157
27.084229,27.873056,-2.1872842,-32.117092,-19.354961,-27.222643,-63.565422,6.730037,-18.324326,-50.147507
-38.93673,-4.252142,-44.4859,-30.622574,26.145006,49.98938,24.547224,9.656222,57.536522,-42.17478
-27.164585,-42.89238,-17.229954,-49.102196,43.324284,22.94912,44.06503,-4.0787826,48.790398,2.1689758
-24.39097,-94.69839,-15.83938,-12.074801,11.879379,2.2477498,59.441887,-16.769156,36.558792,33.75294
-25.662933,-41.31543,22.578794,-18.039198,29.202465,-62.153072,43.54532,-57.220757,-56.030376,-38.021687
-11.356817,-14.8162155,-42.700962,-68.56187,-38.886288,30.293459,14.300365,-37.297276,-74.84243,43.233906
-8.000578,-16.480726,-29.309446,-40.424915,27.643587,18.330263,38.968693,-7.445072,80.89956,-32.749363
-29.55799,-7.5275474,-17.973671,-3.2545893,16.969463,-41.32976,67.00016,-59.176632,-43.603115,-48.565056
-20.993093,-77.18434,-27.15214,9.387057,14.071213,1.3930085,7.7770267,-30.477875,4.2575097,42.794865
-1.2781483,-13.055136,-58.275936,-67.749176,9.946934,-47.92948,-0.33225325,-20.251007,-37.423943,20.015533
-10.865247,-44.43282,-24.011744,-34.41213,-5.276188,3.9922297,20.959984,47.528267,-13.131871,27.817194
-14.97928,-70.50207,0.37100887,-47.78034,14.4747715,-17.431597,44.147713,-37.94707,78.484825,27.665602
-16.374176,-15.114994,-41.083885,-56.693413,-2.7513938,-8.03062,-4.7163086,-39.597637,-51.841835,40.644684
-28.189112,42.63057,-35.833046,-30.930944,-18.432365,36.28674,35.019524,-27.79603,45.17511,-46.11064
-15.715476,-26.9044,-4.3933144,7.173954,-4.9000916,-63.97086,60.616127,-21.049871,-30.770933,-20.049086
-44.664337,7.707343,-14.865628,-44.034184,20.094015,40.441326,26.824879,-0.79771924,50.917957,-57.098843
4.8172793,-64.38458,8.6850815,-18.418062,35.06941,-4.14759,77.74431,-6.404133,34.489704,34.224823
-64.87577,-17.75976,-18.752607,-15.187242,21.771496,61.35332,26.567017,-7.6018825,42.21868,-46.740536
-36.34471,-53.880047,7.7340794,-31.89265,11.597596,-66.43383,9.037516,-1.1735023,-12.374436,10.457785
-13.047006,-9.917483,-74.60899,-83.73492,-14.950614,28.768097,8.607802,-17.752226,-63.434162,12.090021
-0.31943488,15.937196,44.405212,13.502935,-16.501204,-69.50445,-36.04103,-7.7289586,6.7118773,-42.00283
6.0744514,22.322557,14.6277075,4.552129,-4.975929,-18.912287,-69.517624,42.044117,-9.106826,-5.9127674
-66.220024,-79.45017,-24.169847,-12.814065,22.077776,14.176344,31.841713,-34.779465,58.173893,26.926144
-30.52125,-41.271015,-42.428005,-18.27914,13.6350355,21.418438,55.13514,-2.4770818,59.29281,-8.922964
-30.952198,2.7868223,-48.616234,-29.064491,18.891197,46.51864,44.397297,-15.485953,53.760033,-13.973045
-13.726827,-24.189798,-54.051773,-19.92511,28.634237,-0.5025654,17.90276,-35.160362,3.7965481,27.913784
-13.373228,-4.555177,-40.136635,-27.624142,13.072989,-15.478091,25.158075,-9.589728,-36.834545,57.257233
-39.43246,7.7892427,-28.639654,-61.846256,11.879515,11.022386,41.226776,30.205818,37.799885,-28.72475
-17.005028,26.083183,22.149714,-7.129989,-1.3237491,-43.996532,9.703811,-4.216099,-6.4525166,-31.732374
37.16644,1.4145346,-3.546291,-1.6655494,15.677353,-33.34334,-48.234283,15.3405,-23.872725,-79.480545
-29.649017,29.947298,-40.35208,-45.551167,3.1475534,74.61423,36.886276,13.797923,13.347177,-60.97488
3.5928135,5.9591002,42.654377,21.694096,-10.748633,-68.99995,-45.293587,14.761423,4.026185,-25.484308
-4.8107285,2.0759144,16.803883,14.423513,-32.886406,-73.453926,-31.007122,47.421295,-14.603055,-83.61461
8.624874,0.63549423,32.124588,10.239202,13.462202,-38.140945,14.297385,-51.005264,-7.4346876,-0.57575303
-40.650536,-39.747967,5.7963343,-7.273212,2.573207,-21.836748,47.45379,6.4752917,-64.89882,43.324955
-33.87199,43.599014,-21.251936,-59.186245,13.27032,61.966705,22.392988,38.247623,66.84671,-51.6182
-9.393191,-2.310581,-82.973656,-33.555996,13.356507,-20.190899,12.091823,-15.7056,1.8566937,7.5384507
-28.612371,-59.722595,7.4797373,-5.6856084,-13.494694,-39.206238,66.78641,-39.29825,-16.386189,-43.66216
-38.992424,-26.023123,1.8445947,-32.7811,-16.787775,-18.553125,22.875479,7.1230025,-84.65013,43.760937
-12.922401,-44.92411,18.727499,-27.988356,53.733376,7.354416,37.077095,-40.384827,56.471695,7.5385747
-28.091614,-24.861557,14.948513,-9.505059,47.36571,-72.21683,49.959686,-23.891851,-48.609695,-17.14979
-16.42229,-42.03297,-23.659985,-78.21263,-28.8044,19.885223,-6.068722,-27.01271,-18.422924,18.277004
-58.912758,-18.623966,-14.848095,-11.296347,-6.337472,11.159124,27.729883,8.17447,-71.490746,47.702427
-9.477719,-47.916294,-28.284151,-42.12611,-41.17586,19.905724,5.3914814,-30.604647,-42.0565,44.61289
-34.203644,28.642136,-56.233482,-33.3787,24.322954,30.844334,49.587048,24.014462,44.57256,-71.28179
21.212833,8.495105,-8.8143425,9.654031,-17.088776,-59.524746,12.187695,-10.447458,-33.669327,-16.37618
-24.230593,-39.81424,10.532014,-6.5469465,-27.782991,-68.181114,62.092583,-11.861131,-50.89747,-6.14608
-58.079433,3.9512155,-27.710617,-31.080853,-4.243429,34.980038,61.846783,15.277112,59.0565,-38.82873
21.805809,-56.948406,9.805032,-32.442196,36.863182,10.428164,56.306583,-5.6293497,66.21363,47.430542
11.674508,11.215325,13.166879,-10.504765,1.9600118,-57.537323,-35.31335,14.307821,-4.2167416,-64.11258
-11.419321,1.8580085,-3.6444194,39.739944,3.2528229,-68.205345,55.590412,-37.60129,5.8134494,-20.636656
-27.811592,-66.85984,-41.99988,-7.9249487,19.872696,11.650299,42.39731,-48.279648,50.73462,27.047512
-21.412832,33.28269,-20.39782,-74.44212,1.9881234,4.9264727,29.655699,0.8691321,47.810684,-49.39416
-38.96544,-3.818578,8.760868,9.372895,6.8351035,38.901188,5.0122333,7.6526628,37.723434,-48.42304
-24.804182,-18.98574,17.060755,-3.8476536,26.998293,-61.91163,49.96937,-55.371082,-49.43408,-26.25491
7.004621,14.930782,-53.302364,-91.525,-26.114496,-13.443417,2.309257,0.34785154,-36.82978,18.670088
-44.155544,-44.548073,10.125451,17.778767,20.656607,-65.53997,54.786385,-49.771442,-58.20447,-36.41513
-25.885645,-78.292435,4.7713013,-26.314129,43.90212,6.1246605,76.83451,-8.331859,48.493484,38.09468
-27.372046,11.834445,-28.863827,-2.220058,-11.017525,55.588055,40.6413,-5.26446,67.721275,-43.718056
18.644747,25.198273,3.2541873,0.053175688,-16.016338,-18.328213,-49.604527,26.040852,-6.983471,-13.083978
-19.584599,-30.45867,23.213263,4.6286135,-17.531115,-38.676144,54.924458,-32.57409,-31.235447,-7.7206545
-47.56783,32.76741,-40.807674,-42.21346,6.0053673,41.491676,45.66292,29.698711,72.22047,-42.54979
-19.560171,-21.362812,-9.864224,-29.608257,-12.888789,11.804865,49.052143,-2.9468632,-30.241226,-9.65111
17.494665,-68.59713,-4.741471,-35.84314,40.3661,6.6621075,27.759813,-53.4362,71.38517,-2.6783328
-27.197983,-28.884365,35.482174,-17.07141,25.82424,-56.41904,47.10919,-36.34262,-55.399487,1.2357572
29.099949,4.1670103,-49.34022,-70.09247,-14.842112,9.516557,57.882473,-7.84363,-52.531338,43.80278
-35.994343,-6.503054,-54.46958,-28.716047,8.22962,19.808844,14.393192,-7.5102253,6.6651187,-11.165858
15.191398,0.1429812,13.440626,-18.542225,27.93292,-34.61911,6.2546306,-11.002146,62.950203,-8.468913
-41.23961,-48.61449,21.3488,6.3925505,-26.419376,-42.71392,66.23368,-26.423555,-23.835512,-18.576044
25.284609,1.4382222,3.2194917,18.697369,-21.816156,-50.829857,-24.265162,2.0844789,-25.233395,-30.90982
-28.1362,-12.475558,-47.871357,-38.534264,-39.09528,25.5929,55.49576,-15.573136,-6.6302037,1.8022503
20.715929,16.262848,47.244987,-14.360317,-8.342667,0.2591715,-19.507536,-1.5981352,3.853479,-80.97804
-13.531611,-4.063694,-37.888554,-36.623314,16.08622,15.540468,41.65231,-35.55323,69.13543,-7.9993186
-3.4413357,-10.806486,-26.732382,-26.4639,7.5032406,-7.034969,55.048256,39.06842,-7.0258894,-12.744744
-23.902327,-61.272285,24.461535,-31.837421,32.200024,-17.561962,54.038498,-22.762043,41.256737,0.23783052
9.182033,-11.533401,2.5441911,-45.430134,-5.548923,-76.948814,36.76154,-8.292156,-41.780457,13.695046
-33.676792,-57.675972,7.325264,-11.010401,8.083817,-83.882355,9.631604,-8.657881,-13.799133,0.32349026
-34.028126,-42.324276,8.33093,8.257817,25.467241,-30.618418,63.373287,-51.05556,-35.94208,-36.75974
-33.41628,-19.754498,-22.706951,-18.9972,10.087548,12.527456,53.931145,-2.670999,70.66674,-22.477371
30.008131,-21.425655,-45.548946,-32.178406,0.42329514,7.538348,2.5014534,-17.660923,-5.2209,43.051468
24.979342,-58.17797,5.359482,-24.157515,21.1821,17.970638,58.695114,-48.85573,70.63745,30.130287
22.8511,4.002001,-65.549095,-75.96254,-22.195732,23.620852,55.182983,-29.34838,-56.856686,33.100502
-44.891113,-30.127602,-22.585537,-72.97146,-2.8798609,20.719925,3.56985,-7.063238,-19.144709,16.013588
-4.8672013,-54.706837,7.43589,-22.893919,50.2806,6.789468,47.320427,-37.13059,40.256645,11.174013
-16.227837,-28.98751,12.2003765,-1.7552501,29.05255,-61.97827,43.13754,-48.521767,-26.623404,-30.624454
-23.434523,-40.369568,15.496249,-13.931256,-19.880026,-48.947495,54.289066,-33.98684,-28.521833,-18.36223
-75.67072,-34.929996,35.789715,-1.339662,41.638172,-68.25163,25.979248,-35.964462,-14.922373,21.243753
-28.867376,-52.33153,-10.434701,-59.505306,-28.696291,-14.328385,26.888718,-17.410301,-38.74648,35.057922
-61.353474,-38.972706,-63.335575,-30.768475,3.901671,-33.36209,-40.115547,11.756838,-11.198447,28.654633
-46.03714,23.952349,-37.321526,-40.295933,-12.306622,61.186028,36.60749,13.87098,4.9786344,-10.831006
-17.086565,16.596611,-20.406624,-20.25264,29.37467,51.45347,22.464071,9.580238,60.186497,-42.553337
-37.260113,30.743393,-60.363876,-24.20524,8.620387,40.240112,21.900204,-23.325283,65.90482,-12.435665
14.666181,-40.44795,-47.148888,-14.453661,9.742662,3.4391625,42.820007,-41.299732,109.53921,44.370857
-5.4234757,-40.461983,8.445812,-12.965087,0.5368197,-70.773,16.723864,-39.717434,-29.642672,-16.131292
-9.200389,-68.44191,-14.368592,-43.646538,22.249596,-11.009556,39.454945,-31.658783,56.095917,23.459425
-25.311007,-52.906616,-51.164677,6.157285,-39.65003,4.649619,-15.729783,-53.664555,-52.775887,20.043808
-39.61666,-24.62827,-16.175365,4.346798,-6.1008153,23.71323,13.502925,0.2413687,-15.720525,-11.947691
2.26233,5.9783173,-1.4662068,24.882278,-5.1852207,-42.33394,-35.37377,3.5148253,-2.6450224,-57.65961
-43.43901,-16.859453,16.622654,4.1487765,20.758024,-47.543533,42.117355,-31.849592,-44.018993,-28.758703
-37.840946,-29.172276,-14.231874,-42.808758,14.228849,-14.63641,33.44167,-14.235775,-4.993388,36.628567
10.701154,25.087383,20.83479,-4.4566474,-2.594262,-48.93194,-48.944435,22.797476,6.522634,-22.304821
-11.632002,-13.017725,-65.25274,-32.596004,25.064095,-16.41545,-5.4628997,-7.9786563,-50.005165,48.044632
30.96716,30.121822,-32.046425,-86.7081,-38.872044,55.154667,73.60971,-1.6195674,-87.59277,69.37584
-42.167706,-25.093193,-15.456403,10.429539,7.9676223,-23.619276,10.671926,-53.497265,-24.7992,18.97645
-24.99632,32.923176,-45.59634,-29.021263,-5.268954,49.044514,21.053211,-11.747497,37.48582,-33.7641
-16.678795,2.7418585,6.521846,12.107033,11.426047,-32.591324,16.724916,-48.643192,-51.38746,-33.95061
-16.796993,-65.57554,23.225649,4.572173,50.325768,-23.649542,43.308792,-75.187935,48.229893,4.4481635
-25.79781,-51.5545,-29.595613,-31.908644,22.434637,14.705706,54.488907,-35.38223,26.175024,47.259834
-51.881184,-62.093052,-49.096973,-3.2419918,10.530386,11.146069,23.0939,-36.766724,62.878185,23.70708
-50.875046,43.440845,-64.40749,-46.6452,-0.48566902,73.023415,27.925188,23.539642,27.29213,-50.666145
-29.807814,-33.185776,-64.02662,-30.883615,-21.621677,4.916421,-10.198236,-35.869194,-35.11371,25.01725
-26.56224,-67.349625,-30.33361,-22.664997,78.89223,-5.030649,23.832697,-8.986723,66.809425,-17.979
-37.5005,-34.139214,-18.511082,-14.96722,-5.8132224,-55.255306,18.860847,11.063336,-8.437081,13.023215
-26.21763,-13.384307,-2.1393723,-46.841293,-9.138687,-87.80175,40.132896,16.309803,-35.183296,27.053772
21.013655,-51.176144,-4.3373046,-4.35902,55.58777,10.164381,40.908314,-40.603603,65.894905,14.863293
38.50041,17.232609,-11.132523,27.112366,-12.097269,-29.828194,-35.161755,15.208397,4.270284,-54.942932
-2.3831346,-32.4737,-10.421242,-25.782682,25.733694,-9.95891,54.66964,-32.57563,40.866444,31.551369
6.683571,47.552288,-11.697044,7.721922,-2.223677,-0.93911225,-26.096207,5.3967066,9.182748,-84.400734
-11.16028,-48.59957,-10.821223,-15.962145,51.654568,6.8255596,45.505642,-33.726578,67.58914,15.062172
38.24519,6.6421556,40.849873,-31.060757,-13.066892,10.554243,-42.623665,17.833525,-28.968634,-52.23321
1.1667148,-90.75093,2.727932,-26.63668,7.0651927,13.718924,44.375957,-73.38931,80.50277,-13.5167055
8.279582,-68.27755,-26.002016,-17.988253,19.394598,2.717622,45.388798,-28.222908,79.11661,-9.618832
-46.70329,-19.129091,-83.56704,-67.72862,-13.241233,11.353542,-26.364546,1.1165584,-44.71793,-15.3934355
1.9313896,-58.131893,-1.2180363,-26.617067,48.77646,6.3515396,50.34894,-23.99566,74.67083,32.16236
-49.093754,-5.8238177,-15.805395,-32.986523,1.0801039,17.672552,54.371174,-7.673107,44.27029,-63.51547
7.80088,-23.503103,-30.344809,-60.42831,-12.934143,-25.268456,30.430809,-3.7084167,-35.321297,39.599075
-30.911818,-27.737217,21.387148,16.2499,3.6693668,-46.386803,61.83542,-23.342987,-1.1968225,-3.8177042
-6.545709,-26.754082,-26.03501,-45.404396,-2.736482,60.342415,54.032516,-4.329927,66.19396,-44.33205
-28.18231,-55.936005,-13.166369,-50.259537,-33.92615,6.020117,10.556328,-25.308378,-38.615067,39.14321
19.685547,-24.187063,-46.71195,-18.917564,-2.1881993,7.536377,13.058963,-20.997683,-72.385605,70.761086
31.543491,-6.5070214,38.26379,40.95977,10.564908,-60.66824,-25.776102,20.026865,4.478577,-59.006176
-27.001606,1.6241252,-50.686985,-29.852583,17.267426,-24.199396,25.433819,20.279005,54.687473,-51.470234
-33.660225,-34.582542,-29.926775,-16.710024,18.658993,-31.661388,71.60893,-21.828987,21.141579,4.641647
-22.81211,-13.74503,-61.906013,-3.4096327,20.542969,8.260601,28.324594,-12.943548,28.993652,73.19991
15.135869,-87.33211,25.376919,-35.629673,35.9031,-2.9452894,12.6776905,-68.08781,75.399315,-13.210302
10.393604,-12.285387,-3.0728946,-54.96554,-10.473635,-68.37931,26.6125,-10.069241,-33.635483,4.530887
-22.77194,50.7531,-40.726555,-36.61737,14.648575,41.546238,37.70563,-20.349154,44.01555,-45.6929
17.604948,-51.600697,-34.54786,-27.23702,5.4183025,15.156618,39.933563,-30.143173,94.079414,50.72675
17.315619,-16.58981,60.59178,-3.891133,-0.012536582,-20.585543,0.62916815,15.94207,8.013063,-68.8379
-28.59349,-62.115337,1.0858536,-5.140488,-22.09247,-38.390102,59.14204,-44.660103,-12.849711,-45.71906
9.271626,-39.245148,-17.157389,-64.00622,-48.944393,2.7314603,-5.9351983,-47.40205,-24.627645,53.05107
-23.481245,-56.049667,-22.552288,-12.717924,-18.94881,-53.193104,64.92711,12.398074,-56.3662,-39.508503
-17.244099,-40.234875,7.783641,6.8067484,1.911733,-34.547035,46.24826,-33.65639,-34.312443,-55.195618
37.294495,26.683943,1.1822473,-15.082634,23.918646,-18.254637,-48.13659,14.860724,-46.07962,-67.79674
28.674423,28.63957,38.495502,-28.374632,35.3041,-34.311802,1.0987065,9.705104,-39.526913,-98.253624
-7.137002,-21.056782,-71.954185,-23.347067,10.46685,-16.34148,35.22447,7.5502605,71.95296,-37.87262
27.86854,28.623392,28.66617,9.458635,10.445283,17.457901,-26.289871,-36.79438,6.165954,-69.01384
-18.425926,-6.667757,-46.46986,-38.398125,-21.399307,50.1654,31.695557,0.0032380037,-14.237484,-11.025028
-19.941174,-55.055836,-1.9355783,-1.5586547,57.25639,20.811375,29.787745,-56.16687,77.049065,11.019486
-41.56841,-42.391903,13.779679,-0.041639537,25.091162,-54.087418,44.60646,-52.561012,-51.131916,-38.25629
9.423104,-72.130486,25.59997,-37.03553,30.0035,-27.409239,41.87808,-21.35625,68.15792,12.02954
24.305786,4.255047,-34.164272,-85.048935,-10.121027,-32.01234,32.85206,-31.547647,-49.972427,19.92685
-22.996435,-4.7891254,-38.491463,-14.070111,23.373379,27.424171,57.055046,1.452443,35.182034,-23.003857
-41.665504,-54.673546,-2.2063446,-19.416382,3.8232164,-62.724636,46.13467,-13.367332,-49.823727,-20.72226
15.951761,-51.187477,-36.587208,-14.228451,26.008856,1.7663267,47.548447,-52.54561,50.373997,8.165489
3.2540088,-24.827808,-52.07026,-34.60044,28.267887,-2.6178312,6.453013,-16.674059,-52.114807,45.13478
-55.0828,-77.43592,-9.149074,-10.791735,33.323612,-6.454756,47.153687,-36.0807,47.40868,6.2098727
-31.26297,-82.7932,-1.3722998,-58.58357,26.572187,-26.46435,36.1832,-1.915335,27.317423,-1.7996306
3.0094914,9.900451,11.619304,-14.918713,-43.138744,-46.18353,-1.0083107,10.0310545,-30.193193,-106.84356
-34.25474,-28.356804,-9.516577,3.545712,22.252003,19.16287,43.027668,-4.7261076,1.4304214,-57.66281
31.972776,16.24235,11.226696,-21.02792,-45.63633,-9.598898,-46.11032,6.380034,-31.941782,-35.865356
27.590553,19.498611,-4.2379546,-13.197324,-10.763617,-29.125961,-55.10653,22.745176,-3.9958854,-28.729343
-65.68277,8.500343,-22.046616,-30.960974,7.3716354,43.092964,32.059196,12.372908,44.33201,-34.33111
-43.98262,-13.425174,-21.367188,-27.951086,1.466478,59.841618,31.711018,10.890097,27.839184,-66.81718
-3.6773758,-79.65584,9.743301,-48.51976,27.418018,8.759022,45.80849,-65.32332,58.144016,35.80062
-46.656113,-81.84678,-39.112198,-21.02989,57.39504,-1.8380871,31.164911,-35.503117,65.32272,-15.854947
15.919148,-1.2468337,40.967464,3.8162766,-10.320192,-56.93495,-10.350967,19.009865,23.4851,-56.234394
26.775425,-44.03969,-34.494263,-31.218016,7.2127666,10.338012,45.88413,-41.373146,68.961494,43.999435
19.374392,-12.238249,-41.973263,-62.511417,-21.628006,-3.4550045,42.303482,6.159407,-72.096085,55.603127
24.756834,7.0815134,-2.8759482,-13.815213,-17.618454,-24.710924,-54.30161,22.981695,-20.23621,-38.45264
7.230237,11.845681,3.5194972,22.160076,13.985308,-81.60228,-55.55838,23.989174,-21.389471,-79.91353
12.643483,-15.986222,-39.34738,-71.598785,5.6306567,36.173336,31.572647,-25.49658,-65.444565,58.67669
16.341482,-74.23826,13.991763,-42.683453,18.513613,12.691695,53.59868,-19.026892,61.05905,43.347748
22.105053,-56.19035,6.3247766,-38.604042,20.720871,5.7073994,51.78053,-34.900234,72.17511,22.913269
-42.153603,5.092172,-22.93143,-38.533855,20.011486,27.606447,37.201702,-9.19692,40.55358,-61.148003
-15.8179455,-44.08337,-31.371777,-25.183939,-0.023160102,-33.800102,-17.950981,12.206322,-45.505,30.576908
-39.322407,25.53325,-34.682438,-38.906803,13.869831,54.436565,30.636616,-24.196613,52.603302,-9.814664
-5.12399,-15.357095,-16.641384,-50.359833,23.356813,49.980587,11.851685,-50.838463,62.015514,4.9558244
15.570883,28.618372,35.396824,-3.2013679,-6.2501354,-69.791504,-37.49817,-21.980183,4.2995996,-56.65987
6.099783,4.835046,1.3180273,21.553207,3.1714544,-31.49153,-49.985893,22.88976,-9.702885,-54.170685
-1.5228179,20.246668,0.55092144,19.535625,-14.237215,12.403559,13.691888,-46.159054,19.60347,-59.78113
-2.7769554,8.967535,-11.666139,10.608575,-0.39205974,18.262957,4.0734534,-2.3947937,44.67814,-63.592735
-28.521927,-70.153915,0.9179652,-26.811937,28.067251,5.1444006,54.095875,-45.53328,58.134995,11.159741
-49.221848,-8.632193,10.209662,15.142446,11.170681,-27.174389,67.89323,-19.98301,-11.192158,-8.199183
-13.9849825,5.9375377,-64.16527,-28.477043,11.667992,26.321405,46.643085,-6.8319464,47.89541,-51.2347
-39.084316,-20.84214,-32.86768,-2.5637548,26.386072,10.333577,63.35394,-26.93893,23.84068,-34.197456
-44.30245,-34.974415,11.477615,0.88581514,45.248516,-58.09805,19.69104,-43.813217,-17.046427,-26.32826
43.697784,-14.599329,40.931034,-8.6989975,38.478558,-23.107944,-24.156834,14.326594,-11.863674,-79.29197
-24.857607,6.255477,29.383188,37.282776,29.042192,-45.740894,63.87812,-63.28624,-25.488474,-22.330307
-35.1142,-18.690063,1.8484099,-15.361309,29.428255,53.631702,52.859707,-22.236225,51.457253,-32.153652
-26.661865,3.393592,-29.001196,-15.475276,0.7571002,50.026775,42.847702,7.8255982,12.4451475,-56.23925
13.6093855,9.808511,42.369984,5.3390036,-14.83404,-61.747738,-7.18096,22.645498,-8.725307,-76.067665
-7.2342105,-27.534145,-38.702293,-23.762775,41.64829,17.953259,-2.1189377,-20.507454,78.931046,7.006369
30.343054,30.55726,37.73689,40.551758,-26.069435,-72.312035,-10.725734,-31.516575,-9.651189,-62.333347
10.992182,-20.488194,-8.505677,25.615234,-9.473481,-59.696003,13.968171,-7.175822,-33.844376,-7.459865
10.910106,3.1338766,-9.3665495,12.69792,-5.025875,-53.173203,34.49014,-2.9543085,-72.46035,-1.6759014
-40.430595,-57.55652,-8.043842,0.82322025,-1.2561582,-73.184364,-0.718107,14.825503,-8.238202,20.99797
-44.051285,-51.19038,-17.611988,-18.769701,14.394384,-12.121466,44.97107,-27.191328,69.60726,-9.101358
-31.581924,-16.694464,-27.403706,-83.2414,-15.9207945,21.712206,6.367787,-11.394491,-16.813654,30.3769
-18.134428,-21.437628,-40.36695,-74.23607,17.448158,-39.482956,-8.879502,-12.088809,-47.496536,2.2543688
0.1508671,-14.3936405,-27.581133,29.81398,17.051615,-53.508305,79.020676,-40.06584,-20.72632,-53.160954
-11.635529,-67.539276,0.20003295,-35.28097,38.995842,1.6316779,46.34494,4.451414,51.869003,41.27105
-41.323193,-27.05775,16.595694,-6.147799,18.47868,-59.525818,37.631042,-36.1673,-14.229651,-13.815189
-9.567858,21.304869,62.83015,3.0051641,-12.812543,-65.58704,-34.304916,-14.680015,-1.8155254,-53.21419
-20.881332,18.766848,4.969283,-34.426563,2.8969393,-39.976143,-10.65326,33.071613,-9.1487,-77.29399
28.59808,24.345583,1.9708524,11.977453,12.940155,-41.06233,-38.67562,14.6371355,-6.7439613,-76.102745
17.992159,-9.259642,45.27778,9.46601,-34.676422,-46.831997,-10.329477,26.17911,8.924709,-58.06923
28.036203,7.83319,34.90864,1.7599242,9.3031025,-55.893364,-11.1771555,35.881157,-5.7588506,-58.130238
-38.971634,-16.520397,-75.39188,-41.255688,20.126951,-36.527348,-25.708727,-9.541183,-24.919415,31.56459
-44.74521,43.28335,-28.775301,-47.522465,2.403688,63.416332,33.39912,8.673533,49.381836,-40.633564
-37.570934,-35.568417,-7.6179557,-3.1069665,-2.8549922,-40.719128,53.0957,-28.223587,-25.142195,-20.373587
10.628423,31.69715,26.168476,-21.490227,24.293388,-36.009113,-30.46348,30.263056,-36.229076,-95.36842
-53.900856,13.088157,-26.210579,-39.970013,14.075387,33.427517,41.87002,-8.249017,39.985046,-39.654903
-23.903954,13.887481,-9.317105,-35.842228,9.32636,-28.716303,8.267456,26.74096,6.407047,-50.5097
15.620797,-63.638252,-1.5162419,-46.94371,25.045467,10.847943,17.57811,-13.320813,82.69984,39.006516
-24.68752,30.079065,16.234566,-15.343747,8.176051,-62.002182,24.117008,-20.287985,-36.48303,-52.70697
-20.84997,-44.77657,6.550976,-8.453352,3.8976178,-66.36544,51.54315,-41.818222,-39.026802,-8.726179
8.103675,-60.391342,-19.356411,-10.620895,54.651566,8.381256,38.13666,-20.913853,71.217514,17.52354
-8.201912,-5.293502,11.9435215,-1.4815451,8.198264,-35.5796,9.0512905,-55.313946,-39.9309,-64.132355
-2.4819465,-39.10933,-49.116882,-28.114408,8.508125,11.419689,-0.44298854,-21.71197,23.555162,13.910019
-16.762224,9.9345255,-79.47553,-79.23923,-21.203787,-38.649548,4.1158237,-44.31243,-24.965258,-1.1267188
-22.331255,-74.21677,4.3866367,-45.608418,24.653973,0.16744351,38.73853,-51.315113,49.003075,-8.240216
-33.647507,18.85711,-30.9383,-15.113637,2.3878632,39.383537,47.697453,8.3735,53.110733,-50.402992
-26.485147,-46.534645,6.2432528,-2.1378102,5.403355,20.255968,33.51617,-13.720871,96.501945,-40.267475
-28.673386,4.411189,-52.753246,-47.98891,0.034803152,-8.812927,25.973516,-5.0778317,33.15454,-46.95703
-19.826189,-73.35385,21.454935,-28.937489,42.902935,7.262491,70.55135,-22.762877,53.211197,4.5513988
-9.995137,38.637424,12.656032,-61.259468,-12.725238,2.6458108,15.276918,5.755497,17.394238,-70.708725
22.00819,3.3520534,-44.594475,-55.42451,-36.39364,4.550542,10.802171,-26.80458,-41.511917,49.174263
50.534958,-14.08932,38.265564,1.6477726,7.461765,-38.23205,-28.530577,14.524518,24.820192,-52.52351
-36.7897,-5.9516683,-38.816837,-36.19783,-18.446745,30.387476,34.582214,24.895552,62.884834,-84.678314
23.745365,-38.90152,-10.93338,-46.991177,2.906549,-27.884705,13.013343,4.0980206,-40.81549,31.239033
-7.0241094,-68.71535,-11.524511,-15.964993,19.836073,17.387527,83.66698,-25.242588,60.878563,50.575523
-2.5394883,-11.726486,-25.078611,-86.58605,-28.930063,7.9410543,7.210334,0.9221276,-25.092237,35.7602
37.707077,-50.226624,2.678509,-18.983294,44.98208,17.050442,42.22924,-47.713783,61.983772,10.5549965
12.115473,-38.930935,26.193647,-20.451101,32.00685,0.7228794,12.876769,3.5991173,53.05795,24.729727
-32.843803,4.9039874,-25.626375,-7.125315,8.196295,37.6776,48.0839,-10.091845,32.68017,-27.812601
-14.349852,-25.823006,-26.556139,-50.307182,-20.3814,-15.057771,10.230924,32.91738,-78.034706,45.578278
-33.795326,-8.5769825,-79.707596,-23.315536,-6.0757904,1.4716086,-0.2213586,-18.68694,-24.325104,5.866228
-22.291658,-39.8151,-10.738963,-8.457153,2.349332,-66.88436,42.21634,-27.636185,-25.83129,-31.019825
-23.548223,-20.631008,20.172941,1.4646232,-10.4392805,-54.388454,40.96127,-65.42388,-30.300148,-26.294949
-22.165813,4.0099144,-42.474716,-29.643433,11.018826,22.419704,42.450558,2.91903,72.31017,-49.945
-38.955788,2.7705407,-37.2275,-19.6007,21.598278,34.377968,47.19058,-46.531826,65.87646,-10.462953
28.400515,-34.154945,-19.467304,-43.937706,-16.256617,-36.31451,-6.23041,-42.1045,-28.06803,50.100555
-27.929686,-32.260326,6.459302,-9.579396,13.522284,-35.87875,28.716951,-61.67665,23.866497,-7.514796
-21.00065,-18.549887,1.686235,-3.2266502,49.652645,27.217314,21.328522,-22.6217,60.246113,-17.930567
-47.894096,41.832695,-37.646317,-46.54883,3.7165174,52.25228,6.946518,21.697859,45.17227,-43.9535
4.9861813,-53.878952,-1.5819999,-48.93887,40.590702,-0.62243295,27.10898,-26.4363,85.56219,39.139175
-8.4996395,-18.787136,-59.03136,-65.55493,10.543516,-51.409935,-10.24808,-18.76438,-34.38325,18.618584
-43.381016,-80.0601,10.186102,-50.5921,38.03033,-20.760529,29.56926,-17.491665,15.131564,-8.658426
-29.574152,9.005177,-57.923954,-25.891994,26.17591,37.534645,30.52535,2.602294,56.409027,-31.475159
-59.27027,-26.727999,-13.555492,-13.550072,20.538465,-33.70238,-3.1033874,-21.534874,-34.75282,1.8140169
-27.955996,-1.3889693,-40.664803,-11.475877,8.058527,67.06648,47.5499,-13.223999,34.020546,-37.850086
-17.373323,-83.04606,-30.928331,-36.76923,3.7511883,-67.71068,21.775524,1.1804332,4.9939017,-16.116581
-27.342413,-17.86156,-24.134663,-54.70641,17.632742,-0.91138196,24.87155,-10.95246,3.400786,32.189037
-22.338116,38.165134,-52.313206,-38.45063,18.860899,37.61769,12.518026,4.549809,42.458942,-53.945602
-6.782502,-20.737371,17.461761,11.04486,38.208904,-29.720858,27.6191,-70.47112,-19.461475,-43.67825
22.12438,0.0049678385,28.776922,19.819347,17.20384,-93.503746,-38.187786,10.98622,0.19615272,-37.653824
36.45058,5.2885013,25.517872,13.989739,10.94256,-23.496622,-52.044624,-12.416682,-11.398898,-93.631065
3.7824087,32.079098,24.122755,4.759471,-35.64564,-5.851844,4.7418585,16.429096,16.182234,-57.982487
-42.227253,26.801125,-43.65989,-23.23836,-0.5216716,53.04329,37.271812,22.846899,43.59211,-57.32418
4.32121,-29.45924,15.766538,-11.376021,23.191175,-65.37428,51.296505,-63.07985,-33.53474,-25.160723
-25.302137,-23.096247,34.521442,18.359104,13.814396,-46.041836,65.9554,-25.042072,-4.6915393,4.1962504
-10.945002,-30.26037,7.8941307,-0.82545626,31.175344,-56.522682,76.35176,-49.580395,-32.134308,-63.884712
-9.545531,2.0492103,-32.823654,-79.516396,-39.55344,44.77703,11.356972,-14.826546,-22.052504,56.48387
-40.15515,-18.04614,-28.943586,-0.34373727,13.068756,34.73647,41.282116,26.42193,3.9469118,-52.12599
-18.383917,-36.468258,-19.989695,-21.386202,25.746151,26.31672,58.27839,-53.71633,45.92784,-7.3336124
9.210591,-4.2539,16.593945,37.935455,-34.842484,-33.27892,-23.027372,22.270067,-20.949577,-32.264366
-41.004074,-67.16844,-21.886105,-37.063522,40.00176,-16.295351,12.232176,-1.3710881,83.957405,26.011719
-40.126427,1.6653048,-43.85744,-61.521767,-33.787125,21.94469,-16.911234,2.068482,-53.76656,3.2587953
-40.511612,33.04747,-49.373558,-32.95676,10.14813,42.139153,39.668736,7.6737323,65.983925,-53.944855
24.482159,25.486044,45.627426,-5.7924123,9.893702,-2.9995792,-14.90757,-12.346289,-18.365734,-94.10813
31.397722,19.451971,20.649439,5.9288077,21.431814,-69.010666,-31.901703,-29.573814,-3.970758,-45.061897
-25.365845,29.372465,-40.04845,-34.09187,-5.7629647,53.31218,39.56137,3.072528,40.662354,-2.4786677
23.005095,-18.555603,-14.722432,12.5205,-9.258055,-41.930645,-2.6313243,-9.335354,-19.57172,-68.18902
-29.162592,-4.8962717,-42.77245,-33.67127,-2.8363085,13.5794325,46.728195,14.022991,51.173916,-56.130783
9.344116,-67.22432,-6.397383,-37.645073,47.254158,2.214942,31.41206,-21.249985,53.450424,-2.1548336
-35.55495,-25.430902,-33.936592,-30.027544,33.319977,28.008064,39.96557,-24.986683,63.949333,-22.266804
-44.62136,-21.131842,12.536817,4.038559,-4.7091827,-50.226112,68.956604,-13.366592,-30.885143,-20.863575
-11.584614,-70.820366,17.996435,-19.166481,27.010225,38.340515,49.082417,-37.7149,67.73237,-23.63394
41.997307,-14.621751,17.408411,21.414154,37.512646,-30.70717,-41.387386,39.442345,-1.9229823,-52.952522
-17.886187,-67.92004,25.54267,-30.443432,43.68056,8.082707,28.288748,-82.952835,66.40165,-10.555986
24.211407,-40.37447,-17.668232,-15.595944,22.88855,6.9571333,51.98674,-70.097534,55.282852,25.252905
-17.68372,-9.825277,-58.267887,-12.535245,12.317745,-5.9676785,30.319094,-25.757418,69.923134,65.07707
-26.405874,-29.12938,-28.689287,6.7695074,15.245134,28.442411,60.93923,13.797065,27.878704,-20.197746
-29.124527,37.77816,-63.694637,-36.973156,13.660381,44.405777,14.812325,-1.9424145,45.835773,-51.99162
18.94276,-26.118092,-53.88166,-23.56849,-34.805817,-1.9983925,-22.944529,-20.118532,-28.486712,31.973396
8.689492,39.356236,13.381931,4.3666377,28.693068,-66.40683,-49.52057,15.091083,-35.88372,-101.80456
0.82662785,-24.898457,-4.2298636,2.867591,-24.663177,-63.424313,46.272827,-36.748844,-34.50346,12.305378
-28.868296,27.725752,-30.851448,-25.317867,25.736694,45.33225,42.263145,-2.333085,48.678635,-42.747406
9.739811,-64.51247,-9.382627,-45.880634,40.768738,4.365795,4.1316686,-11.518068,87.03722,39.974068
17.140375,28.034595,36.36075,-34.6047,18.059473,-30.839306,-25.950857,27.802338,-33.530743,-79.59289
-62.73274,7.2900205,-19.803019,-34.873543,3.7844028,55.071552,11.011129,15.584048,60.321167,-31.156973
-25.70016,-9.49346,-7.447752,-52.56357,-3.4103968,45.51121,20.58374,-12.675774,40.409332,-55.128254
-24.438274,23.727058,-48.493908,-47.068344,-4.095825,72.195076,34.040905,-1.759295,14.612627,-52.356747
-45.124397,-31.927546,19.60668,-29.739569,-5.6820655,-79.287766,30.383009,-7.320149,-44.33514,1.0380253
-43.840164,18.565552,-35.38153,-25.871483,4.5640397,39.179737,42.13838,-12.773258,50.864685,-49.579315
-19.201048,24.939283,-22.826097,-12.522922,-21.226677,65.48846,28.2688,-45.651505,50.687088,-22.298235
-32.062828,-10.3949995,-7.8458233,-0.067161486,13.575844,-10.438312,54.264114,16.48814,-30.10356,-65.29695
-33.810036,23.951666,-41.880135,-38.957275,22.928555,35.0353,29.63617,-36.563026,37.761528,-30.60725
19.67294,35.728676,23.298876,-1.4572929,6.143212,24.059471,-6.649607,-13.831037,-2.309092,-77.80249
-18.373827,30.081186,-55.992844,-47.835865,-1.4293234,41.382416,44.855736,13.699977,80.87566,-61.78762
-31.512453,40.28867,-28.768667,-53.5,19.671782,57.29664,35.09879,1.9160342,40.65115,-54.679287
-6.6191273,-18.777697,11.611441,-15.861873,-25.83472,-55.467415,22.84959,-32.09644,-41.288677,-4.085148
13.132217,58.354473,14.677459,-30.383942,-5.824877,-59.74922,-33.092224,-20.125418,-22.41552,-79.253876
14.55906,1.1554625,56.99143,2.9903426,-18.403555,-36.50234,-19.583906,24.35936,-2.7239058,-61.053616
-47.96311,-24.160969,-23.223772,-34.590584,-4.7902994,58.031677,30.06609,18.322674,-9.674995,15.400183
21.54883,38.904636,13.421089,-15.716216,38.572433,-35.11727,-34.464333,24.39811,-35.995834,-72.209755
-46.338886,-62.332394,-17.415573,-26.529158,8.211392,-54.51845,-13.351832,-5.981252,5.340941,4.29936
-22.897493,-33.98939,-42.944954,-50.799652,-43.45496,-40.835808,10.003569,24.441301,-51.695225,58.970333
-36.87859,-64.554504,-32.0957,-57.273685,-6.497363,-37.170376,-39.167908,1.8993218,0.18370345,7.739391
16.348738,-76.685,-5.657086,-75.17537,8.366266,-27.531155,4.800949,-52.06408,85.91018,18.07095
15.376391,-54.33924,-13.224413,-38.58721,26.55839,-13.553033,32.44724,-28.644695,75.25751,9.065436
-48.388935,-15.435105,-13.2510605,1.8095973,1.0552487,80.82831,31.293583,-10.269296,66.23379,-18.044281
-9.821256,-5.0661035,-28.778282,-77.97756,8.719126,0.41228104,-2.5918791,-18.768044,-80.714455,28.54528
-42.888264,-8.366644,-53.563347,-53.642437,5.914021,0.48730278,-2.8745704,-15.095608,-42.988514,10.336966
19.886028,-36.899418,-47.808273,-51.211067,-36.422764,37.403694,20.740978,-41.684338,-61.271015,52.79692
-54.15928,6.687406,-21.237099,-14.007806,7.5105834,60.815086,28.365196,-12.107604,41.980175,-29.760464
5.6026216,-56.860153,-3.5924008,-43.630043,49.922367,14.216208,36.825314,-23.336668,80.077835,20.93298
17.555986,-62.553745,-12.148652,-20.489716,54.04149,26.18206,37.602943,4.174778,82.40602,45.074356
34.938858,17.194918,3.9652827,-26.642141,29.649956,-48.965458,-32.0427,32.331684,-22.055447,-68.91194
-38.15407,15.98577,-28.076569,-30.40068,-9.400725,60.064896,29.194416,-10.729507,53.12706,-4.5346026
-34.61253,-63.926537,0.5784328,-19.695967,50.1405,15.408527,61.299328,0.5754557,43.135284,17.66961
-26.685604,24.70597,-55.523808,-57.388336,9.627832,34.295948,42.958393,26.524378,66.07463,-83.13446
-23.93716,-64.273735,6.870775,-15.61817,31.56099,17.361431,75.83875,-24.012299,53.401833,22.424406
8.992617,-21.369774,-69.28743,-76.90332,-13.907661,-11.658588,-27.417568,33.65115,-56.127495,24.955738
-7.117733,-53.969906,-12.267812,-40.816734,-6.959276,-27.685875,12.419164,-0.30419952,-29.570368,60.69004
-44.635468,-51.890564,-1.6137989,-18.938395,-16.060598,-67.63244,-11.641544,39.434803,-15.91742,38.238926
-58.786217,19.589418,-24.124413,-33.614124,3.5071058,40.485813,18.89529,8.430093,40.45383,-39.078075
-16.458029,-68.02529,3.343084,-14.803525,48.084663,10.345462,37.356777,-24.423662,45.316628,0.74276125
-34.797783,-44.643276,12.025011,-20.751022,-11.711163,-60.87885,60.9419,-37.397316,-5.3105316,-14.729829
-10.200729,-50.33491,15.040328,-33.57742,22.108797,-30.778345,14.016615,-64.52619,112.77477,28.105513
-36.044643,-38.811337,-71.49911,-60.449493,-38.67565,4.912675,4.499378,11.878619,-22.92298,10.743935
-26.517532,-59.77577,-8.071289,14.67422,-22.64792,-37.170414,44.28257,-21.53212,-31.458899,-30.081427
-7.5508633,-36.1131,14.489805,-10.499283,4.968937,-47.33668,56.69347,-58.43896,-35.618465,-31.54448
-49.130848,4.639782,-83.07585,-78.11251,-23.904715,-38.881866,-18.076029,25.458412,-8.700119,-14.087769
-23.355253,-22.74787,-16.074032,-32.44953,8.52683,7.45866,44.646008,-11.882474,12.443847,-49.97187
-47.43714,20.865732,-38.981476,-25.446207,4.5370975,36.383907,36.158543,-11.140131,45.470955,-44.658207
-33.7401,2.9159307,-40.40382,-53.462303,8.024254,50.051765,-2.2833889,30.85421,68.10078,-43.95549
3.089982,-21.925278,-53.638077,-73.39932,-1.381655,1.9167135,6.793291,-10.598325,-35.69508,-0.06483952
-17.339378,41.402462,-63.494617,-56.55499,-7.3196836,30.274591,41.30967,12.478335,18.96854,8.455582
-24.195587,-32.06981,-12.030931,-6.5484595,-11.783363,48.542343,33.2646,2.2745051,33.254395,-50.557747
-28.68727,30.895184,-48.56166,-40.94738,-15.673062,48.886295,31.281218,-6.5009713,43.42431,-44.971935
21.965725,20.199247,6.4510355,34.551018,-26.45305,-35.26742,-40.563477,15.869662,-26.386154,-24.734076
-24.156448,-45.37369,-36.09133,-80.976944,-6.75235,-3.3458989,-19.019705,-4.6117578,-40.88505,-13.595408
38.987576,20.558956,7.9508095,21.666656,8.403474,-11.52382,-32.142197,-28.559519,14.673152,-82.82543
-25.255632,-67.08177,18.433222,-13.36138,38.225113,-1.0181751,47.386215,-29.970566,46.517227,3.465456
-48.865215,-28.955526,-19.000975,-18.198053,33.983234,22.843122,69.596214,5.1177135,21.18128,-10.995478
16.692,-39.79295,1.2354195,-1.5644559,43.882088,14.05835,59.715458,-56.724693,67.84558,21.904251
33.806362,-5.944333,14.625853,-29.926805,-8.5073,-51.029263,-15.590895,17.93358,4.6459775,-93.30108
-39.545704,-33.238197,0.5550071,-99.88986,-11.490993,29.506771,3.8625512,-14.947434,-50.89787,25.406662
-27.747948,-26.129452,-19.255264,-32.938416,40.3859,15.579834,45.68469,-17.345957,58.99758,-8.110952
4.236076,-49.830353,-9.858574,-25.573895,45.113575,14.613989,35.00417,-24.585995,70.33962,16.808807
-17.670517,-18.807875,-30.948757,-21.55743,2.8635445,-74.771706,65.48016,-67.876,-55.50986,-53.786102
0.7573335,31.595604,20.602314,-16.98547,14.615035,27.147335,12.80523,-9.255851,4.7251716,-69.73424
40.482788,27.103416,-7.2640815,-33.377216,-6.387793,-32.105797,-51.730618,-8.607401,-19.683224,-56.75981
-35.44281,-23.191622,8.859683,-11.98442,30.154701,-58.452354,48.276814,-32.85598,-26.059673,-18.198597
-43.480614,-26.363588,46.483402,-6.556007,43.236164,-63.316017,31.447973,-46.24359,-58.011806,-14.756867
14.191069,-70.14437,-13.167439,-35.84486,27.3105,-8.666776,29.257206,-24.161333,72.53408,0.13261497
-57.8542,-62.295395,-3.5682626,-24.134409,56.58443,7.5704975,57.38591,-35.9921,56.702087,11.943057
-22.817713,-53.453587,-21.317741,-32.83655,-24.434862,-37.246483,-34.23165,-11.967077,-1.0025179,7.883967
-38.561245,19.061214,-18.77902,-42.842564,27.66603,36.45203,70.588806,-6.543134,43.06624,-58.59106
0.4357968,-55.576687,2.9379368,-14.082766,3.6419363,-82.56955,55.968845,-16.77882,-27.07804,-32.559467
-59.574593,40.79619,-53.600372,-38.471443,-4.0819044,24.37776,26.66294,18.757391,34.10833,-28.57126
17.769022,21.921497,43.597668,4.363887,23.626308,-17.976305,-35.783623,-0.90359765,-17.919596,-99.07769
-22.965567,-46.17872,7.4716167,-11.682667,-9.972582,-56.212185,67.25442,-33.33648,-15.438735,-24.9338
-3.8905597,-10.069051,8.584741,-8.60287,-5.759066,-71.22921,-22.485435,12.089202,-2.6948085,-108.61076
-6.0231194,-48.136223,-5.003997,-30.54722,22.4532,9.145168,11.480876,-27.421686,90.91486,-5.070059
-8.758477,-9.336065,23.942303,21.894066,11.768696,-18.460363,-0.088423595,-31.489782,-33.352093,-61.70677
-25.532112,-13.672441,-44.55064,-15.801209,12.943437,-9.935725,36.3786,-14.429919,-7.4749665,65.09081
-71.45127,-39.681522,43.86039,14.92883,2.170208,-53.4345,54.03378,-16.219067,-37.708565,-4.5120497
-27.51526,-38.15384,-30.724546,20.070107,-11.727898,-39.637768,42.376106,-17.946898,-18.22778,-40.257774
-13.497829,-22.947329,-30.02589,-22.491985,56.512405,22.10259,25.66848,5.7033587,64.34539,-22.483913
-14.640432,-35.258198,11.542432,-5.909195,32.04339,10.379746,69.9407,1.1211123,36.817253,-9.881667
1.0551791,-49.984417,-5.7252913,-45.854694,-12.923368,5.036237,53.246864,-25.286942,20.837076,2.5979385
-23.558945,29.429373,-22.969685,-30.473942,-1.1930703,66.517715,36.74271,23.297491,26.81017,-50.99682
28.871382,-20.832375,-53.356598,-48.147186,20.420105,21.671923,2.4590068,-30.237663,-70.26698,42.247467
76.51377,15.756549,-4.291137,-24.849289,2.0116234,-10.737743,-60.193317,2.1700795,-35.87127,-46.256832
-42.934147,-26.650215,-82.97615,-53.992805,19.050407,5.5096464,17.120062,-0.40858918,-66.82807,4.0590687
-13.830166,-39.189922,-23.134745,-49.334194,46.25531,26.616701,28.676584,7.4348917,61.002335,-18.026455
-11.430552,0.79763293,-51.924156,-32.61676,12.657039,27.417088,-1.7530199,-11.483726,-66.31618,51.178505
-37.788525,27.261272,-43.78998,-48.424355,0.83636224,31.336014,54.617477,-0.9677169,49.639717,-50.747356
30.193813,14.700694,9.650314,-26.396053,-23.807873,-12.465708,-50.292095,5.1834664,-40.91311,-53.867676
-16.15023,-23.84949,-28.027489,-45.779583,39.72821,34.787395,19.894625,-3.9245343,61.162838,-29.195717
-23.45347,-63.271656,-14.090498,-36.442818,24.86154,-39.536186,53.576496,-18.294344,22.49305,1.1542686
9.611066,14.686769,-8.158892,0.39633965,-36.76458,-48.862045,-44.83823,2.9293718,-12.827693,-86.41051
-8.927645,-5.548222,-42.144234,-53.90634,-6.3581066,39.73653,16.840574,5.5541744,-45.813713,8.133947
-36.068462,43.896255,-54.75897,-21.523977,0.6331967,67.20827,45.86847,-10.446488,36.42894,-42.068268
-16.237804,-57.092594,-31.125013,-42.23882,31.159933,7.880809,52.84196,-59.46208,32.453827,33.34821
-1.3520622,-43.166542,-14.851447,-15.203422,24.130196,3.8037374,69.39817,21.327595,22.369717,7.9511313
-21.345926,-42.77882,-4.5357065,-6.4531503,6.769778,54.956165,47.87539,-18.192305,39.72512,-47.11953
-14.815115,-26.609423,-27.41731,-27.662045,9.754876,-4.1935673,38.48475,-6.6648803,81.9768,-36.253593
3.128303,-42.996372,-13.371886,-37.55307,55.07698,-5.222798,32.26922,-12.624581,58.671745,9.941561
30.9235,29.160343,27.078001,-44.291935,10.862944,-34.837166,-13.417855,41.325207,-31.84706,-102.392166
19.665648,-49.93589,-1.2979125,4.1300697,55.414413,-25.860126,26.162186,-22.905872,75.89692,11.023296
-34.358753,-48.541233,0.18372494,-23.763409,-9.123023,-59.613766,31.877272,2.7856445,-30.727812,17.854887
-5.2499194,-45.553757,21.714924,-17.5395,48.266796,2.086827,41.349285,-48.435776,50.73917,7.480985
-22.035252,-74.26816,-13.668786,-3.1685011,20.37404,-18.43351,72.16582,-25.341053,65.00651,33.378605
-5.1036234,-14.399679,-33.475845,-27.101677,4.921043,41.107063,28.87218,38.646957,-18.855673,10.10162
-48.550484,-51.737774,-15.521538,-33.47211,-33.151047,-5.2684298,-25.148893,28.384262,-33.03209,34.01195
-11.048671,10.56077,0.004975617,27.965263,37.327946,-35.26274,79.30794,-67.77102,-49.612366,-44.901302
12.657014,-69.44883,9.609888,-51.555996,43.406292,22.577566,24.15831,-42.670605,51.62548,33.4134
35.26933,-9.378869,19.007502,-4.0615387,-11.908552,-11.311139,-36.86283,14.868686,-18.264313,-31.519829
-4.6938677,-2.2871442,-83.46253,-31.711544,1.871015,19.07435,6.516843,-13.219659,-31.864643,23.241114
-26.023573,-56.277573,-20.969446,-60.609547,-19.047947,-48.66244,-34.469143,-14.846479,-18.23599,-7.108079
-22.981436,2.1562436,-31.745117,-17.764553,9.626424,51.595917,35.08685,21.79762,36.440826,-44.814087
-40.485332,-41.721214,-18.867628,-26.823727,24.218977,-1.588568,42.35166,11.586377,73.61833,-18.137005
3.9252272,-51.027477,10.115842,-30.030197,36.86008,12.726863,63.559696,-10.220673,73.66679,48.61443
-21.913197,-38.44931,-37.78403,-3.7066844,-3.2098303,37.405083,51.228687,6.2554393,12.288573,-24.06169
-29.821344,-34.292557,6.7229156,-28.539328,16.158691,-72.84284,41.599934,-27.326921,-10.673942,-23.300076
-29.349455,25.339579,-50.298973,-28.066317,6.810283,58.442795,42.508625,-27.387802,33.580505,-41.196285
31.987171,12.69519,32.366203,-18.913414,26.123343,0.94728446,-39.501842,11.572233,-37.1571,-76.52419
-13.738691,-71.854256,7.8469706,-7.5287037,50.031002,-1.3104694,76.20204,2.8252692,38.07693,11.924721
-15.684847,-49.148945,-15.585557,-23.083559,54.191875,14.312227,59.89375,-3.776118,55.845562,-2.8018641
-14.353181,-37.60523,-5.0155897,-48.758694,28.064762,1.6269252,51.743835,-38.89576,44.16759,28.29522
-46.00285,-19.720915,-83.12402,-63.371708,13.352952,17.461988,-23.83223,-5.2641125,-42.65037,8.093438
2.990477,-37.54728,-50.60772,-80.09162,-56.92947,19.261118,16.448467,0.8613215,-47.142082,43.553833
-49.223007,-0.74543095,-35.362423,-24.380005,-13.807706,45.440166,44.332882,-18.032663,41.47985,-38.860523
-10.243999,-55.45104,5.6159983,-11.607105,8.879887,19.733664,47.422752,-44.569942,79.8786,-38.72566
-10.704881,5.7317657,-27.227884,-27.32774,13.215576,34.22426,27.239208,11.136116,56.1608,-63.630386
14.4075,27.94569,39.950287,-19.347298,35.81709,-30.329613,-4.5540752,14.676771,-29.07246,-101.21073
15.962243,-42.974087,24.81618,-20.5388,49.59796,3.0104673,21.63233,4.399659,63.692783,34.803318
-8.346529,44.03595,8.01649,-36.616264,2.326213,10.210555,21.61921,2.6881194,-20.265959,-58.75248
7.8112445,8.53454,10.791263,-29.955729,23.2287,-52.16341,-30.558233,59.041866,-7.5008817,-85.34592
-37.47008,48.28319,-58.67933,-53.309193,5.8921914,71.19237,46.73956,-12.976614,31.253801,-48.227486
-1.6084422,-33.259525,-54.818527,-77.95467,0.73487437,-6.728876,25.173325,5.6965036,-43.036762,7.342117
13.617898,23.81873,11.940508,24.56311,4.5348945,-28.644821,-42.584137,3.1047485,-5.074497,-82.00248
-48.33988,-41.30632,-40.698112,-39.66773,-0.8539553,-14.832677,-26.12024,-7.582387,-25.376644,25.966663
-33.831406,20.00228,-30.292389,-27.900606,39.133472,42.642822,50.551037,1.0406755,53.57973,-54.28751
-10.480302,-42.69894,4.059162,-2.0100076,-17.953983,-47.66027,21.064224,-43.85142,-16.140251,-14.22248
10.678856,-51.416836,-10.101503,-27.242483,-34.395138,25.772083,40.552162,1.7046475,-66.71881,63.88205
-12.060543,30.480108,-34.616173,-55.667625,-74.31253,24.972294,27.41125,14.090728,-0.6140505,40.793186
2.8062077,-1.3695984,15.548097,12.064273,8.723987,-49.460476,-45.25184,-6.8752685,-0.06144157,-57.814384
41.785625,-0.3957577,-69.66922,-56.809067,-35.33727,2.655226,35.399643,1.1708622,-67.01809,23.61509
-36.542233,-3.2512736,13.901376,-2.8863835,31.808254,-36.57595,30.952581,-68.67053,-46.041733,-41.673668
-17.802052,-23.33247,3.4717228,-28.22293,-29.772762,-50.70066,16.403988,-3.8482118,-43.559963,4.3637805
-27.926472,-28.69838,-48.582005,-48.533836,-33.093834,-31.298532,-28.448996,27.94012,-54.266956,44.095062
-0.45561534,-13.30321,23.511671,-3.214501,9.965476,-64.13108,-43.087936,-8.837825,31.649555,-56.275745
-61.57695,36.670574,-27.773787,-50.63574,-6.564044,65.47087,32.270885,-15.184569,47.004326,-34.49773
-48.894516,-59.004917,-20.548435,-12.834352,51.26836,-9.672489,46.180595,-29.403404,49.4283,5.484933
-33.063168,-27.227695,26.757385,-5.367571,49.855637,-56.053585,39.45224,-50.8298,-20.444706,-21.670773
-29.18076,-32.652813,1.514193,24.198032,-17.627253,-61.935905,56.99419,-9.703554,-4.302603,-21.822798
-36.18506,-48.052616,48.248085,-15.600381,13.618452,-69.914986,55.000614,-16.059946,-29.136639,-6.7690873
-24.324408,-50.486633,-22.726501,-29.046055,8.957979,-22.27333,19.582655,-62.07848,114.4007,9.089077
-39.776302,-25.01378,-12.642758,-22.523727,1.2331122,-77.93398,44.678364,-26.316374,-55.67013,-52.89747
20.495079,-13.291521,-36.942947,-25.521576,35.66453,14.989645,16.452152,-32.20403,-65.33627,68.89898
-49.803,-13.894245,-32.997982,-20.959263,3.9906168,48.98066,27.66436,-15.746459,32.202816,-45.794323
23.61767,-8.437863,1.7825115,-11.069717,-5.203729,-30.357779,-52.468708,22.466383,-12.778346,-55.418667
44.13652,-37.2513,-97.36789,-72.69224,-29.887886,9.174132,35.409786,-16.88822,-11.310428,14.276046
-14.314689,13.174375,-25.58761,-94.85315,-16.084293,-5.60201,-0.12593897,-25.334393,-70.03523,-22.636385
-24.267466,13.9808855,-50.543026,-32.099155,26.744333,33.78965,36.971203,18.568314,46.092827,-58.645073
4.0118437,-30.285925,-28.012085,21.305832,13.44994,-52.68861,65.718,-40.42837,-23.168203,-60.783485
-7.8701878,-69.979454,-9.225109,-24.650038,69.02952,10.943756,38.847767,19.076853,68.43118,14.278324
-28.96639,-28.131237,-53.25822,-35.007164,1.3765782,3.6718347,5.946593,-28.786219,-53.91766,7.755322
1.1678364,-57.090824,7.1401396,-69.57005,-1.5026572,-13.613208,48.672535,4.258684,7.3638535,34.01608
-35.603985,-42.92973,-4.648126,3.5070019,4.974721,-36.51752,55.87348,-27.853767,-13.475538,-40.577366
-50.260403,-2.839314,-5.8188057,-6.127018,26.574455,9.979768,78.92008,-31.263973,-10.073823,-48.695335
13.289128,-71.8787,7.2830334,-15.134827,60.12837,10.218561,28.61536,-64.62797,51.610325,0.1669532
32.917698,15.371163,30.41531,22.280388,-6.081825,-1.7346144,-56.225548,-45.66648,3.2345443,-74.89123
2.9765463,-29.239325,-71.18957,-30.300941,2.7332606,11.371602,-0.7146759,-40.201637,-68.989586,26.770958
-35.85318,18.794561,-39.497334,-35.12141,2.1013103,71.465225,30.873615,-6.1508827,16.32996,-51.97256
18.688217,-5.1240478,31.133678,19.722324,-17.922302,-55.02647,-35.901993,25.888756,3.1421146,-44.045822
31.622427,-6.44216,31.88352,21.07785,23.36986,-85.60562,-15.787651,5.3558583,2.256742,-63.4564
-9.25968,-55.354294,4.517562,-0.55908394,9.503628,-88.98158,53.751472,-9.626328,-22.224356,-18.811527
13.1105995,-17.90432,-32.668877,-2.264641,-13.955262,-46.225056,-11.537469,-1.832033,-44.114613,-60.46996
-11.479988,-70.202156,1.4585288,-41.7845,36.010845,-3.399089,56.5245,-60.07614,59.67021,9.659214
49.868572,33.419952,4.844548,-28.034845,-18.688557,-38.471836,-56.801163,-32.848236,-15.203195,-87.29753
14.017716,52.948944,20.828909,-28.628962,-5.1373267,-26.23521,-41.572628,0.55906445,-11.217723,-57.918797
-43.305977,9.329254,-31.987095,-12.257823,-14.46036,64.86957,39.239975,-14.835194,77.6809,-25.568716
-18.552784,-38.825657,-27.884651,-2.6935086,18.996023,26.049227,59.22093,3.1262972,33.154373,-19.896938
-23.17729,-21.110708,7.755869,8.168288,21.731386,-47.093616,35.28618,-46.510395,-55.185726,-2.0598772
-20.113123,-62.04882,-19.42466,-10.507541,74.203125,-7.3390503,30.846241,-23.050066,70.58256,-7.702905
-34.299946,14.90472,-50.23976,4.794772,2.8224664,32.361034,17.7003,-22.783728,39.717457,-35.20401
-6.7167997,-28.870857,-11.326182,-16.125704,32.283382,-5.883532,54.73364,-34.602398,2.7014532,55.073433
10.041837,-38.818,-27.893822,-26.478275,35.675556,22.329704,53.339912,-37.114693,43.05906,52.270294
-27.434336,-9.266938,-26.66308,-24.576181,29.159784,20.046497,41.92927,8.765682,60.74254,-49.664486
20.396135,-6.04218,-24.49022,15.851739,-21.554148,-60.722073,15.074493,5.453846,-35.73953,-26.714888
-44.722843,1.0063072,-33.97242,-51.58757,-10.892685,26.168938,10.592374,-43.293755,-50.387455,4.6340632
21.855421,-25.843315,-17.245266,-44.465416,-13.129385,-37.829056,-0.21119863,-26.414095,-54.18117,59.434914
20.745481,30.601274,18.751928,19.452835,-7.288553,-28.812757,-24.990997,-44.284157,0.31517747,-75.9872
26.01543,23.8088,22.09911,12.715764,8.742101,27.629852,-20.201538,-34.40568,18.684536,-68.49318
-16.80881,38.917194,-10.426422,-1.0645976,-10.165838,36.350452,13.206161,-9.87073,47.43684,-46.37204
33.79377,-23.776817,-62.902107,-72.323845,-17.225365,11.499998,55.021378,-33.381447,-34.46499,6.35186
-26.953915,-19.283142,-38.2831,-60.55851,-2.747977,-24.67974,-18.577497,9.360289,-52.286003,33.638306
25.605206,-24.427895,33.64669,-5.030912,34.66626,-22.560555,32.552593,19.076586,25.410873,11.80666
-31.437698,43.59835,-55.145145,-41.267025,-3.2436497,33.41267,16.138514,-3.6873488,23.352167,-42.20404
-16.840416,3.6135156,-18.65798,-1.9396825,-8.261231,46.082146,51.53475,9.384865,35.783157,-47.734325
-36.640423,34.36775,-37.743813,-36.140514,15.453583,69.77174,37.43088,26.618174,12.774146,-63.847225
-39.70079,15.757518,-45.820942,-21.798805,14.563047,66.56536,44.710155,-20.95964,42.03117,-45.62898
43.870945,-2.8559856,-38.403366,-48.183056,19.582857,-9.836812,41.12982,-18.436888,-43.241226,53.29119
12.296288,25.134071,-12.040966,-29.978088,-37.363132,-65.388695,-37.39251,0.88557464,-23.858381,-60.13236
39.008736,7.162474,6.551072,-0.590368,14.300413,-49.38725,-47.160564,-2.8725026,6.590343,-45.699142
7.1015463,23.294086,28.64868,-15.582679,4.771302,-57.14865,-45.968533,5.910558,-12.730859,-75.33213
-17.442343,-39.476887,-54.990997,-33.19626,20.002193,6.4817877,14.25145,-4.106095,28.553514,-13.844575
-0.42792547,3.7906458,23.329357,19.391644,3.1071596,25.536894,-10.8113165,-19.986633,21.268568,-51.679012
-50.075825,-48.440704,-4.5914354,14.544387,-10.043802,-33.862392,59.531635,-32.290245,-10.541917,-54.09801
-14.579054,-43.703583,9.270521,0.26202965,-15.2549715,-55.470737,65.97639,-12.352787,-12.831169,-12.186114
-50.222324,9.50116,-24.017622,-53.43792,27.821556,34.436916,48.930347,-13.906487,30.359005,-8.025201
-9.682977,-26.007807,4.4309025,-1.5123297,51.65392,-46.35222,52.767242,-40.14073,-35.22397,-30.241308
13.888836,-0.50953364,40.79894,13.86539,-7.047857,10.284319,-37.293552,-27.9626,18.212112,-66.760124
-36.977398,73.19808,-32.976536,-47.148903,-22.6038,68.46321,14.80385,3.5271766,55.156982,-27.412416
19.091413,64.41604,16.853966,-20.02127,13.563084,-38.535294,-32.40542,-15.322558,-7.3464355,-81.34861
-27.552416,44.50032,-41.071598,-50.40779,7.4519506,53.439648,17.062342,24.641247,48.597843,-49.117863
-7.2312107,-63.85919,-17.841785,-24.411657,15.535276,15.823885,71.71001,-16.37069,56.861053,55.251312
-14.3627405,-0.2658293,-18.713133,-17.614084,42.61165,42.493546,33.30912,12.496002,46.78013,-40.164196
-32.501625,-27.060364,-73.12719,-24.915525,-0.53099823,-15.451173,-22.405088,-39.34387,-34.23535,30.864681
-32.017284,-51.72097,-9.771966,-22.701317,45.54143,15.324722,53.0627,-41.287483,54.27793,23.41098
13.283026,25.904894,3.446368,-24.02707,-21.064663,-53.104107,-43.768906,-35.466187,-26.809519,-113.288475
-22.885733,-34.815166,21.35963,-2.96945,24.886229,-25.987453,58.03054,-43.65347,-47.654488,7.067181
-22.827301,-42.78517,-11.316996,-16.418875,43.70068,13.160587,46.83886,-60.6063,79.38563,16.845104
-25.480223,-5.813985,-45.43236,-67.734184,25.444393,-17.64523,-15.416838,-3.648251,-80.30189,29.642273
6.6103954,5.511232,52.807518,-38.508343,5.684805,-32.40065,-44.593708,30.212904,7.615814,-76.812904
-28.79236,-73.34028,-2.6420054,-43.047424,20.74928,-18.604515,45.320362,-35.279816,62.317528,19.450073
-36.729507,10.01409,-23.147741,-91.83306,-20.739367,4.109722,-17.63282,13.242872,-32.29435,16.689507
-18.02614,-13.118307,-43.953587,-26.159714,-10.93172,62.468613,36.677525,1.3213689,5.990597,-50.793846
12.288217,-59.15505,-1.8199182,-53.82739,19.538225,-4.304736,16.207327,-29.181923,78.540344,24.427727
17.666565,39.940487,12.149381,-14.64441,-12.781274,-28.147675,-38.96814,2.1664515,-10.171853,-45.597908
-31.436638,10.426001,-27.975908,-17.712854,0.58185256,75.59237,36.922897,10.3808155,37.239586,-37.14503
1.3640144,16.336842,13.938993,-8.083891,21.985298,-75.489746,-30.788467,64.09839,-16.557873,-73.47586
-50.031906,-19.649681,-20.85259,-42.496292,27.987034,40.35927,32.309326,-25.22282,55.530003,-6.4823284
6.5733447,-18.21852,34.050465,-15.4967785,25.606518,-26.44205,-2.1429574,16.802883,49.51311,-2.4000714
-15.953533,27.8027,6.564535,16.273819,-11.926238,-27.48827,-52.192757,31.3434,-2.1844835,-19.012486
25.344324,-44.47229,12.966529,-50.7084,35.564335,5.5001106,18.863615,-42.942608,52.241425,23.602983
4.060134,27.352833,20.533827,-3.4135633,-19.591722,-54.365948,-45.323025,6.5263762,1.9077287,-45.900185
-19.1499,-5.244071,-0.104782216,3.7482896,22.572657,-50.195522,59.112663,-56.759277,-6.4002066,-29.645487
3.0920925,-57.80711,-6.9139333,-49.261097,50.472965,16.83097,14.545003,5.499296,83.04356,59.235214
7.2246675,45.12427,24.204521,-4.4208727,-5.4920974,-16.34798,-13.372381,-7.6934795,-18.469643,-92.84622
12.155732,-74.9198,-20.73625,-18.065048,25.84798,21.334862,37.539394,-11.450091,104.41666,31.942863
19.970245,23.46265,-22.12369,-57.779755,-28.856829,37.29782,62.61483,-22.018244,-81.12112,68.02273
0.5405516,2.7791293,-44.556873,-71.96374,33.34421,-17.339502,-5.3671465,0.18461137,-94.68232,23.215887
-6.8599834,-78.310455,-5.9451823,-36.40013,25.720762,0.29284072,31.557114,-76.13508,85.83517,-13.380962
0.3100386,-26.190363,-51.94812,-22.405111,2.4721773,-14.966702,2.1912289,-11.314993,-19.94206,70.340065
-53.22867,-68.940895,24.207958,-60.850037,82.35872,-17.702232,35.025383,-22.407696,32.768196,-6.3787074
-16.343103,-38.477207,0.5435504,-59.09109,-12.152256,-68.67447,24.693302,23.406702,-14.87518,18.416819
-19.360605,-41.12999,-42.06259,-66.97085,-48.35074,-13.795174,9.975379,6.983828,-5.3215137,14.740503
-37.391636,-13.301734,-21.720488,-17.878145,16.934963,35.508293,47.85777,-43.356297,85.58273,-23.338701
-28.652218,46.98776,-41.925034,-38.066208,-1.0945263,37.309166,35.133984,-17.205917,51.59623,-37.124626
-2.689743,39.775913,-8.328162,-11.338839,-13.582498,58.898808,15.088382,-23.773235,32.85202,-31.183573
-22.65837,-44.97505,6.375355,-15.003114,-31.610706,-80.82687,68.743866,-5.9733214,-49.97328,-23.82717
-21.423254,-47.537575,1.9925964,-32.05035,27.8879,3.1019351,72.701866,-22.760138,51.085285,8.5141735
-26.087288,4.503103,21.702026,-26.587542,-28.43235,-1.9414157,19.409317,-19.651182,3.173573,-56.30508
-0.10115426,18.336979,-12.01228,29.347935,-20.915754,-39.111694,-28.889677,13.444723,-4.861177,-28.594448
7.396244,-28.850534,-39.852993,-55.879173,11.126438,26.443657,1.4222966,-29.589895,-52.52076,30.681868
-2.568049,-39.385777,-23.48029,-45.361294,-4.60807,-14.350658,16.427477,-6.2452087,-9.174606,58.839783
6.79627,40.87491,12.404647,0.0048447847,11.451984,-24.593596,-10.83078,15.085318,-13.346073,-79.997
-32.112522,-64.23025,-45.148857,-30.954979,-45.846645,-16.935797,-47.38528,3.346002,-28.013912,6.3623476
-31.720066,-48.691372,3.7243836,-10.074546,33.848297,-38.024616,50.73852,-99.70064,65.40024,10.860334
-30.411304,-14.75114,-23.076185,4.7518353,4.2624364,17.836788,59.13241,-7.8249235,8.4077835,-57.951645
10.515017,12.518304,46.913414,18.020073,0.14944017,-86.66525,-15.347289,11.440599,-14.947299,-65.275055
-28.612068,-18.836441,-51.221077,-25.24998,13.527714,23.275007,42.160267,0.29845622,62.78164,-0.4759691
-30.780262,20.341972,-34.031628,-23.611889,0.7261822,36.39157,44.108032,-0.25479606,73.10639,-61.913795
0.9470544,-69.66718,-3.3695776,-28.539568,26.806656,-11.993506,65.23789,-28.017159,53.786995,18.182833
4.136918,34.21078,30.806004,4.8902807,-0.8975605,-54.062923,-7.7359533,18.990551,-28.019705,-79.70452
-50.75914,21.02562,-28.086449,-14.788771,-6.854218,60.145157,16.393545,-16.193756,76.897644,-31.10157
8.688335,-100.5223,38.157764,-21.068586,45.41068,-7.4519954,31.9558,-0.028644223,68.70396,-15.990676
-8.228695,-63.431324,3.6686857,-24.734913,62.48975,21.864758,54.264545,-16.599274,87.71003,42.641506
-64.184494,16.261795,-29.696138,-45.007984,17.127668,50.975483,33.839836,-15.502707,44.23718,-31.652283
0.62451696,8.910143,7.557829,8.551201,22.020967,-60.163788,-13.342816,-44.52228,-24.048847,-30.931158
32.299137,-7.873389,-32.578243,-42.05098,13.108117,22.751026,24.573456,-38.187325,-60.392406,54.620544
5.8443036,-60.59859,-4.2184258,-47.12478,32.870625,-1.0656668,53.2666,-33.980015,67.74188,22.494621
34.410316,40.136948,1.1429536,-28.868452,-14.416425,-44.66226,-59.085594,-27.586885,-15.132239,-73.64855
-43.05985,-52.921562,8.757356,-1.742306,16.0856,-36.901947,49.809505,-22.802818,-45.281845,-15.480436
2.9125757,-57.16229,-17.468786,-34.496597,58.190823,20.845917,14.412078,7.4890456,73.61511,36.670578
-36.69995,-44.58325,10.50246,0.9146037,30.068695,-55.079735,41.346016,-28.651157,-20.173672,-30.598394
-5.544385,12.426024,44.19295,-36.595177,1.3848292,-31.520992,-16.160568,40.182045,-28.348925,-67.36798
-56.076508,27.010363,-34.5492,-35.670277,-6.5616217,42.27189,54.23153,2.6842678,65.40449,-38.836098
17.319332,-72.19234,19.590364,-24.590542,31.582792,15.638805,33.16347,-44.707855,52.739944,21.658354
5.719867,-53.438602,-9.295381,-55.14957,31.538046,-9.191331,22.723213,-34.626373,86.76948,29.887684
-0.26365128,-80.76449,-19.031025,-7.550073,14.988629,-2.6268387,10.592941,-56.872116,-17.343628,35.279175
-6.7707396,-46.559097,-5.6791844,-38.423786,-31.682024,-36.81886,13.256641,-40.29319,-19.112799,30.275482
-52.01422,36.54248,-36.00684,-50.54268,5.988149,58.948715,8.145688,53.019066,50.175575,-46.385605
-7.5427165,16.573385,4.3725834,11.670428,-18.545012,44.869694,26.840178,-52.508106,29.719158,-39.956722
-35.403564,-31.540846,-2.1613967,25.201382,30.216208,-31.977377,50.0748,-31.65843,-24.985365,-19.608082
-3.7940507,-44.208908,-37.58934,-7.041473,15.694311,-26.13517,-3.4589534,-49.293716,-50.740944,35.756714
8.08773,-12.110317,53.935154,-12.35495,7.1474705,-24.287413,-5.9333506,30.006664,-0.1787855,-81.86538
47.521275,20.964087,-17.613377,-40.345436,5.525925,-24.716469,-59.048164,23.914293,-20.63869,-61.578457
-51.85203,-66.29083,-36.959953,-13.519623,54.12183,-9.391808,21.820688,-37.157482,61.895176,-26.39336
-41.465965,21.627964,-36.043163,-16.463646,17.534655,27.261576,49.71168,-12.901238,30.3453,-43.325096
-31.651419,-54.115448,6.712796,-48.578293,40.031475,-8.441702,32.033875,-20.96063,67.56881,9.196327
-7.6293983,-24.83151,10.984024,10.4383,-13.054874,-49.5493,53.575222,-37.92992,-6.9079204,-9.434236
18.05518,-70.09872,-4.4956465,-25.959171,22.921741,8.477156,60.758694,-41.000923,56.16926,4.8983693
24.350075,17.13819,48.77808,5.253476,28.48072,-4.806069,-7.98084,-1.3293747,-12.190046,-88.67129
-21.970123,-45.705612,-13.550004,-0.05692425,-26.07139,-69.901474,62.785812,9.6776,-26.438175,-34.795456
-45.781475,31.696424,-33.60444,-51.422733,5.5200934,50.488976,48.372166,41.231945,65.12185,-43.970108
-17.541864,-8.91859,10.492553,16.154682,15.954446,-31.575888,59.573025,-60.46256,-79.52896,-12.866872
12.610048,19.268496,-65.77338,-58.737736,10.025453,13.108154,21.092028,-10.341495,-74.16343,38.57199
-27.262814,-42.881847,-15.34084,-16.323442,-0.104766205,-66.69167,61.54204,-48.1909,-43.236633,-53.37737
-23.784664,21.481264,-30.973946,-38.34911,1.3249279,57.69572,41.997803,3.7339354,14.198689,-57.14398
53.694126,-4.868637,18.159908,4.0188336,6.251038,-38.80731,-46.944992,15.312936,10.895393,-34.623123
-23.425652,-54.450794,-42.855404,-51.881924,-43.35608,-47.383904,-21.67625,20.342897,-16.806921,-1.7321516
-36.538387,-30.513582,30.01307,12.801074,-11.16031,-58.123024,56.19369,-18.666155,-33.068207,-17.580563
-36.237823,-0.43228585,-35.125847,-14.067519,8.152919,76.81388,42.730755,-8.294203,47.601906,-46.862736
-14.955175,-33.196377,-28.889801,-43.18864,54.748623,6.1291075,19.80562,-4.39192,81.82029,24.370506
-16.511118,-36.751835,-1.5213959,-41.714256,-16.511854,5.8600645,1.8659277,-23.5295,-33.260372,76.508736
-1.9456649,-4.9231935,-64.34786,-28.097208,-2.815532,6.850705,1.4334068,6.8712664,4.606483,25.992971
-20.676916,-48.218933,5.8970747,-10.226655,-6.945649,-79.58416,7.784024,-0.8369334,-23.36482,14.321236
-52.779606,-53.568077,-3.2775314,-18.13688,42.035954,9.289471,68.783844,-47.575592,85.78211,40.988556
21.460161,-45.210224,-5.7701483,20.58688,52.83875,-60.400406,37.838913,-59.763542,37.76338,-47.323288
-14.348676,-62.08077,9.467776,-40.57987,25.664677,-5.9262953,11.396937,-28.459076,89.00917,43.29384
-44.86193,-13.165356,-19.738174,-62.90515,26.117357,2.5395555,1.5834072,-13.048519,-54.028694,35.545853
16.774914,8.119445,36.82428,31.502655,-19.070507,-94.07702,-37.095066,-1.150358,-4.165942,-51.909992
13.925894,16.90646,-57.171936,-81.61635,23.731056,-3.0648572,60.689377,-29.856157,-104.361336,27.439728
-62.173225,-46.53856,-8.19588,-13.201955,19.65471,-69.95826,-15.1839905,22.662397,-27.492132,11.056807
-26.118765,28.976963,-43.87069,-34.05335,3.380651,18.747314,55.290543,-14.8066225,44.56268,-56.786648
-7.531652,-11.270777,-50.632393,-28.382477,25.882723,2.933294,3.0054088,-8.953069,-77.026535,64.95916
-17.349573,-39.35781,-65.440025,-41.39515,-12.524006,24.461369,-8.113023,6.693161,-47.259937,12.718794
5.139707,-91.07742,27.271357,-28.006565,18.500818,-21.258505,30.569794,-35.89226,74.781166,-1.8884474
30.02799,17.523573,58.3625,7.238057,-23.235998,-17.039217,-30.431452,-8.193374,-18.724995,-80.62247
11.206026,-0.36003235,-24.746014,-55.885242,-2.6374738,-27.340427,15.543107,-27.84905,-55.88843,42.946
29.13549,-1.8098475,-40.87023,-62.66753,-27.335196,9.177055,33.50034,-23.194199,-57.24958,33.238594
-46.46204,-6.3665175,-71.76034,-32.494534,-26.416336,31.15881,10.413361,-0.32708198,1.338299,27.685764
-30.373247,31.536932,-38.14332,-15.157306,-3.2133684,71.798164,36.76853,-30.073193,61.492233,-29.049988
-14.601622,-59.81058,-22.20105,-32.73681,3.1664186,-43.443638,33.950783,3.9664168,17.683426,35.492744
8.680625,-31.43298,13.245805,-15.392603,37.45381,-29.920462,4.4701347,-31.130932,68.368645,-10.375159
12.691923,-10.862189,-38.993095,-5.1229124,-23.016823,-73.21727,29.841326,2.0627954,-18.712967,6.500525
14.190203,2.7663713,-34.953682,-41.75509,4.355949,26.482994,12.305513,-28.720612,42.111954,-19.108242
-29.457499,26.927336,-42.04643,-30.339909,18.894562,28.193626,43.04223,-20.891361,43.2424,-55.198166
1.6134199,-13.780724,4.1917295,-37.2528,29.280313,-24.613253,38.83792,15.735165,34.757652,2.6028814
5.170999,29.485651,10.674587,16.815525,-0.1141105,-32.496525,-49.44615,19.449522,2.5291164,-20.362434
-3.611879,-70.83936,-8.17401,-26.97992,14.676062,-3.817166,59.618237,-17.119799,47.73051,44.751
-17.878538,-25.122671,-71.9413,-38.888115,-31.645823,15.972263,3.233029,16.30378,-4.6230755,22.013111
-2.9266155,-43.37531,-32.673656,-34.523556,21.406633,5.941189,43.461357,-24.029402,19.281452,37.869953
-28.83184,-67.2276,13.106872,-28.563482,40.092915,-8.936686,48.272793,-29.450775,48.081383,4.8026
2.684534,21.362959,21.193499,7.2639017,1.8507932,-65.918846,-26.705677,-14.134805,2.3602796,-62.285656
-23.520773,-43.625805,14.114795,-0.9554456,40.790394,12.446666,34.095715,-16.887535,66.91805,-17.883335
-20.840176,-98.010345,11.779279,-33.38566,30.049269,13.594901,38.061195,-86.11565,85.4696,-7.261767
-22.195274,-16.98184,-81.90127,-66.02449,2.46541,4.605006,-1.5965546,-16.310043,-39.259933,-15.369952
11.890185,8.255267,41.41089,1.3456187,25.531878,-68.93501,2.191945,22.39344,-5.2948403,-84.20223
-14.215161,65.301765,-55.659958,-29.835115,-11.578883,60.14559,19.46626,-14.932214,46.69792,-24.735613
-33.248962,26.399176,-49.987892,-26.40136,13.463777,29.202906,44.648804,-3.474355,25.433079,-41.95886
-25.232698,28.800934,-41.90972,-23.028255,9.836086,54.492493,43.135086,8.887019,53.255905,-60.53886
20.361126,35.707718,14.288071,-0.41621384,32.98554,-73.03295,-33.296284,48.1021,-57.66333,-82.64244
72.10219,-0.4537326,10.118175,-43.147873,0.092598796,-5.407587,-41.427044,7.1120434,-13.702688,-66.80569
17.65872,7.69154,40.21812,3.0639925,-33.815,-32.64251,-23.314373,6.5037985,1.8723567,-51.080738
-45.149216,15.52633,-31.496996,-39.048534,-12.984827,45.91377,31.30589,10.976535,42.76356,-56.581703
-14.266975,5.7238894,5.232501,31.53526,8.357659,-3.7173324,-30.350197,27.659948,-6.6864343,-44.809753
-10.358434,-10.535451,-17.312351,-1.8068324,-31.352434,-59.40817,41.649487,-0.3694027,-59.013638,-24.612722
12.198976,-33.49375,-22.037167,-10.55563,0.11267102,-48.128315,-13.462731,11.866531,-48.24822,-41.320038
-46.611324,-3.1091127,-32.835346,-12.115861,-10.360083,72.23418,31.645824,14.901443,43.306362,-44.000675
-42.671013,30.040457,-52.583687,-42.79356,5.821094,66.80774,39.59939,9.3744955,23.637672,-35.888412
-13.793729,-27.630396,-6.887,7.4388313,39.70798,-54.724552,55.302185,-35.22963,-20.50369,-42.667892
-15.023657,-22.179638,-31.654903,6.404667,1.105493,-77.27351,72.86681,-27.006367,-28.090658,-33.475727
-48.3342,-67.8718,19.823164,-9.730605,78.67723,-1.093622,51.29366,4.009969,59.80168,22.000658
-19.514305,-32.867294,-8.632816,4.8927107,-15.689979,-74.02008,65.9903,-5.1332016,-44.753273,-40.565136
-19.761967,-64.12028,-42.89511,-4.21433,32.94631,15.907434,43.691994,-42.885838,109.944786,49.28745
-49.576458,-9.602025,-33.51017,-23.182447,-5.9601903,27.010954,31.466534,-47.374603,-35.14816,7.7072244
-25.73513,-38.539337,-27.378025,-77.06412,-6.1553283,-2.9563754,-11.4669895,1.0791055,-42.036644,-15.301225
8.234015,-2.567662,-44.0444,-58.961216,-19.230434,21.681139,-2.0353262,-3.2371876,-20.039751,16.681494
49.568836,-24.134064,23.696026,4.1117826,31.403591,-59.91038,-25.728865,-14.456451,2.9401522,-95.406975
-57.67286,-12.103369,-42.564903,-32.23661,2.5969586,42.883667,23.712059,-4.8796163,73.07796,-36.233242
-21.885916,-5.428342,41.820522,-29.544813,7.903999,-46.666653,-12.881934,-44.955456,-10.326041,-59.916214
-19.41309,-3.4649525,-28.364977,-33.11689,4.781746,37.777275,26.55931,18.440895,60.532272,-76.40219
-15.309588,-33.16214,9.52513,-8.339817,20.700579,2.3011858,65.060234,-5.2754335,51.042614,-14.3073225
-14.642904,-8.086807,-8.976872,10.014478,-3.1707263,34.28052,23.273996,6.5851645,55.1407,-66.66176
-52.96309,-2.871176,21.63515,25.626743,37.673595,-23.716427,61.292892,-37.164772,-73.486465,-6.35611
16.273087,47.71532,18.87294,-22.957306,-10.728519,-39.019962,-43.89759,-7.186201,-6.0825644,-74.8047
-28.320494,-71.15404,-19.44064,-9.245093,73.171715,-30.928492,16.124321,-24.885138,88.010864,-11.257085
-65.88398,-26.652752,57.065086,11.500283,60.559155,-70.91225,32.822155,-46.223858,-23.377247,15.012985
33.77847,16.904064,38.715603,9.509721,29.393036,-10.680939,-45.15353,-4.8007812,-38.358055,-91.819695
-7.662993,-23.785894,-76.04097,-37.05514,7.0640154,12.847639,-5.831867,-29.60792,-53.272823,42.627182
2.7826147,-16.666525,9.767691,-12.708967,30.215439,-54.271503,51.3421,-65.4873,-36.83249,-26.188501
-29.721794,9.943174,-46.57639,-56.178814,-12.492161,5.0281734,27.927998,-7.4695415,34.741417,-22.785156
-43.57872,13.968786,-29.266079,-49.351196,30.64656,52.85847,18.28919,31.938961,42.40995,-71.47183
26.988361,-24.411085,52.24115,9.994245,9.661084,-52.274124,-13.0270605,12.287662,27.485516,-60.12644
30.49831,1.6778075,1.7376125,-13.434742,2.941311,-23.576868,-47.296947,15.844873,-16.281065,-64.20119
-32.37512,-40.10901,-14.885138,-17.845757,32.887157,6.3882084,50.64557,-11.316126,41.702923,-12.902356
-33.3437,-55.15012,39.91107,21.250454,37.873253,-25.260273,45.065273,-62.80423,-55.739155,-36.40047
-36.560326,-31.75265,-3.2314332,-63.065628,-35.327282,-21.693308,-4.5234675,-4.449064,-40.0348,28.309143
-11.336683,-57.579693,-18.855022,-29.458757,-28.46635,-45.22421,-8.087745,-27.93726,-34.15641,16.76355
-38.136013,-8.545839,-31.026434,-12.054163,22.345592,53.347057,42.945732,-0.8791154,38.200237,-51.684597
-55.284252,-37.16502,15.895131,14.104619,19.29854,-60.38092,49.93439,-37.053036,-57.64664,-31.107004
-37.59185,-55.865967,8.788785,-3.3262937,23.658422,-99.36539,30.729774,8.281062,-6.611771,-3.452695
-12.839257,-8.138661,21.701714,-7.2649245,-35.52031,10.442403,-21.560877,17.13747,40.631363,-47.356796
-29.641125,-35.442318,11.195959,-5.928701,11.330127,-63.805122,47.24812,2.8365693,-40.92071,14.042685
-49.978516,5.1301312,-14.450058,-38.81881,-1.2741592,68.64742,26.053709,8.959441,41.97065,-56.31067
-25.315533,-54.503387,-23.107342,-31.98987,16.481379,-9.538637,50.153294,18.360016,4.012094,4.9982867
-36.302242,-65.85091,-22.261517,-36.153442,13.165589,-7.357793,14.465596,6.6815596,1.5651913,15.15592
-16.212734,7.5644245,-6.957847,14.290556,2.2395344,42.325634,8.381429,-25.753988,65.03626,-43.08984
2.7306056,-52.6794,1.4450521,-25.25575,37.628567,-5.3353214,43.229313,-46.18813,70.7145,17.040298
-40.18533,23.428322,-45.3147,-10.619527,-5.6076097,52.224525,33.866814,-20.752312,71.31964,-26.983477
-1.8414763,-70.13674,-38.72983,5.129064,-40.008163,13.920598,-0.8165798,-3.9495347,-44.34546,46.78351
-53.431057,-28.67184,-53.05073,-30.376612,-7.5505495,-0.35571218,-10.737968,-47.20112,-22.222795,12.979293
9.069278,25.345407,20.035227,7.944312,-4.4590416,-54.786846,-42.324596,1.8734635,2.7560663,-40.404667
-30.367548,-86.00728,-13.213196,-16.415205,6.60745,7.7442408,62.184635,-36.024002,38.645454,38.613056
10.941906,26.765879,37.371624,14.626954,-22.621767,-55.629948,-51.566406,-15.368453,-22.338493,-58.31801
9.281768,29.834373,35.986267,-22.714024,-10.870054,-35.36108,-51.13599,25.745718,-3.8264203,-31.229584
51.015812,-8.79753,1.5641229,0.5684333,26.57906,-16.349749,-40.936768,29.489403,-16.783424,-72.01672
-18.66463,-26.481623,0.8876343,4.863327,-7.300466,-53.572525,60.44495,-76.10952,-55.812275,-33.577957
-42.86524,-39.388226,2.1659641,23.878227,22.432693,-35.76079,43.049133,-46.26963,-12.799701,-45.451004
9.871007,-19.752625,53.156734,17.239052,31.698004,-26.676128,-7.902265,31.54442,2.5101252,-80.157906
-26.370493,-3.797667,19.32728,13.859064,-11.11363,-69.82923,-25.942621,30.365072,-9.304155,-100.516594
-9.290347,-34.127098,-19.31039,-29.833628,44.474987,1.6188889,50.064964,-8.423196,68.47754,0.2794472
-4.0466967,14.234744,-8.195422,-28.95539,13.3912,15.691671,47.215157,18.484438,-32.56509,-82.6242
0.01572442,-61.502083,-20.01895,-12.053703,-7.218706,-70.60076,66.73152,1.4798379,-49.23851,-51.952286
-68.4042,-6.547322,-23.667835,-22.275213,10.451065,45.003,26.180656,-5.7843,70.89965,-39.12284
38.558956,10.061246,-4.641644,-8.349516,18.671545,-27.43462,-38.03984,37.074898,-10.627252,-58.223763
-3.7314615,-40.981186,8.967064,-26.591928,46.508373,-6.7392073,38.27366,-33.650677,58.532,9.337608
-32.01636,-56.13595,-0.8484457,-59.12112,4.9279776,12.906918,17.275978,2.0621793,-22.68046,28.364302
0.62435305,-58.967304,-22.655527,-36.40221,2.7889361,-0.104134485,37.414326,-8.63448,79.56028,-18.73828
-25.439455,-57.46355,-25.387793,-11.949859,34.10344,8.329428,61.670597,-18.266415,51.770287,20.666462
-72.25115,-63.27106,24.607077,-11.460026,73.95324,-11.340636,51.222828,2.6938186,48.807735,21.338182
-37.176445,-76.66045,11.396308,-27.20338,18.515009,1.5905073,58.50183,-28.798193,78.06292,54.440735
-37.331104,-49.396168,-8.998384,-5.1984005,24.545855,4.4292145,64.32353,-18.655794,82.67974,9.090074
25.641554,-23.480822,27.813044,31.628468,39.925667,-56.263195,-33.33532,26.602608,9.230299,-44.002655
-7.603271,-41.98481,-15.886786,-1.5538257,37.890476,-2.3572214,66.11971,-3.8220003,86.69332,23.056889
-40.909615,-26.729166,-56.966434,-22.937798,-35.893723,14.7492695,-2.9703324,-45.579384,-61.036766,17.916237
-13.599435,5.6345835,2.7330284,-7.6159143,-30.39427,-60.929188,-34.498417,-6.0561366,-6.7057853,-112.44987
-62.747627,20.092636,-35.478275,-26.523283,2.2963343,22.626513,48.67724,22.374296,23.5637,-45.804893
-22.704237,-4.6216354,-37.747467,-72.420166,-12.008783,-17.98949,-7.817015,0.7849291,-54.943245,36.547096
37.45678,17.591124,26.09657,-21.79799,32.529087,-10.679763,-45.37056,18.423807,-51.60912,-66.61871
6.4726267,3.7216256,2.2723343,3.47865,0.3751725,-43.274853,11.354499,-13.886272,-56.324432,-13.5611515
42.719696,-10.960224,12.349389,8.602828,14.39827,-33.825603,-34.944168,26.428967,4.950829,-66.48262
17.901978,38.32101,12.9128,15.130702,-21.413437,-12.873767,-31.202547,-35.41427,15.130158,-82.49098
-15.8737335,-22.153046,10.137485,0.27957308,-14.276718,-47.44128,63.83658,-33.24885,-38.45696,-26.936869
8.787219,1.7287711,16.528713,-3.9645693,-29.091005,-49.229866,-20.783875,18.779825,3.3932786,-85.55066
-15.339434,17.688135,-45.921432,-47.95078,4.4270873,37.011086,40.593967,12.235705,41.683784,-34.228397
-18.2567,23.344284,-40.410057,-22.151243,8.82976,36.608612,41.56037,-16.36987,28.243721,-40.797855
5.4197392,14.947324,-51.067234,-25.654518,14.680418,-33.01232,21.061337,-2.9713287,-64.8659,67.5098
-11.040203,-49.93814,-2.909745,-43.619488,29.981192,4.1156273,12.871816,-42.31543,89.744385,37.15483
-18.36303,-37.340164,4.327483,-42.405704,-13.373786,4.6004267,48.207123,-45.704056,-44.742535,37.396824
0.5861935,-73.368706,-19.884544,-10.563432,19.646143,-18.936974,38.425026,-49.0879,28.482674,7.8782277
-40.42255,-14.706115,-3.3692536,-6.3023214,20.342783,7.524845,73.34693,-53.170834,-13.581845,-22.79705
-39.21824,-32.820335,-7.0316463,6.356712,0.9669837,-69.461235,50.211708,4.2464423,-39.654343,-15.319329
-11.350049,-23.248713,-16.471935,1.5952005,2.8288355,-56.313377,51.580242,-6.0189915,-64.94365,-14.110891
-30.005903,3.011576,-60.03933,-63.86652,-28.673717,44.85078,30.501486,-10.996104,-8.590775,18.684013
5.511333,0.9795779,43.079502,0.9204197,-48.727364,-41.804108,-17.549856,18.277063,2.895884,-64.934616
-15.976354,23.028723,-52.69189,-36.592632,-1.9972503,33.60313,60.030308,-25.416555,37.802567,-41.916645
-15.114661,-76.20276,6.3006325,-29.763954,57.025394,21.932379,22.060349,-35.324142,74.29329,33.31777
-38.8854,10.654353,-21.100124,-7.9063773,-44.387115,21.155243,35.795677,-14.665454,46.627483,-23.600435
-13.942232,-62.29228,24.845934,-5.4863663,36.86958,1.0340984,79.79468,-11.387102,49.181454,12.638223
-34.612915,11.809848,-56.974915,-45.99001,-16.454872,37.58725,-0.6244299,12.05073,83.528755,-61.56975
-10.612534,-28.59503,-9.860252,-5.0701876,17.971169,-66.24328,53.23697,-9.94103,-68.035164,-15.089762
-29.925768,-42.578484,-20.283823,0.23388124,-10.124171,-64.43964,54.427673,-9.820289,-13.159652,-29.264336
12.782913,5.588043,-16.574553,-8.70759,-40.04339,-42.752552,-17.951715,10.667718,-14.651686,-105.02881
10.456436,9.430468,10.802103,-4.6572757,7.0722375,-60.87955,-20.814571,39.81687,-2.2686903,-89.78256
-35.500362,-21.132683,5.3729124,0.73343396,23.869967,-28.820644,58.02644,-50.27919,-32.90875,-51.169415
-59.656433,44.161163,-37.628193,-50.7104,2.1484103,42.365936,48.803455,7.32349,27.723928,-8.505407
-15.556663,-44.872093,4.235302,-21.48477,46.265423,16.38212,45.306084,-41.92229,68.15017,17.020256
-30.308197,-42.68858,-14.470488,-7.5968933,0.59565943,-37.372158,29.035269,-37.29353,-3.4401057,-45.038483
-58.503864,18.06448,-51.32221,-33.94361,15.127445,54.00379,33.26574,-6.351657,49.7444,-36.23247
-19.758183,-27.904766,32.818264,-26.1942,17.620249,-80.90957,55.388424,-7.981218,-28.90159,5.8255353
15.950401,-22.909374,3.0476005,-11.887131,-23.98743,-46.0064,-9.939324,28.278105,43.334843,-19.718767
26.247732,19.307634,51.536224,-45.657944,10.190432,-34.64364,-4.0638547,46.683563,-35.548992,-88.525375
8.254805,-24.383844,64.54746,-0.9382309,-21.81754,-43.678066,-3.6225803,24.886656,5.3847213,-74.59819
-25.805752,1.2999054,-60.30045,-58.082733,-39.274273,57.27182,7.200552,27.934458,-17.285881,26.817856
-59.785236,-5.6558285,-13.529627,-42.018875,16.526777,62.68266,23.026304,8.930392,28.830814,-58.394825
-22.604935,-47.09968,-27.308004,12.59473,-23.24792,-51.41427,53.48677,-8.539415,-18.567816,-27.056845
23.145983,-66.1504,-8.383395,-41.726467,39.962803,18.85973,27.13549,-1.9877322,87.87521,41.201103
-16.273224,-18.763626,-4.757593,-31.37039,9.920793,-35.786667,45.151443,-58.67111,-13.02694,-9.568011
-24.875124,28.792725,-48.15125,-28.170074,-7.1883965,56.534847,35.987656,-14.575351,52.38068,-30.282238
-21.59311,-37.286804,11.631459,3.728261,-12.197275,-23.737198,18.49574,-16.134024,-43.435722,44.237633
2.791441,-19.62634,-0.04724682,-10.151768,-33.34201,-34.309124,23.891241,-8.898928,-47.803616,-32.512833
6.567996,-64.10655,-15.108361,-7.2033725,32.7515,-2.7819865,63.011173,-41.279106,68.77801,13.74498
68.99572,24.400198,-6.148573,-41.538452,-8.743805,-8.608502,-58.053993,-5.1401334,-31.224215,-64.02509
-34.934006,42.6872,15.273429,20.397293,86.09021,-39.433437,82.39931,-50.599117,2.8266392,-41.8743
-44.097015,-48.256485,10.169748,-31.866787,14.698877,-39.840443,38.164093,-37.024208,-43.592354,-6.3785515
-26.938366,-13.277584,-4.576225,24.112095,8.832232,-60.36481,56.62672,-6.2498636,-29.486813,-4.398688
-29.494131,18.863384,-39.283566,-32.68184,0.40896308,21.914078,56.270245,-1.2013694,62.0934,-59.15257
9.4050665,5.298719,49.623314,5.02298,0.33668804,-35.790867,-21.853281,12.705981,2.4136724,-77.42347
-51.192245,-7.6815767,-10.903003,-50.38779,5.4074807,44.496758,44.96309,-21.32351,29.373339,-50.942085
-30.183723,25.960005,-50.04492,-16.215437,-19.997952,45.41802,17.18085,-11.019596,64.62548,-43.85453
-13.651217,-2.3081086,-81.54501,-34.632195,15.858487,-12.6151085,-3.745003,-17.248615,-63.26988,38.884537
-40.248894,-17.330423,15.559245,25.709984,22.271418,-26.909166,39.263912,-31.983974,-68.332504,-14.147522
-25.630335,-67.739494,10.264737,-14.861018,26.160906,-12.163455,47.30438,-17.463936,73.84148,1.7245797
-47.984016,-16.364143,-15.292981,-27.194817,-9.672863,35.30966,41.224094,-1.2410686,67.20469,-49.698376
1.8030097,-23.414095,-11.526334,-48.24993,-14.904659,11.3603735,19.799084,-31.956123,-20.69205,71.044876
17.461765,21.537233,22.648779,4.717252,-45.740067,-59.29392,1.3402408,31.748058,-40.494484,-98.74427
-48.495426,-10.734219,-10.575937,-57.636265,20.50636,30.94376,29.415447,15.768255,22.961342,-43.215683
9.454389,17.055563,2.611822,31.375446,-5.8969493,-50.71439,-30.015495,-5.4240937,-4.18449,-56.472523
-4.176471,38.422623,43.63416,-1.9001242,4.30067,-50.820534,-37.20456,-9.490646,-0.40552273,-54.152843
-28.306078,5.8258667,12.073565,32.803623,27.567564,-35.909523,75.61192,-40.658752,-16.139252,-11.181848
-34.094616,-70.006645,-32.771202,-38.556107,55.809364,-44.14016,26.34352,0.6757274,67.00459,-3.6984205
17.25836,18.720974,-77.62618,-72.30778,-37.73934,35.501896,67.97708,17.789057,-68.36565,55.86504
-9.335055,-23.257975,-25.597076,-35.647324,-20.474953,-8.060423,21.313768,20.266375,39.6933,-61.507114
-21.581093,-83.8842,-19.048952,-25.563377,14.158632,-9.804728,59.272877,-1.4317755,25.89129,40.27148
-39.213593,-18.054361,-7.654181,-4.5915375,20.44917,-25.397943,41.904137,-37.613174,-42.58049,2.5942326
-24.314533,24.70986,-54.39783,-52.395515,0.48900828,33.621647,3.3439941,4.5834737,89.1751,-43.20348
-64.71351,-32.994553,33.579903,5.2420673,20.82996,-44.39601,58.07784,-19.958784,-32.546238,-3.7390711
8.632182,-17.724993,45.43359,-5.80125,40.080235,-23.737066,0.16797733,-4.546399,62.014977,-11.601138
-15.411678,-11.040478,-9.848375,-16.32535,11.74971,23.391987,61.839573,10.783284,44.362656,-23.303837
-17.434526,-7.0080013,-47.265495,-66.48147,-59.11225,19.65525,48.513325,-27.436375,-34.868435,23.396736
-37.049202,-25.584246,16.769285,-44.144814,1.0828171,-19.223825,18.679956,6.2701726,-4.6067157,-24.186085
-28.819794,-47.507355,-37.016556,-25.817686,-18.790438,8.112549,26.097149,-9.5937195,18.758827,5.0905757
31.706066,-10.115783,16.541843,-1.3936328,14.562763,-43.811543,12.701261,-36.622746,21.42006,-48.960102
-0.078415625,-57.48078,-13.671032,-37.780308,38.14878,-9.216976,49.771076,-21.608643,69.20931,15.207844
-21.878859,-54.973404,-25.060059,-40.553604,-20.468136,-35.142155,22.034094,-5.7268825,-12.103258,42.35106
12.228418,-25.279575,61.627327,2.7114968,10.33908,-31.600338,-0.8469352,30.474657,6.0366254,-80.64982
-25.1374,-0.574726,1.4898472,-18.025137,12.222162,-14.498314,38.385216,-61.394787,-53.504955,7.936477
33.962746,4.283388,36.437466,4.8616176,35.2365,-4.342024,-28.368176,2.424813,-24.102585,-90.7084
-44.42468,-42.832603,-22.514328,-22.701246,0.49159658,-11.514304,72.3524,-32.80735,25.284304,20.083363
-49.47808,-7.550778,-25.05605,27.453815,-0.33655345,-29.82237,46.073452,-14.523739,-24.945465,-8.867907
18.63562,-51.930237,-59.74013,-52.55587,-8.388079,-36.6465,-15.474643,17.949577,-46.62478,17.711147
-6.3022504,-46.705093,10.892079,2.8280754,-23.072618,-78.22397,38.5559,-22.033817,-24.848324,-0.92272913
-16.831055,47.3558,-49.413902,-59.565926,0.65842474,23.94527,20.56568,-5.108441,5.2136145,-17.685854
20.814466,14.905074,3.3359745,2.4377172,-1.9021311,-35.895725,-50.913654,18.94871,-5.079358,-26.326635
-22.525673,-67.44515,11.272479,-11.230835,79.25725,9.404675,45.62514,-17.365715,62.018265,11.399894
-14.478717,-56.584236,-19.394705,-6.3704348,43.026745,-7.325562,53.138237,-7.757299,65.469086,20.483147
-34.464508,-69.59994,-25.313652,-14.858818,62.711742,1.1514599,49.522587,-51.093334,75.09894,0.77505267
33.875435,2.3129942,7.9578886,38.482376,17.449408,-22.178923,-53.482758,15.451246,-4.7365847,-67.763756
-20.429268,19.199434,-50.255806,-0.73246074,-11.398455,49.607857,46.217922,-31.283712,20.955544,-54.896847
-46.622387,17.697699,-13.3284235,-1.3040162,28.165382,39.9359,71.159996,-14.350354,4.409622,-41.818195
-38.51064,0.09620586,-6.738294,-18.942368,34.631336,28.493484,66.95223,4.703702,39.7393,-47.655655
-56.135525,-42.064037,-3.1221483,-4.675787,-0.27003294,23.316702,59.427128,16.128677,-10.367343,12.390377
-11.841366,-11.934929,-31.962261,4.119175,1.1701907,-19.905502,76.16706,-64.464294,-38.18431,-49.428947
-56.030674,-73.19782,22.673899,-41.83421,70.26484,1.3847497,41.36321,-35.77428,55.219864,5.2525725
21.871517,-13.621075,-28.832327,-39.064636,-10.310559,-41.65224,-16.48206,-29.068432,-91.29329,52.113277
-19.938625,-49.660786,10.734003,-3.8941753,1.936309,-80.473366,37.82834,-9.5373335,-24.20089,0.7073635
10.958596,-60.49193,26.196049,-10.459001,53.16213,9.188184,36.71899,8.811857,60.079193,54.272594
46.069313,16.189974,42.104862,-49.774742,10.817312,-8.049781,-21.269602,32.5893,-20.07512,-82.06858
-31.413424,8.602237,-18.842478,-17.796919,12.347414,19.810421,51.534424,-3.5796175,-5.8578386,-70.12643
4.6616836,-30.775242,-31.336035,17.564259,3.1748543,-36.02007,61.79805,-41.28208,-27.215586,-59.912502
-45.45475,-21.51046,-18.66399,-42.030293,-17.015614,17.058424,-24.967705,-18.792553,-24.148176,0.081677556
-33.365067,10.672295,-40.054585,5.399657,19.083591,29.14105,52.659557,-25.85031,-1.0754719,-53.251778
12.072743,12.904837,36.57856,15.959796,46.384045,-50.632347,-18.970697,23.317457,-13.403701,-91.78541
12.951828,31.887342,50.2661,-29.475334,18.43396,-38.56789,-35.402,27.82584,-26.365099,-77.78614
-25.79636,-9.930715,7.510886,10.9026575,-30.100342,-39.170418,-29.808922,25.727444,-12.604831,-20.669758
20.814306,-56.398506,-1.2846107,-24.626581,58.58341,-3.6883185,30.746195,-31.749302,49.250237,15.153494
-11.704006,23.39123,-27.165258,-11.416914,-7.509651,57.757954,44.883247,11.831105,42.5763,-57.897125
23.358915,-101.67858,10.855771,-29.847477,12.025017,-12.018805,7.6370716,-67.87739,59.8994,-28.597252
-6.519228,-34.35519,-62.853718,-52.26367,13.6733465,-32.67323,-10.257203,-14.373433,-22.997038,24.665642
-18.729683,-55.041683,-30.511246,-5.7245975,49.952328,1.778503,49.76226,-36.07344,61.547363,17.117113
16.155201,19.015911,22.86466,30.23518,22.731155,-25.037977,-44.737873,11.960278,-17.595415,-68.82654
2.7381873,-18.285038,10.198518,0.7355423,7.4703374,-55.563797,56.852577,-75.56088,-53.196106,-12.613894
-17.70407,29.089903,-61.538612,-67.324486,4.3432007,6.4911633,25.133005,0.31181672,20.288303,-16.97252
-15.700701,-31.370277,-17.330324,-38.296932,25.43229,-26.52173,31.053452,33.349033,28.176817,-10.796971
-9.785484,-26.660362,-14.488521,-41.6354,34.155575,47.187084,21.190619,22.408293,53.82615,-106.56866
22.332302,36.10029,27.64783,18.562866,4.739364,-21.21336,-23.96435,3.714672,1.7799673,-73.07902
-37.79831,32.702713,-27.613184,-57.3008,22.768484,53.10949,39.59576,20.242582,45.393295,-59.613117
-40.358803,25.600674,-50.36834,-45.473835,21.804363,54.366196,21.812738,-2.4205985,58.373497,-38.50032
-49.70699,-11.2458105,-47.552616,-62.358944,-38.115,-39.163315,16.891432,45.053696,-36.890266,49.068504
-14.417485,-5.0806117,-63.48986,-47.59634,-17.773966,25.363932,16.027428,-40.44762,-59.11028,47.217255
-51.61844,47.489426,-73.92652,-32.758934,7.5149007,40.829105,24.401075,19.943441,54.039944,-32.34293
-12.103896,-55.102364,-17.001404,-18.677202,-16.006035,-90.663765,57.49178,5.789902,-31.576967,-41.974422
-24.435724,-43.308025,-41.149372,-59.39028,-25.858593,-17.195791,-17.427496,12.500457,-32.832226,16.192259
43.33782,7.6085973,-42.703102,-68.40372,-31.017134,16.179226,28.506554,19.386839,-26.859898,37.975014
3.7533808,-16.817616,-37.40798,-70.573425,-13.72006,-11.721088,7.44065,-25.356173,-50.320816,23.23846
7.2607446,-7.6721954,-2.644246,3.1299677,0.7081834,-42.698544,-1.498938,-26.91801,-35.62613,-44.94325
-29.16755,-45.345497,-53.11828,-65.152466,-5.8830104,-31.132929,-28.471579,-10.350152,-15.254012,4.2241807
27.515314,3.5464423,43.136166,10.309411,36.338184,-1.0219393,-38.822792,7.4582987,-26.05093,-85.509315
-55.814583,-15.780703,-53.980717,-56.435863,2.3904629,-6.796943,-36.824814,-25.330627,-49.43582,-54.501965
-37.463142,-50.941826,25.981472,-24.858679,1.356703,-59.510315,20.440508,11.523394,-40.441074,24.156961
-18.666912,-64.66072,2.461989,-15.377762,43.56586,9.802404,68.620026,-41.49744,39.928707,7.862594
13.418364,-9.973743,-34.24245,36.63486,11.964736,-69.09105,75.5255,-45.9227,-33.676422,-49.130013
-34.965115,1.7906054,0.7713375,-62.14875,-25.043316,36.687965,52.982574,6.3007803,48.97866,-63.921383
3.6760597,-106.01332,9.456651,-28.021328,21.071966,17.808924,58.763783,-75.010994,47.837975,13.349123
-38.47984,-24.03541,-35.19496,-76.75506,-2.3555472,-10.113358,-4.0934043,-3.4360514,-26.787594,25.586279
-10.660137,-68.78215,5.4409266,-34.926445,43.54749,14.072437,33.144367,-33.830986,41.65729,0.8401536
-25.706278,-29.669004,36.15513,0.05890608,25.684538,-53.472286,43.522697,-38.912346,-61.967506,-8.506369
-4.6744633,-63.648617,-29.226664,-42.510895,10.24724,-16.077765,8.820513,6.9392,-41.176003,17.512959
13.8438425,14.939469,43.29375,-18.821806,33.835037,-32.10471,-0.01947593,23.659191,-23.462688,-94.921715
-14.715879,3.1918151,0.83234954,-0.7765627,19.521547,5.571851,-6.359159,16.032393,35.793076,-60.38902
-10.132638,-34.532143,-27.436737,16.281578,5.421412,-52.16688,60.399853,-23.658348,-30.762249,-46.153866
22.33089,-8.976309,-4.062131,-49.08097,7.8974366,-6.155262,29.368475,-39.145206,-13.210573,61.155018
-15.539707,21.528728,-49.40188,12.917915,14.151357,30.951038,57.89008,-54.612995,21.481995,-48.206005
-47.620506,-58.42676,7.9954863,-36.104046,66.0175,4.9007645,62.19821,-37.79662,51.405903,10.542958
-38.923664,-24.671034,2.0356784,11.503984,16.755438,-38.40682,54.13688,-68.87902,-35.58528,-34.77529
5.5943336,8.636298,-26.592272,-68.81709,12.662325,-0.25859964,16.333214,-14.534526,-82.064224,48.87898
-25.9497,26.970184,-38.437546,-18.60577,-12.155291,34.913074,46.918358,-21.57909,62.22992,-43.508823
-1.2688893,-31.645372,-55.43084,-20.776348,-3.5457783,31.549809,15.176047,-10.381343,-34.243248,8.01798
12.475667,2.6646745,-39.1633,-39.29714,1.4874642,-20.443432,8.094422,-7.4689174,-80.57209,55.368397
-26.65736,-45.927658,-3.6678884,-7.172328,0.6195924,-44.5044,60.234932,-13.472742,-19.227785,-30.475565
-17.001352,-11.221503,-10.10154,20.765793,-3.006197,-42.132004,15.5203085,-31.427954,-23.871712,-24.628124
-31.914522,16.27389,-27.698492,-40.703926,-1.0514585,34.27299,42.35073,4.834506,38.964916,-6.2388673
-24.301134,1.1071411,2.8277957,-1.003981,-28.236744,-18.109373,45.102543,-20.065952,-48.16798,-5.256038
-6.6663184,27.099937,-68.98246,-97.14042,0.43552244,19.203342,9.608054,-32.78321,-87.93617,8.475099
-26.368458,-11.933106,-45.40465,-54.74093,21.529884,-40.426086,-0.09694735,-11.445878,-42.466194,31.11108
-19.026579,-27.665462,-21.58504,-39.1827,-35.68282,13.221716,-33.660236,-21.710886,-15.923,17.191797
26.508728,15.448557,21.27429,-1.7216787,32.112736,-69.46017,-14.313017,6.7337966,-13.404932,-84.04212
-29.891376,-65.375244,7.5994444,-22.117105,15.854029,-5.3058133,50.90826,-33.713173,53.161396,9.217778
-0.86862695,-27.677956,-49.26333,-13.35803,30.60258,-9.6185,43.21892,-34.72102,41.787617,16.120445
-9.785953,33.523876,-2.3347697,2.3668833,7.0589156,-48.102066,5.3632746,-21.480474,-28.528128,-59.190247
-42.187325,40.025974,-47.705566,-34.934647,3.4762354,65.25255,31.41555,32.598324,30.80302,-46.86732
-36.484207,22.552866,-45.02209,-31.28541,12.434124,46.68168,44.151608,-21.231464,38.871044,-53.720287
16.82478,41.161953,23.895664,-3.4101017,-19.510765,-18.878126,-36.820877,5.534768,-12.493238,-26.806576
-58.27534,6.893208,-36.285137,-11.39135,-3.65131,7.056328,34.009647,7.0995317,73.6804,-45.826126
27.580385,-25.916374,-54.15289,-26.971302,-33.83677,-18.477081,9.261982,-6.997241,-35.852196,53.16919
41.978466,23.922018,53.99138,-20.378069,13.809543,-2.3200152,-7.1350923,13.471841,-21.923138,-79.67309
-37.895123,45.05249,-44.96875,-51.88443,15.718252,48.93264,37.197353,-5.1367846,34.915916,-45.5923
21.961538,-33.47001,-36.7844,-46.02309,20.684608,-21.291563,2.6694546,-22.712439,-49.74316,52.74683
-48.46276,-17.87808,17.465517,-0.44595054,-17.881502,-42.75115,57.93979,-27.26251,-49.012867,-10.665
-9.665847,-85.37609,12.126899,-32.192745,44.165028,13.661253,70.43449,-22.802462,49.867622,26.715912
-61.28819,25.614315,-53.31615,-19.069397,-7.9118376,25.747591,19.53004,10.0522995,72.92065,-24.013187
-7.14897,-38.164375,-4.0754414,3.0034695,-29.922178,-51.579792,57.255016,-9.5658455,-76.396484,-18.048338
-56.9674,-66.63169,-21.396997,-37.68881,48.017117,-25.66434,50.325405,-19.308619,58.21837,9.318983
-13.643999,-36.95748,-12.227972,-34.895634,27.230742,-7.71891,27.427393,-53.580666,109.96056,11.480115
-27.901161,17.149382,-54.70108,-39.430595,17.467848,-9.532093,30.324831,27.264025,52.091507,-27.346664
-42.86548,-20.217178,19.234037,-2.2189229,29.432013,-59.703384,41.83832,-32.55507,-8.764488,-17.867193
13.889788,6.358658,-2.0119245,-84.70515,-54.64776,15.681856,13.209751,15.680752,-8.785781,72.16102
11.432546,-43.22455,-13.896589,-43.07582,7.2432547,3.0010545,54.108517,-49.629047,73.132,18.975616
-14.680853,15.605437,-2.9252605,30.0686,-32.7666,-23.066742,-44.144787,15.233166,-1.13773,-24.757204
-19.591606,-24.545279,13.670427,15.009242,-53.793827,-28.191925,2.871133,-54.786896,-5.180649,-3.2201302
-48.774815,-9.269187,-32.691326,-10.612233,4.565562,40.743595,20.887848,-22.143002,38.394485,-46.361217
17.072258,-1.0348421,30.397707,17.353691,41.40874,-33.711502,-31.121283,13.435554,-11.782044,-88.37194
-29.348316,-16.644112,-38.073685,-1.803288,12.928919,65.30968,36.48266,6.776001,40.88281,-46.29159
24.530182,24.530968,47.23452,-52.99149,13.505829,-20.844698,-20.541903,48.546703,-20.611803,-82.95204
-1.1472738,-5.8514643,-1.8312594,-8.164313,-15.22479,-59.964046,36.51468,-20.647692,-33.89506,-0.29798567
-37.23191,-33.58905,8.08906,15.008597,36.48363,-43.810715,49.05793,-37.442616,-11.180138,-26.605862
-28.41145,22.93601,-44.637432,-34.518917,-5.2340446,56.113716,36.719074,21.719524,42.968277,-31.974445
4.012615,-51.840492,-31.701067,-51.754677,-38.890877,25.492289,28.109348,-23.150688,-6.657686,4.7718015
-24.958021,-58.257324,-12.419956,7.9829836,17.264065,-50.926025,46.904182,-14.662556,-11.51451,-34.297245
-43.370247,6.2045703,-79.65067,-39.101208,3.0684261,-9.535038,-5.8191786,-1.0425328,-18.47776,-8.348035
-7.605292,-29.68144,-54.395042,-59.783623,-4.3549714,3.4362404,-2.7941856,-39.9,-19.421999,46.83892
-29.57136,14.070422,-30.544075,-22.08477,41.82613,38.68677,38.73455,8.008748,33.41536,-37.40147
-18.873163,-50.242756,-27.89922,-39.364185,-5.903791,15.463186,61.061832,-57.024883,34.071335,18.186954
4.2650084,-14.331988,8.985084,-1.9360029,-18.979364,-56.27118,22.017586,-26.012634,-19.493904,-3.7411597
20.874134,6.6656165,-51.42276,-74.70956,-28.617922,-19.49334,3.5357623,-12.48251,-24.968493,36.781162
-32.21911,-17.452658,-34.22205,-46.32232,-11.5503025,39.877235,34.006107,17.313341,-23.149818,-26.832268
-15.771757,-48.79943,7.5313416,-14.315043,11.201711,12.321936,42.18444,-13.800201,33.138123,-22.186619
-20.348248,-25.507715,-0.43272138,-1.3288447,24.876993,-69.096634,49.419838,-18.002832,-44.8909,-8.204325
-29.974518,-91.69536,-7.1304803,-39.396336,24.81018,-36.955696,35.036743,-19.230135,38.345165,0.44810092
-32.72317,15.936563,-54.091515,-42.551537,8.31936,10.786392,23.969727,1.2609235,36.336536,-55.860744
-7.6091537,-10.181503,5.7578726,1.2387066,25.591555,-42.346405,55.691666,-54.49486,-35.86824,-19.522844
-29.499723,14.672873,-43.9513,-48.377213,21.127209,23.810158,50.816814,2.4550002,58.9291,-39.24532
-1.2582583,-48.79379,-62.17674,-72.2495,4.3096395,-3.189286,4.95681,1.0710204,-64.40183,-13.588093
-26.883251,-71.70222,5.8406296,-22.863352,12.898172,4.1019115,76.05547,-11.568668,50.547287,42.613785
7.550892,-8.632112,10.57949,8.107606,-45.74756,-45.732426,-23.2727,-19.96755,-8.737275,-17.657679
-43.92395,-19.433434,-34.597363,-47.704903,-35.701015,-27.679323,6.972639,20.316923,-60.234818,42.99286
-37.77729,7.3044214,-7.64888,-38.556896,-18.142466,12.850979,0.8691321,-47.292854,-42.06736,-21.943378
-2.2041352,32.019928,18.532846,-21.431139,30.443024,-35.892963,2.3585196,26.620916,-10.836524,-87.65567
-28.254156,-45.270935,3.4868276,-23.537682,6.2247643,-60.439598,27.198767,-33.99699,-10.940015,-4.292429
-61.347507,16.774223,-29.724026,-5.041248,6.351149,74.38014,37.645695,-20.513449,75.33291,-12.137807
-31.908709,-9.893418,-31.329168,-54.64575,8.486782,-1.1911978,25.455132,-24.092327,-26.961325,34.173992
-53.479378,-61.26425,4.968539,-51.763596,-16.410969,-36.088657,-43.054752,13.834691,0.9834666,20.323227
-1.8223522,-48.602592,-15.6026535,-43.339294,49.583683,24.952692,20.371292,-16.133955,78.08199,12.860286
-38.814095,28.357471,-29.389696,-47.439796,6.860078,49.457726,30.977112,48.965435,56.63571,-46.105064
40.11389,17.901104,-7.294517,22.68509,-10.39202,-34.570007,-32.930714,-14.292557,-14.329783,-81.62876
-12.285375,-89.7767,26.719893,-33.334526,42.045162,-0.28275672,29.640657,-58.983818,65.84614,-9.509441
-2.9068043,3.0023801,0.06571406,32.7123,-15.127709,-56.88805,-64.20248,3.8318524,16.828876,-49.5297
-50.54825,25.81785,-31.759481,-61.666336,-4.539304,40.18983,67.46578,25.362919,57.376686,-42.83172
-33.366734,-6.683037,-19.788115,-13.369633,26.599192,25.298975,45.411083,-3.6716526,41.08754,-57.35561
17.230286,65.28087,31.963118,-14.987198,-0.89800835,-55.520752,-62.90059,-45.268272,-22.608006,-99.27526
-16.607277,-9.971785,-60.287457,-35.449352,8.745559,17.898268,-2.0933676,-23.121172,-63.589184,50.20941
-20.777927,-15.301088,-29.711895,-53.55244,-22.118502,-15.574885,20.87616,-18.923464,-17.41967,27.08084
1.2770431,27.621641,-66.05427,-61.489563,-1.9529228,21.314968,24.351374,-10.256168,-66.35125,41.076004
-70.57713,-74.65697,-16.752493,-41.561703,58.773487,-26.356697,34.87567,-24.751165,74.88927,13.063649
-4.5133276,43.480946,12.937426,7.7016954,21.199736,-66.16784,-38.53324,-0.86276996,-39.248108,-76.653595
3.1104808,8.519259,-39.229156,-59.408463,7.36921,15.611931,16.592764,23.092482,-65.96375,14.88747
17.980295,13.125881,25.892317,-29.50267,-2.52941,-40.589382,-18.868475,-16.593138,-30.784279,-60.087124
-9.551872,-32.968735,10.351263,-14.243858,39.82258,-58.931606,57.9273,-41.57489,-19.207993,-30.525272
-4.201813,-46.517136,12.511975,-45.642933,58.679993,-3.968242,22.1398,-31.218039,50.549385,2.1098146
12.599648,-6.0818477,-55.329926,-62.653572,8.443608,12.857518,6.6029925,-12.215163,-79.25239,19.944923
-19.235523,-33.53588,-29.843107,3.2215757,3.3695998,2.9054048,66.92923,32.654842,18.70796,14.060753
28.033154,-34.054436,-99.67075,-58.669216,-48.883884,-16.113312,-27.30484,24.889963,21.472092,14.126427
6.062502,21.787374,48.26746,-26.68811,17.32977,-11.950961,-31.465836,7.8479013,-20.445616,-88.85997
-8.445856,-52.662018,19.050896,-11.157645,60.184647,18.914837,63.254982,-40.64503,35.23328,-10.923597
-20.890266,-6.2717466,-63.66937,-61.820152,-23.246231,8.778027,11.5321665,-36.97404,-15.999039,12.41659
-5.277522,-1.4876499,-35.459423,-45.062798,-5.0879655,-82.20529,37.01803,26.815693,-28.63736,23.077278
-2.2920322,-67.521095,-9.636104,-10.012039,35.994827,7.7846823,60.72831,-35.954136,86.368286,26.549911
39.588352,8.424753,-3.3790731,13.646433,-14.624584,-43.92939,-20.679792,2.8404217,-6.3204103,-69.344475
35.169994,-1.0157971,18.532257,-9.153416,5.3547525,-44.656345,-21.484745,13.170028,12.482694,-70.643585
-55.16786,39.021805,-36.069073,-54.950638,-0.6477142,44.175602,50.989307,6.0138183,42.971485,-35.283695
-6.6085663,-68.74714,4.6744547,-30.386948,20.718338,4.664734,38.06227,-17.111765,33.870552,-12.0478945
-9.590356,-60.984436,14.240863,-11.578223,37.976376,-19.544039,33.370037,7.3038616,40.162666,30.801128
11.329992,35.633453,22.444006,-2.8274095,-16.576782,-23.353178,-40.953613,5.871928,-8.072782,-33.859707
-25.440947,32.092194,-55.30589,-30.55189,18.308498,36.358997,22.058813,0.7004979,31.861036,-44.987675
-9.848576,-19.765785,-43.055477,-42.922985,5.29464,13.036474,33.253536,-28.627974,20.981667,4.310277
10.174155,14.6446495,-43.204514,-54.40697,0.06690848,-42.01385,18.651081,0.0033702068,-67.77705,55.135235
-19.76032,-65.218094,7.6442614,-43.38667,22.990068,4.856243,27.188908,-41.454605,40.0356,3.9297767
18.285297,-78.554344,-7.6192646,-47.495167,30.648193,-28.375801,4.064368,-64.00309,55.05967,-13.902374
6.828162,-38.182076,-31.752878,-5.0270653,-19.24006,-87.04711,32.737144,-4.009612,-27.729137,6.0998206
-55.35464,3.3918984,-43.44638,2.4110308,-2.5254834,-65.47905,-52.087883,10.701874,-21.426182,-18.594767
-43.71335,-11.482066,6.124877,24.107689,10.284181,-53.39946,48.78315,-24.829561,-8.14693,-10.215996
66.28811,9.403645,-9.674021,-33.32308,-7.219008,-28.964539,-61.957672,17.017641,-13.553408,-40.84191
-31.777071,18.294643,-31.75325,-27.336443,13.313396,55.117516,20.625135,17.348627,57.7218,-48.886578
-2.69204,-52.772625,8.689843,-31.744904,33.08981,-15.301076,48.047367,-30.292166,61.081383,18.10269
-33.85945,-5.0195937,37.434864,4.139214,26.77638,-35.16108,22.099731,-58.936157,-43.816288,-43.78565
14.551316,-52.269608,-25.29973,-40.283813,27.16193,-4.7047133,-5.880024,-22.823805,90.59269,-11.707955
-35.271286,5.4771967,-84.513466,-33.50181,-9.299892,0.49374688,-10.720102,-15.831752,-58.565674,46.997955
-28.130976,28.911062,54.81143,2.4646573,-7.8723526,-45.393444,-28.753635,-27.527533,-10.077969,-104.47525
-7.687337,1.2210402,35.890995,5.8856444,-54.23408,-4.74005,-5.0868897,16.677372,13.678767,-53.526848
0.6436917,-40.742634,-18.035927,-63.34681,-36.780544,-33.00375,-8.446713,34.441387,-44.20791,65.8342
-52.769615,10.443871,-37.890465,-17.059332,4.35087,46.31133,24.607634,-20.469397,64.384346,-44.348007
-30.465115,-46.09428,9.887367,10.303929,-29.363737,-56.973183,60.66627,-12.956437,-24.046127,-20.756529
24.332222,-22.341255,-32.93717,-31.35746,44.59258,-1.9811761,33.11436,-43.680096,7.991869,34.33101
-16.501438,-78.24248,-20.399933,-37.21238,26.217844,-34.32634,-1.135214,-32.415688,99.33734,15.062119
-40.78734,-2.7462046,9.270504,15.39552,-1.5534924,-11.50479,64.6663,-21.322647,-32.69549,7.3965516
21.75631,-18.497696,39.531998,-20.097692,7.6825128,-30.907963,-31.812675,45.86274,6.004978,-46.38067
21.216066,2.6013792,40.990513,19.935493,-25.685219,-54.925304,-24.610409,29.25949,14.427153,-57.574425
-19.047686,5.839096,-26.854643,-32.237194,-4.178838,-33.005054,-25.482605,7.5359073,-31.518045,-34.948082
-21.686872,-15.555593,4.2434397,22.85844,3.7027402,-51.987484,67.66107,-15.149567,-26.492702,-7.9633493
11.746853,-19.387396,-41.310307,28.664982,-2.494799,-62.31061,68.83125,-39.853203,-10.440954,-41.593082
-36.25861,-27.696747,-13.457917,8.9379425,-11.493259,-45.220184,47.767426,-14.780967,-24.326094,-6.1465797
-42.47452,-14.519147,-21.442886,-23.31941,10.408976,46.742912,36.881073,20.96793,32.641113,-69.964134
-46.611206,-77.16188,-11.947569,-25.337831,2.382378,11.75168,21.92085,8.630488,-86.07342,27.453638
-2.8729644,-7.2903037,-10.873024,10.415305,-41.912968,-31.902401,-31.89021,13.581364,-0.62685007,-39.273216
-51.42272,-51.735542,13.562124,-31.629356,12.137009,1.8935354,36.694736,-23.84948,-53.523388,14.375751
20.434866,-44.057713,-3.8840024,6.299414,38.140903,-37.36223,28.416876,-31.020634,78.03217,-4.0326843
-30.899439,-60.64856,-40.936916,-39.425293,12.22094,-68.34809,16.734964,2.4489555,8.867412,-10.761618
-24.255148,25.298784,-38.787956,-17.650585,6.691174,58.601864,28.850557,-9.907157,40.209904,-18.278221
-36.34451,-24.561306,31.857363,-15.312769,29.061874,-63.490074,28.229568,-50.197872,-58.876625,-13.686487
-61.72968,-77.79057,-46.21575,-10.699139,16.12563,-2.6921756,22.409735,-41.922085,79.29505,0.91442525
32.587605,17.106697,22.165308,19.1249,6.814311,-24.003834,-44.356983,-11.116054,-0.2609597,-91.689926
-50.69274,4.0774593,-35.42864,-20.659454,26.601452,46.726665,29.908113,-17.349245,58.062878,-24.200787
-21.597857,-25.775475,11.730359,5.3515797,32.417255,-53.477043,40.762302,-55.502235,-37.83863,-31.248602
-35.255463,-39.76758,-10.887246,-37.123024,-40.553932,-24.989065,-19.484982,-5.5080185,-43.275013,36.91635
-43.671448,-47.813797,-8.884991,-7.25416,12.618019,2.5882182,56.92029,-25.742395,80.554054,10.370178
-16.15016,51.42156,-33.928055,-44.353752,0.82560337,82.440636,32.849827,2.6686363,17.981012,-46.23371
-41.84259,-30.737999,-47.41753,-56.36444,6.2265773,-17.093943,-10.404949,-2.5450156,-23.099342,28.350142
-7.6164055,-47.683426,5.07738,-13.228656,-32.33064,-82.339005,58.247364,0.66028696,-38.28214,-23.021002
-20.261063,-29.926676,-59.294815,-21.54639,10.649687,-21.798044,-9.857198,-32.899715,-43.335503,32.108845
-40.914818,-50.33919,6.4405355,-15.175448,-14.919314,-41.67791,88.01052,-25.056337,-6.752059,-29.811342
-23.7735,-32.800034,-8.686378,-39.801373,39.48121,37.984573,36.483044,5.5602026,56.579453,-102.956436
17.434095,-49.601097,-19.023323,-7.018556,41.93709,13.368354,40.140514,-36.630173,80.90281,28.500145
32.43026,13.160057,8.040055,3.10217,31.634176,-45.586384,-58.423115,19.20818,-28.262726,-60.464836
-19.902561,-9.865086,-4.9997053,-10.8701315,13.913415,-0.45413214,66.32981,-32.579918,-27.675905,-43.51987
16.011137,7.695671,-5.317008,3.919302,-19.129688,-40.870525,-33.61393,24.714432,-29.358784,-21.561369
15.93682,-58.489914,1.050008,-5.708884,65.70527,-1.3871446,14.106856,0.600195,48.74309,7.399814
-19.891705,65.28957,-47.281178,-39.96816,-19.124247,57.878716,26.665174,8.613259,37.24357,-29.183477
-22.649618,-46.721977,8.38155,-12.899101,34.05755,-72.31471,76.59314,-25.656918,8.302269,10.229085
-45.35852,19.78077,-17.065372,-52.370575,-2.6326127,39.794827,35.720512,-6.957139,45.79361,-51.599865
-42.1136,-48.909424,-29.140636,-45.65982,38.95141,-20.23816,35.2971,-23.763958,44.562244,-14.5068
-40.013783,22.116972,-35.803482,-43.757053,13.309307,27.228916,43.603172,4.4798193,20.341135,-41.86929
-34.549553,-37.320076,-43.153057,-70.94582,-31.881691,-3.6781206,0.37063026,44.28079,-62.137352,19.760113
-14.3239355,-26.104101,-29.139267,26.74408,-27.26751,-32.747948,32.061573,-20.946653,-7.5083523,-46.4205
-35.191906,21.36749,-35.277897,-15.732326,-1.5467335,46.264454,35.1533,-1.7324984,67.33248,-38.24325
-19.39431,-37.436462,2.8828185,11.0056305,24.663786,-36.723904,34.428036,-29.854477,-14.2007065,-41.055283
11.879673,16.365202,47.289856,6.3080225,-18.069118,10.869156,-28.584976,-44.454514,4.462296,-62.32662
12.048743,3.3080451,26.387024,15.606782,-2.3718762,-5.724245,-26.26436,-36.586506,1.0329013,-71.12971
-41.872215,-66.49196,-10.95987,-34.776676,-25.306425,-10.312961,36.21275,-3.923654,-49.930393,12.97897
-25.748312,33.777126,-47.168015,-70.356064,-4.6948485,52.503258,33.629803,20.169691,60.26468,-79.44025
-14.932144,-76.04795,17.517223,-27.969332,51.42379,9.220449,37.684265,-60.927464,84.15159,-12.872801
-25.497835,-26.627014,-69.991325,-35.58887,-29.393568,10.685071,-0.8051729,-57.445606,-42.362827,15.045589
15.2349205,-37.272808,9.594573,-46.259117,26.53488,-4.8949122,24.726719,-26.21314,63.13403,33.173134
22.331648,0.22461262,49.60892,-2.8535142,-31.741768,-8.10624,-39.81821,15.471015,-20.356058,-49.743973
-35.056423,-56.53592,-51.442467,-18.809593,-27.493736,-14.908438,-34.67049,-33.625088,-25.841927,14.41201
11.365549,23.594538,9.662852,-8.971616,1.3227645,-60.446564,-33.47627,16.68561,-26.434223,-75.10025
-27.490807,27.622168,32.332413,-12.98644,-41.47085,-71.97163,-21.011143,-23.77712,-36.637104,-98.88406
-46.370636,-30.998137,-8.828495,18.006493,13.95746,-48.13159,79.7969,-44.36641,-16.238636,-53.44728
0.83417225,-23.36037,0.50150836,-0.65685457,0.26212227,-48.840946,36.488194,-10.112683,-40.93128,-23.164684
-36.101986,32.47138,-28.796629,-54.280087,1.0645379,43.87296,22.664438,-8.22358,24.267666,-39.130516
-59.579025,32.921635,-23.145649,-56.465374,-0.104303285,33.59117,59.08264,2.2890518,35.658154,-32.517075
13.572244,-50.644413,6.6188,-39.94697,32.57352,11.624884,27.479918,-45.46604,74.81068,31.026466
-55.54074,-18.152119,-48.72277,-49.997158,-4.4611807,22.679562,-25.36711,11.568695,-55.185646,25.796118
3.0184355,6.5011024,37.38273,-12.76609,11.782755,-8.192721,3.7392406,6.4224257,4.3044972,-89.707855
-19.192188,-6.962748,-2.452158,13.646487,-3.1239774,-29.910788,38.25645,-44.538097,-50.12582,4.653501
1.8111707,22.282022,22.497349,-28.060738,13.632061,-58.211105,-11.992739,48.65113,-50.849323,-94.07926
7.4905386,8.7011385,17.449545,17.54599,-23.993593,-73.544815,-16.713636,63.199287,-12.441475,-67.209656
-13.723396,-59.027687,-7.590079,-27.146212,23.156744,-23.188267,69.293816,10.661492,30.740276,20.736767
-51.222885,2.2573302,-41.01652,-20.783815,-0.56425595,40.87047,45.665035,3.1069736,73.89579,-34.59326
-39.88323,-72.39592,-11.2735615,-25.714027,16.668903,-20.782953,25.192837,-21.527803,89.90077,32.951054
20.447062,-38.760616,-24.260601,13.181544,-13.621905,-39.869377,48.6848,-40.199806,-26.08333,-68.91897
27.605669,-1.9524797,3.5484068,26.799839,16.908459,-32.5052,-55.87251,32.949707,-6.8005233,-60.91838
13.639511,-29.663994,53.326336,-1.6219444,-25.683115,-11.955659,-17.750504,-11.1357155,-16.428545,-40.078606
8.64927,-50.97177,-0.37920094,-22.018427,50.340065,7.953971,53.451653,-45.92022,70.98782,19.071754
-4.033419,-32.56078,10.278722,-30.69863,3.077335,2.914676,42.29949,6.4911394,-2.5969708,-41.156487
-39.13733,19.618896,-60.46624,-28.868355,17.158895,47.75523,27.22137,-31.664146,34.294964,-25.538946
-39.260983,-14.405092,-42.53826,-35.7552,-29.882338,65.74946,37.037884,7.483699,1.9749365,-11.165535
19.768955,-60.99639,-4.4827914,-18.73628,37.39578,9.3831215,54.9423,-36.679337,70.94828,22.482824
-35.85578,-5.9316874,-37.702465,-23.239174,33.33165,62.001915,43.213253,-17.315317,36.94747,-35.88284
24.316248,-17.696692,-13.870025,-50.45833,-30.813314,-29.463783,1.7059779,-38.56847,-74.9553,38.037735
-6.697835,-23.49753,48.66764,-23.482046,-27.481562,-22.297777,15.923662,12.51097,15.061124,-71.20651
48.719242,32.6563,42.220524,-26.528133,-13.898834,0.17691457,-15.568866,15.184229,-7.6922746,-72.56222
-15.43464,-20.695961,-33.77014,-44.33663,27.682817,2.9657247,39.622395,-17.458439,98.50389,-13.235771
-11.957409,-22.780737,6.874799,0.4881034,21.05041,-72.591125,66.53641,-39.703968,-44.086113,-38.686672
-35.860058,-35.168613,40.347755,10.884533,38.348114,-34.462036,42.34728,-61.804028,-53.698086,-41.93794
12.091374,-62.056835,6.5089817,-24.53316,39.46153,-4.728236,64.857574,-39.711655,43.42685,8.020246
17.856295,3.9896605,-5.7287707,-32.277973,17.494179,-34.602486,-53.41491,44.77113,-21.059605,-49.827614
16.505842,-22.638302,-46.90131,17.793434,-15.959088,-72.72177,77.10687,-40.76878,-12.793377,-37.640167
-34.991222,-18.270758,-59.720825,-55.204105,6.63919,-13.612098,-16.315153,-7.426217,-41.00098,44.858215
-20.29869,1.0618938,-71.75166,-17.893135,10.392339,-14.315976,3.3282032,-25.156124,-3.4461355,60.400326
-18.465427,15.07777,-74.08473,-48.976948,14.578066,5.72138,36.04587,19.630215,58.654297,-43.53614
-33.077213,-63.602917,20.410233,-30.877491,5.26507,-40.569992,32.825012,-19.510796,-33.112206,6.9451394
-34.784615,24.266428,-31.525023,-48.88143,10.198999,26.905045,55.11689,-11.723862,33.55447,-53.401966
7.2386065,-77.19989,-41.59372,-35.37702,-8.872301,-41.268185,9.151579,17.433744,-40.28356,34.093033
-63.84146,-26.70587,-36.180126,-2.2225468,3.748437,6.5671387,4.527343,-3.2561622,1.695704,59.861572
17.52439,-1.6609696,42.798306,21.487892,-1.4646649,-72.45655,-39.616425,9.425285,21.521938,-41.135586
-4.5123153,1.366337,-24.35431,-35.607475,4.8324,-86.63579,42.26641,27.10372,-55.686146,33.3608
-16.994284,-88.19004,-26.721956,-25.353182,0.04921949,6.7205,28.120548,4.227932,13.528674,44.569424
-1.0246844,18.855057,22.083784,22.244614,5.9609847,-51.814598,-57.314873,20.777771,4.2968926,-11.378318
-83.21991,-39.416714,-37.70465,-18.690907,-10.5869875,-5.1153903,11.266331,-9.134706,13.755326,1.2485126
-59.604103,39.55278,-59.75269,-38.693657,-22.451866,50.812603,8.182879,27.205515,62.568596,-47.831066
-41.846706,29.04199,-38.249153,-66.93046,-18.307861,26.613178,31.314398,20.897348,54.71541,-65.25605
-42.48979,-36.573303,-29.387892,-16.397602,-1.6823703,-41.444847,44.09322,24.556532,-66.16095,4.3962045
-28.915611,-69.192924,4.688321,-34.403637,54.34189,15.51516,40.791225,-23.373482,80.05185,42.175903
48.207375,35.357296,-3.5441232,-20.297722,-17.432411,-40.88578,-64.326416,-21.347336,-9.904495,-55.625904
-32.275993,3.7497795,-43.8536,-30.817076,-10.878392,52.205555,21.082605,19.137777,27.883099,-6.534547
12.741449,2.2872188,49.536552,8.392548,17.265585,-61.92155,-3.96221,16.267155,-7.38599,-80.30663
-20.008926,-7.316794,-30.885563,-82.27484,-6.431804,4.6549683,1.0924628,-21.54645,-56.761345,41.471237
-21.095762,-3.6470768,-6.3504934,-13.328761,9.0933895,36.525856,42.577282,8.856727,10.424872,-66.56941
-17.203573,-53.287857,-23.273596,11.129464,-32.772602,-58.96897,-3.5090759,12.084439,-37.092636,42.216938
-61.30862,-20.199087,-38.541935,-27.764572,23.91807,39.975117,41.920525,7.759411,64.998146,-33.91313
-22.695047,-39.534027,-3.7713263,-43.610615,-27.613993,-32.4895,28.960121,32.898468,-76.271774,58.577522
-18.75483,30.779963,-9.940949,-7.4781837,6.4980702,-43.782978,-35.58329,-3.7860763,-33.29589,-25.951853
-0.8732739,-27.161377,54.734673,-6.883715,-13.503295,-39.993984,5.7668667,22.309591,15.908458,-79.558754
-60.963318,15.744168,-30.439125,-41.362995,31.070232,48.386086,29.567356,-16.06301,30.469322,-27.578928
-18.975616,41.256847,-23.235723,-7.467935,-3.7406332,73.32306,36.355488,-1.0746766,40.679626,-32.401775
-30.797401,-28.271929,-18.633924,-38.155193,-28.362528,54.35953,-9.401955,-20.291826,-43.022034,70.421875
2.2861285,-58.999374,-4.2733283,-8.146934,48.09898,5.7933674,54.69453,-23.385767,92.784325,23.336279
14.594555,-47.042896,-10.140947,-37.543842,6.243378,3.4183586,42.982014,-87.114365,-10.949013,63.478096
-10.425631,11.365,2.4027922,-20.448948,-59.32293,-50.96407,-19.796618,25.582767,-2.030348,-85.35884
12.293019,-48.72267,3.2216477,-29.798264,47.28955,9.5594845,39.234074,-52.958874,74.93679,22.303528
-41.252926,50.259453,-37.177536,-46.797497,-3.8044302,66.25244,23.28075,7.409124,40.53912,-36.237503
-37.724575,29.689579,-48.20147,-33.48421,18.330294,44.836945,27.318018,31.116795,61.61442,-56.701096
-19.904068,-59.263092,13.615823,-1.3934476,-2.402531,-44.2092,59.027725,-39.205338,-20.056936,-33.57308
-12.404011,-30.244005,-51.8338,-22.551443,5.8192396,14.906088,8.675356,-10.506054,9.678996,18.600315
-28.705317,-26.3473,-36.920444,-25.276045,-41.774372,1.1197412,16.127806,-4.2269,-52.796143,34.689835
14.0066395,33.709984,14.240297,-9.161784,-1.5379642,-61.80417,-38.907574,-43.626564,-14.452245,-93.71661
-5.572352,-40.693085,-22.583553,-49.647198,-11.333623,-28.467997,18.732796,16.589733,-29.127766,32.00762
1.9914508,-42.003963,-20.907284,-37.010834,17.478804,13.054295,17.614664,-46.553288,-4.854493,47.252495
17.42435,12.020812,7.6271133,23.790611,-5.4951634,-42.275883,-42.717743,43.150978,-0.68503124,-28.994581
-23.18676,-82.955475,33.68723,-16.298695,58.67808,2.9598339,56.772488,-3.605274,38.119995,-1.2263557
6.794186,28.520977,21.801397,-5.64767,8.298035,-14.549169,-29.848745,-13.51913,-25.176126,-88.1945
-33.177315,-41.17234,3.0091078,-2.6885345,20.815014,-75.47084,42.569252,-14.4840765,-40.133354,-20.608831
-77.71222,-67.909485,-44.697453,-23.104141,27.120874,-28.270918,17.506956,-25.24186,41.10914,-18.320663
10.788586,-10.372992,9.82179,-1.4734441,35.92469,-23.31882,32.30905,-72.435295,-55.321648,-21.174856
-48.817944,35.048317,-30.212318,-45.533764,10.3475275,48.71119,22.20619,3.5822015,49.356064,-43.568783
-24.54307,-64.37395,3.3066986,-24.961603,41.997974,13.886877,50.41167,-65.47481,63.95076,9.193855
24.369553,11.881872,-36.53686,45.413284,0.98445165,-36.807213,55.937584,-47.72072,-21.710096,-44.8257
-7.907567,17.557503,-58.668407,-33.81722,4.543345,74.79848,38.644943,-11.672583,18.198738,-48.291668
-25.344551,33.252785,-51.309734,-25.291834,0.40010917,31.45036,45.35287,-3.2411592,61.338017,-59.546116
-21.344383,14.063699,-51.54005,-41.8103,28.02884,22.59902,38.741913,10.963222,36.756615,-24.772789
-12.813284,-36.877552,-15.915672,-41.35975,44.101013,33.495117,25.954569,-30.560675,64.09345,11.408985
-21.838026,46.02218,-79.94202,-48.81467,-20.755835,23.26732,11.027734,5.942732,-40.32606,29.295565
-29.846453,-37.816486,18.786203,0.14244711,44.741734,-40.88316,35.246323,-52.917877,-33.145756,-33.64898
13.805875,-62.117798,-18.8436,-30.31291,16.499073,10.457615,45.21649,-25.66239,106.62936,31.259682
-19.21399,-39.0746,-20.475086,12.184318,-13.31924,-55.2725,58.362476,-12.356066,-20.42551,-22.790438
3.228159,-16.849485,6.968234,-17.473532,28.416166,-52.305454,59.407646,-70.99936,-13.033601,-22.41422
-48.219616,-16.086071,-19.683615,-15.367446,-13.100463,58.943096,26.899227,32.328476,29.493856,-49.35566
-21.737614,23.158342,12.142543,-3.556376,14.698073,-66.1303,-52.609287,-17.20004,-27.714659,-65.84803
-22.98355,-43.63564,-17.995434,-5.541949,28.959608,-16.290468,44.31156,-17.54023,55.027,18.453154
-59.003777,18.418741,-23.41492,-39.112305,9.773706,57.30156,36.128494,-6.9400463,41.21575,-47.781853
8.334491,-20.807571,-32.937134,29.559055,8.832456,-66.8706,78.1908,-42.267517,-8.146294,-45.01893
-41.415104,-57.558067,-8.888844,3.3380942,0.99341524,-47.548126,73.62488,-29.966722,-6.109304,-57.116463
-4.611319,-52.322075,-36.22019,-13.711754,14.242884,5.5571833,7.554543,-28.280237,34.189323,25.629366
50.86489,-3.7018752,-89.58887,-77.709335,-65.24812,32.958427,32.581043,28.197502,-28.812801,35.562687
-24.672266,-44.175865,-5.580056,5.8860817,-6.727843,-50.49543,54.76583,-5.831488,-46.417686,-15.0955715
-18.803514,-83.567215,0.6317978,-25.62675,27.254484,-4.933232,62.024544,-2.5534868,71.61695,16.343643
-14.371753,-38.728817,-22.73611,-48.410114,-19.994934,12.378197,63.024456,-13.014288,10.3071165,10.9919815
6.966027,-22.486456,18.137413,-17.148607,-21.837072,-27.996292,-16.16928,-8.7312355,-33.138992,-30.662361
-11.75265,9.000444,-68.69466,-32.704407,5.96899,-39.125988,-3.5077348,14.895033,-59.52913,60.794266
-38.541824,-0.9519971,-63.80565,-47.590385,8.692731,-17.241497,-7.4962997,-19.930061,-46.033607,33.4263
29.24829,11.45241,-3.1138854,21.830631,-30.16602,-21.273115,-41.081554,24.496954,3.9926944,-23.45277
-41.164047,3.3805509,7.0659924,-6.2342544,1.2374891,-62.960915,60.501514,-23.451294,-29.893847,-37.808487
-21.61509,-57.707943,30.133923,-49.229275,74.21754,19.724642,61.161137,-47.146687,51.87668,17.346813
6.746947,2.97511,26.151463,1.7585046,3.4223871,-68.099495,-16.419918,42.10553,-13.781699,-88.51617
-36.644257,7.842189,-30.954609,-33.79837,7.183089,66.021324,33.475018,16.311968,22.517048,-67.85177
-28.973963,-55.552082,5.581723,-10.204239,55.99638,11.770619,61.2182,18.046082,58.906456,-16.089508
-36.574276,-6.948692,-25.788153,-48.46669,15.761433,33.891914,53.83314,26.200846,51.83216,-93.00613
-48.562668,-9.312565,-30.104408,-1.1524982,1.6490521,70.258545,31.986526,-9.03811,62.894943,-28.936024
-36.196983,-52.417988,28.64076,9.575553,31.467747,-38.83013,36.845455,-56.55677,-40.84943,-38.67927
-44.58694,21.102417,-50.21181,-30.1797,15.165587,31.532593,39.013565,23.404503,38.629402,-45.713512
2.7026324,-80.07304,0.48735023,-35.308075,29.786219,-19.201748,23.38534,-33.589928,62.982216,-11.073837
-19.174097,-20.816662,-14.027828,4.603903,-15.80032,-55.90721,51.47963,-13.998298,-27.313784,-6.1636095
0.02003932,-43.704662,-15.453753,3.6601443,-8.289114,-33.62534,25.4828,-53.611324,-46.153217,6.5119724
-25.562424,-69.89194,-14.9712925,-32.547977,71.5377,-28.064362,31.298746,-33.07642,57.64415,-11.021965
-26.492495,4.5464373,-55.09752,-38.6188,8.496255,-0.86844397,10.2604685,-1.1519191,3.1457121,-41.07856
0.9213918,12.13838,6.0100994,8.768364,-28.115652,-59.10434,-28.409163,38.43331,5.8284745,-74.00128
-68.06039,24.55699,-29.048677,-19.93977,4.4606123,57.835995,38.9088,-8.276058,78.014336,-22.856981
-33.228825,-50.234756,-0.01430094,-6.0096836,17.419643,-40.95158,47.18675,-40.73685,-5.4546285,-23.250706
-45.79257,32.205322,-55.347355,-12.989849,0.9060805,54.57798,33.902996,-8.494309,48.0308,-22.326187
-10.659058,-40.359,9.920592,2.2503512,14.370249,-100.9379,24.297993,-0.82881534,-26.70675,-0.13543299
-29.288845,9.787361,7.8420897,-13.525866,-13.4333315,-53.332478,38.5874,-22.310656,-52.188435,-34.339485
-65.29452,38.917473,-44.501118,-38.235313,3.783924,35.786873,52.824604,5.50996,24.127758,-14.322044
-22.051294,-67.785545,-13.819339,-20.717031,30.389471,-21.381683,80.44038,-6.811397,38.62826,22.756332
-27.497614,-2.0333927,-41.048885,-12.420252,1.608728,45.244812,51.547153,-13.461132,49.561104,-20.626322
-22.093948,-9.830128,-42.2239,2.963325,39.215458,55.390545,43.829365,14.203174,21.616764,-60.576218
-30.586971,10.752141,-52.230564,-43.990685,0.9053974,16.82187,41.3211,8.114807,66.880905,-61.1125
-23.854677,-51.999424,-7.7113276,-32.64208,-23.326664,-85.713615,67.40872,-1.9542948,-45.585136,-39.30555
-20.334566,-81.08894,18.854906,-20.081835,28.762148,22.156172,53.926647,-22.68333,74.424934,-3.942071
-3.6298869,-34.96697,-18.643835,-58.37286,-33.47903,13.854948,33.11335,3.081521,-1.7097263,7.882651
-19.503975,4.7752647,-40.026394,-45.82805,23.402548,23.09149,17.904943,-22.163248,67.44351,-6.534402
-18.03364,9.183523,-9.524247,-47.457626,5.047741,39.785305,39.39423,0.9645502,68.69558,-67.169235
-71.9852,26.801813,-33.264774,-35.118855,5.8058343,55.219204,35.826305,-2.3292139,48.333565,-38.63314
-40.385933,-18.500866,-12.580755,-56.778355,18.159193,38.28466,43.05408,-26.885315,38.012524,-57.3311
-40.727352,26.687466,-31.345953,-36.211784,17.214663,33.413803,56.601185,19.915688,54.375187,-44.736664
-4.627208,-1.8532169,-18.927715,-3.1379128,20.983267,-42.513058,9.132228,-36.964462,69.18236,20.987999
48.171116,16.481777,19.368418,-3.8599088,-27.450403,-50.541615,-56.80868,-20.549608,6.7083035,-47.136715
-30.011398,-44.93471,-16.122066,-23.770273,-4.5958915,-30.656723,4.6147027,-25.755812,48.211903,6.5867105
-7.8117304,-58.05085,-29.510727,-13.041949,62.82892,-9.6868725,39.175426,-20.393986,66.68226,7.4511285
-28.882843,-11.347235,3.6130507,-9.527607,25.563942,-59.070965,50.936794,-40.476578,-30.38343,-30.989882
-59.172863,-1.8867409,-0.6218857,-33.971603,29.450975,42.373848,31.111506,8.73561,47.523193,-44.880726
-14.724672,-54.190147,-18.1671,-30.31575,59.835102,23.884329,26.68622,-2.1707163,59.541557,6.2590766
37.502285,15.937514,36.057293,5.5680666,6.1119647,-42.795002,5.2160926,34.42596,-16.8959,-55.816147
-11.830588,-58.505646,17.429594,-36.33901,74.019135,-4.300093,30.987883,-42.951824,55.487854,-3.2737913
26.730783,-23.137579,38.709557,18.474232,43.568974,-20.327805,-34.486557,31.852095,-3.045964,-77.44387
-35.438072,-46.342953,-6.7003903,17.842999,21.64203,-44.369343,62.896877,-28.47265,-21.449503,-49.874428
7.7568274,-54.783916,-40.76107,-38.24832,0.101771235,-13.254339,46.53146,-42.101852,52.68658,11.582096
0.4254122,24.305246,-14.149958,-8.553233,10.060853,-8.838887,4.2573504,-39.02804,21.750517,-68.290085
3.8981676,30.596003,10.167995,-1.5332842,-19.937424,-35.426067,-13.28311,-4.1916137,-16.596336,-34.896187
-50.311188,-11.866475,-13.508195,-28.895998,-9.4173355,25.790327,36.011406,17.480148,55.052666,-66.720726
19.548935,29.006517,4.125268,-22.181341,-25.36899,-13.106501,-46.79173,-4.7738676,-20.231478,-60.648605
-15.506371,-13.646505,-0.49706557,9.924315,43.75974,-55.957245,37.83879,-66.81552,-10.281973,-17.90156
31.29042,-41.76365,-5.3563414,-19.626827,47.620632,7.1798944,27.134893,-35.40109,69.85821,14.004179
-18.234962,-64.31886,10.755744,-14.53814,47.335743,-13.458151,48.168957,-18.312756,62.829155,14.10605
-36.65632,-34.051346,-7.711746,20.66169,22.863024,-43.043747,43.78185,-23.942562,-25.866436,-30.585312
42.03806,-10.537387,50.859108,-10.336412,-3.807704,-8.083524,-35.429947,37.635445,1.5316007,-56.753113
-29.528637,-59.47043,35.48607,-22.518578,4.2314687,-35.2854,47.13522,-2.2439213,-65.33367,20.63529
5.5442142,10.781766,-36.59642,-54.370663,15.259256,-24.276623,-2.1701107,-11.349843,-105.14156,48.20475
-23.149427,-50.5582,-39.238155,-57.904747,-31.61897,-50.766705,-13.52706,8.466227,-26.66843,15.843201
-15.122694,-57.05593,7.284293,-26.388346,54.618286,2.3761508,46.38715,-37.273117,40.422966,16.857704
18.830275,10.081969,-43.976852,-77.37359,-14.172033,11.272437,30.363281,-25.881496,-46.583138,25.966679
2.5140123,-10.015058,57.743256,12.889619,4.2575483,-20.592308,-16.592337,-38.437157,-29.840332,-59.990013
-36.613426,16.652481,-28.689299,-18.047503,7.3647175,47.410843,35.508606,13.678756,68.62377,-51.017918
8.116659,12.786463,-61.033966,-41.780346,-32.626812,-73.82421,4.5800242,-27.657967,-17.878487,24.522215
-30.28681,-39.0097,20.53225,-22.69119,27.496002,-60.83615,63.89222,-40.694225,2.5464349,-22.387928
-56.040005,-1.8391709,-22.16945,-10.720743,3.1855092,69.686646,31.999298,-25.101776,78.0831,-9.575074
-26.69954,32.227657,-52.141006,-35.386528,2.7064276,61.80265,47.95193,-16.83588,49.026207,-53.257824
-38.72636,17.193733,-45.640705,-66.59944,-33.9056,30.871197,40.242867,-22.99159,13.493251,-13.188997
7.2709045,-104.57672,2.3540328,-17.91602,22.24343,16.531395,54.007477,-59.6615,55.22985,11.564861
-30.91178,-15.495803,-22.165607,-18.086273,16.109888,50.39781,29.092228,25.946392,6.770133,-68.04255
-41.22401,-28.002539,-34.843616,-16.520021,17.601257,4.7255716,34.823627,-35.072266,38.344925,39.418365
-46.132786,5.944602,26.088594,17.825909,25.15632,-44.261906,67.02286,-38.07306,-21.55929,-21.684238
-18.020126,-13.035586,-63.374794,-54.32844,-15.367819,19.362108,7.154538,-33.62273,-57.468464,51.206215
-78.524765,-25.559162,-6.786891,-80.734055,-32.627567,15.892992,2.636704,13.956876,-35.97732,41.39022
-26.848497,-26.41017,-5.883252,9.0406885,28.377905,-49.130016,43.406998,-30.801195,-17.701048,-21.871984
-29.24236,-8.826568,-4.215787,-25.84253,29.608847,45.86862,10.3341675,-23.387718,50.319336,-82.88271
-11.779866,-56.221737,24.056763,-49.37948,53.059513,12.046276,40.07976,-38.795895,34.463474,51.3283
-37.868053,-44.828114,-5.8057394,-21.193342,0.916825,-83.95514,1.5343812,24.948812,-26.324007,22.865116
-26.928864,-28.370443,-5.1850452,2.653222,-6.4445333,-56.30186,53.68747,-37.569874,-41.182995,-26.347225
-17.468395,-19.138506,9.751862,-20.3414,0.40966904,7.370926,48.32165,-46.4902,-85.135445,34.49224
-38.443245,3.5252373,-41.161995,-45.604206,-10.152453,63.498226,25.740406,-7.050229,32.40112,-48.497513
8.266838,-27.968102,-59.461422,-51.607544,-29.041206,31.562862,41.140102,5.8312807,-19.70212,-0.15451682
52.648624,-0.42239046,47.32067,-50.074192,-4.215422,-7.8679957,-20.00399,16.22541,-5.0741277,-69.490425
-54.09768,23.809021,-47.091076,-31.458487,6.459975,62.470837,33.75841,-33.39162,52.046257,-39.224438
-15.158482,-21.489662,1.8469281,6.9342175,-1.9193512,-25.99458,40.428497,-41.451763,-40.91411,-19.007492
12.441544,41.978333,28.32682,-10.588724,-5.2015157,-71.505196,-32.920464,-57.613125,-18.5343,-105.10805
-70.36273,-17.757143,-20.126621,-25.308334,15.08433,30.416473,17.772287,17.472105,63.553455,-46.782738
19.50164,-20.183443,-58.445297,-76.33271,-15.698164,24.300985,71.826706,-23.770641,-76.975784,35.517853
-18.683187,-56.680584,-18.412971,17.292042,-0.5522888,-41.80596,71.72978,-37.722233,-12.395716,-58.61156
-31.567038,-43.68677,-56.376354,-69.15614,-22.306429,2.1808908,-3.0279746,-23.629702,7.1834455,30.56287
4.1691523,-40.344322,7.5026903,10.499912,18.23789,-57.329586,23.619877,-85.048904,-22.985312,-23.121433
-7.3147874,-78.93758,1.0738678,-45.457516,-0.019141775,22.730253,52.384445,-104.22025,38.15754,28.323526
1.6715086,-40.872498,-50.709305,-25.667946,-21.76657,-25.17502,-14.73158,19.784204,-41.637547,42.299465
76.42519,12.96023,-4.3492255,-24.159147,-0.77930206,-10.696772,-60.106575,-1.9704772,-31.049461,-43.46182
-32.702507,-57.357292,-9.331234,-47.291584,-5.456953,17.262756,66.15855,-66.704765,37.50927,39.090424
1.2280071,-8.795535,16.866169,7.581749,-21.864326,-68.16946,-36.263294,68.85874,-0.957329,-63.044735
-0.0011937208,33.766586,16.681946,-27.964191,24.577808,-31.923779,10.194596,-4.251721,-28.074768,-84.540215
4.8589673,-5.7672095,3.7811859,3.615384,-18.228191,-30.561966,22.109638,-22.972134,-67.38445,-14.087344
-53.262848,-20.42616,-15.258857,-11.712027,13.935001,-67.23297,43.81959,-18.650751,5.4003386,-12.875759
55.77384,-31.439697,30.984102,-3.5883412,15.581682,-37.972595,-30.720596,-5.4153843,2.8189578,-78.74523
-45.76772,-23.520195,-2.5587308,9.816394,-9.607686,-31.624254,65.33811,-40.859573,-10.133225,-44.596836
-24.329443,23.694553,-58.013374,-53.08749,-9.408052,18.702198,29.761292,-0.64179736,63.500587,-20.664051
0.052348673,-35.783474,-59.202297,-35.85528,1.8323655,13.0443325,-2.4109135,-21.462585,-58.384014,32.89401
18.470398,45.22145,23.96113,-36.390026,6.8193226,-10.240941,7.223243,7.1598206,-35.00631,-72.585526
-38.548405,-28.530134,-38.995174,-54.17856,-5.9752517,21.385527,-19.165468,10.151825,-42.352543,29.65052
22.574654,-11.7499695,2.1976295,8.381405,-17.328276,-20.786224,-57.76813,37.512722,-14.934797,-37.845287
-45.81203,-44.722504,0.65107155,-0.18442816,-1.3365047,-47.47935,69.04351,-36.441067,-2.129547,-42.082664
12.645137,-62.478264,-13.472736,-47.57535,58.005074,20.72499,30.926563,8.152325,72.82317,41.33646
-40.653076,-8.945651,0.2805506,-44.216034,38.020275,38.57112,19.896492,-6.07374,60.121475,-63.378757
-15.775492,-21.878288,-30.889984,-20.913277,43.052666,41.289925,46.320526,-37.47116,33.52314,-23.323105
-31.556486,-71.15136,-22.68343,-51.38099,-24.680426,-27.975632,27.991724,11.0371895,3.1357818,52.48349
-10.782708,-60.42239,23.017378,-15.858366,14.303223,-37.69005,14.493293,20.307089,31.703758,0.11442411
-21.36633,-41.811172,4.7805767,0.82219553,-21.801954,-65.21352,63.38146,-13.226175,-57.323807,-25.532516
-27.36356,-27.199226,-25.969278,-9.787511,26.879803,34.010006,58.926247,-15.408891,29.264414,-46.89315
-30.684263,-71.41436,10.006511,-47.946583,45.69299,1.3774109,37.404377,-70.39432,65.70092,2.6532583
54.599976,8.994285,-0.38337445,-25.781542,2.8051124,-19.396284,-48.90174,8.078609,-24.490969,-60.329536
-67.57775,-66.11812,-19.328625,-55.168655,51.146133,-23.423563,45.970272,-5.452007,40.52391,7.3943067
32.192356,2.2204988,31.506945,28.691898,13.329034,-4.6000714,-48.582592,-21.404379,3.2352986,-79.69069
21.22563,-13.123186,-48.390858,-60.50956,12.911535,-2.8617704,14.001137,-28.332323,-45.086525,27.15902
-25.15561,-31.925362,-50.89287,-18.296595,8.260929,-51.713062,20.443382,4.6144924,44.231243,-34.73239
-17.350506,-26.6624,-29.065418,-77.54108,-60.127434,-13.808189,9.409138,20.86718,-40.18125,53.56892
-20.084782,-58.108765,-3.7423162,6.506334,2.5424385,-52.6473,44.492397,-6.818869,-29.347229,-15.140524
13.859287,38.544086,20.01779,-0.7668308,9.088543,-57.95654,-44.28221,-31.331284,-23.541252,-101.90887
-15.859205,-43.75382,-44.504036,-67.0868,-34.21654,-10.744032,45.15629,17.861506,-45.289032,15.779018
-22.360374,12.360772,-35.363472,-24.49293,28.12502,26.754477,48.418396,12.325189,37.66751,-57.698963
37.999084,50.898293,8.523481,-7.779984,2.5829997,-52.196167,-52.893944,-31.749283,1.9635506,-62.387203
-19.092148,-42.467712,-19.76967,-24.791256,24.086618,2.9045904,52.272266,-34.255795,14.067685,-15.005057
-45.083096,-57.66482,-45.209953,-11.783181,26.144796,-4.15058,32.797157,-36.56085,51.811417,-13.051137
-38.36432,9.357194,-55.99368,-27.93558,31.460405,33.65022,42.220905,6.445117,48.975723,-38.668224
-42.822273,-1.0791655,-14.322478,-13.446744,15.029724,58.62475,41.545345,-2.8402343,29.307667,-45.429344
-14.239889,22.443684,12.065135,3.0676727,6.979462,-24.47058,-21.507853,-9.505888,14.078056,-71.775375
49.699303,-2.8458486,-10.954587,15.449132,-35.49582,-35.9524,-20.397226,-15.153424,9.403905,-79.8197
-9.304467,-27.211914,-11.998004,1.2472148,6.2885,-32.464497,65.29793,-61.75608,-43.93331,-55.996567
28.817835,16.695862,50.473938,11.014798,11.73361,2.244984,-37.915363,-21.390867,-25.754156,-94.6303
34.205948,17.137575,41.551064,2.9650798,16.152086,-46.64558,-2.3049622,52.423027,-22.016886,-65.82617
-44.909622,-45.454765,-27.745518,-32.601006,4.1740184,-36.913216,-10.754437,-10.661148,-12.628019,13.263353
-14.252816,-6.6366043,-57.907772,-34.00505,-14.103318,-58.06564,31.946934,87.14889,-68.40267,45.772606
8.406253,75.95721,61.111393,-18.570356,32.66997,-25.358326,-37.732273,-21.24922,-5.2774906,-52.27359
5.876243,4.1094885,35.182983,-13.41599,-7.8190656,-21.945475,-36.59658,5.01566,-36.66918,-57.014347
-24.258524,-32.23827,-10.385093,8.207449,-3.3810089,-54.235664,65.55477,-35.092155,-24.003187,-30.73415
-48.790493,12.142712,-27.8657,-4.5574646,-7.3823304,13.854834,51.187443,-52.584637,31.083822,-35.078655
-34.144657,14.272584,-15.08676,-45.397568,-29.648857,-4.834806,-37.09601,31.062384,-25.365164,-24.54547
-43.750484,38.49183,-50.00202,-39.527874,0.8317951,48.429173,16.286783,-2.023974,36.847015,-41.187996
-38.610996,-51.047035,-33.35822,-62.363613,-29.005846,-7.6393714,3.7424402,-17.096853,2.5264466,27.112335
0.8958963,17.536627,37.460567,-22.778307,-17.602234,-18.758839,-0.12471604,6.2752314,14.212789,-81.67378
-52.66133,-20.724588,-10.7605295,-19.657946,8.301111,43.61412,50.54194,8.467744,3.1587744,-30.563185
46.42611,12.862544,15.850623,-39.158367,9.888923,-3.4327412,-46.51631,21.966932,-44.155575,-39.77821
29.303455,18.177536,7.4068766,29.250957,-11.503914,-30.139984,-24.10966,15.076461,7.5553365,-40.980816
-57.315315,-37.558372,21.778584,-5.282662,4.327155,-61.607006,66.66113,-5.136109,-40.404335,-10.453274
-15.254688,-69.62788,14.611437,-42.625374,35.973705,-2.3068414,76.24334,-26.686571,33.94267,29.617512
-49.17494,-73.327835,-22.239126,-41.32401,58.283566,-21.638876,67.24839,-11.546873,43.37857,9.290758
2.9430256,-37.850185,-14.662529,-48.465645,-22.351505,21.917673,59.05533,-10.080694,0.3023142,-2.381741
-22.860184,-2.0913312,1.3868119,-60.72499,24.400892,43.820442,48.37079,-9.857114,52.849148,-75.37442
-12.085997,-52.38083,-3.032971,-10.401026,45.93437,10.416046,34.547997,-46.369125,73.393425,11.580614
-27.91228,-31.0642,2.20393,20.77161,-20.975357,-33.354248,35.22263,-18.534252,-47.340305,-2.6937888
0.8168865,-42.380314,-27.448805,0.2307812,-6.2509413,-75.7107,65.768074,-29.099161,-26.335983,-55.44316
32.85077,-19.20726,33.936497,30.887608,19.290894,-42.916344,-38.60373,36.31618,7.4048777,-47.111492
21.620098,15.101845,-49.84147,-92.80549,-20.932049,-16.450163,2.461038,-38.123302,-68.938995,-30.629005
-33.20328,-24.759697,2.6725543,0.22690034,0.005685568,35.90915,9.185445,-22.87785,-12.304314,-25.934137
-22.83044,-22.81168,28.069624,23.0416,15.596421,-54.013756,72.36848,-38.37361,3.2414737,-20.204073
-47.775253,-33.18189,-8.056226,-3.3978477,-19.581278,-69.35463,53.621395,9.55705,-17.058762,-19.631203
-33.234653,-16.765574,-66.34997,-12.557594,-3.5156717,-12.459785,-4.319652,-29.531279,-42.295082,15.185087
-15.024599,-64.959564,9.544487,-52.15549,43.75881,-9.1236925,12.95906,-53.241104,69.45221,18.481697
14.434117,43.00589,39.50437,36.364597,16.084114,-64.723816,-54.98065,-14.650706,1.262351,-63.20338
-4.58678,-9.672771,1.6138804,20.333519,10.953152,-33.970173,4.236573,-52.208927,-29.99104,-55.894745
-45.31888,-3.539093,-31.391197,-47.12394,36.43317,54.293335,15.071746,12.475485,66.80006,-27.641808
7.3911643,11.635733,17.474075,18.339981,-0.7223728,-41.960377,-61.820274,29.146887,0.57108617,-11.517686
-25.206057,7.797823,-5.48126,5.033837,-31.317173,-40.927612,-41.715397,-29.566961,5.1137857,-52.7539
2.3464549,-5.844594,7.943922,-14.646704,-23.92768,-59.471653,6.669745,-32.335888,-33.263294,-20.878904
5.382095,13.299529,18.383268,5.5024695,-40.68435,-34.477222,-15.053217,-4.441122,-11.25733,-26.24973
-9.845025,-41.97032,-13.762887,13.094095,5.322525,-34.450047,56.168713,-47.25706,-23.972408,-58.43449
-13.582526,-18.15265,-32.48725,-86.79845,9.696739,2.4221537,8.412126,-14.8231,-67.65066,18.379616
-25.621576,-5.212901,-3.3877332,-23.017672,-2.5753276,7.069337,46.9792,3.920495,-26.069113,-70.428894
-51.157944,36.19686,-49.798508,-55.368652,1.4691399,39.953342,31.217907,32.775227,46.565155,-55.55363
-28.756996,-54.280586,-18.55427,-41.935642,15.009663,-29.553696,61.39265,-64.47709,63.594475,2.9674783
-33.900475,1.1382208,-74.731415,-60.513157,17.314692,21.742723,25.352148,-23.871866,-86.82928,25.189278
-43.68837,33.818295,-58.11717,-10.025748,-3.7401345,56.719334,28.93881,-12.9220085,45.673515,-23.648897
-55.43532,19.811108,-45.269093,-29.222448,17.445827,29.204725,51.168087,27.578035,44.422775,-49.883804
-21.793549,-5.0669756,-65.898285,-29.295229,0.6050196,-1.0642713,32.66349,16.451553,68.18682,-55.04487
11.397286,9.857164,42.031338,-13.885862,0.5743705,-55.479298,-12.21398,40.06279,-19.519054,-84.28509
-29.237741,-19.44835,-25.928902,-50.245605,3.5062304,22.119175,33.792496,-49.185883,56.705475,-2.8860378
-20.31846,-86.38942,14.613267,-1.7716614,58.57152,-0.16792993,56.092953,8.677353,75.11533,6.765025
70.335754,29.501356,-2.2017694,-35.146004,-17.273409,-14.92143,-50.398235,-6.9033756,-15.958619,-61.0466
16.946371,24.880257,6.463046,-8.055994,11.698753,-58.535503,-35.646347,42.164093,-34.058475,-68.98029
-53.3524,-37.72632,4.1804237,-28.853,13.483796,-9.349876,46.345985,42.486393,-39.592876,13.101241
-3.3686302,-30.505547,0.5614648,2.2998886,13.150215,-49.533947,62.81876,-15.820559,-83.85358,3.5370317
-13.567926,-64.01235,-20.386097,-13.113254,-32.880104,-66.01576,61.669,12.372466,-56.410084,-28.453814
-3.7497125,-21.005028,10.429302,-4.711471,24.089401,-79.35673,61.919033,-46.892883,-60.056423,-40.898247
-25.73494,3.8899524,-44.934395,-36.537144,20.597729,24.458866,36.117157,32.4769,48.563866,-51.641853
-31.37606,-41.727386,3.476442,-7.5491476,-10.263334,-79.72605,50.022316,-25.233982,-28.814178,-19.26561
-35.16438,29.523443,-23.81032,-47.066658,19.328651,43.224377,26.853008,6.656318,40.989475,-46.15276
-7.4673038,49.966145,-34.091293,-27.494345,-2.559049,68.505775,31.487282,-4.280943,35.367287,-33.69834
-19.578417,0.481025,-48.865723,-30.338346,8.5973,-29.12231,3.3222227,5.7328672,-55.984142,56.57789
-27.217718,13.748925,-16.9495,-23.324842,6.1899953,34.415443,46.896973,1.0800437,67.13831,-62.427635
24.432955,18.893864,26.379652,9.487403,-20.5097,-63.22671,8.476096,30.908028,-24.450932,-85.46734
-27.126406,-28.740046,9.525341,-2.5308905,-4.581868,-62.56187,56.85193,-17.515049,-19.956062,-24.951437
-47.32775,44.252106,-38.466644,-28.93613,-5.080037,89.1519,30.508932,3.9954543,38.99316,-48.291286
-4.222475,9.593535,-9.293427,-0.9012495,6.641037,-61.322735,-58.477318,-4.3982377,-14.481022,-42.634487
-100.40169,-54.673664,-92.2318,-14.983931,31.288355,-0.8749017,-35.277542,-1.7256333,-78.746254,4.8814297
-20.670038,-30.453403,-34.035213,-20.287289,-9.183301,-4.243694,-33.927948,4.278392,-68.35297,40.71238
-21.883944,27.26944,-8.282152,-21.19076,-2.7462735,-48.497185,-34.468403,15.232869,-22.87879,-58.242123
24.80649,38.001637,-11.2664175,53.299133,-14.92657,-47.127502,-30.904541,-4.5262737,-17.462997,-28.294016
46.500904,3.6826823,18.86856,1.6228573,-7.5739822,-45.018387,-44.938965,8.709309,13.85323,-43.70843
-9.830424,-49.56642,-9.528667,-43.21705,43.58286,10.9026985,35.165718,-40.616344,53.146736,-0.77889663
-6.6866956,-11.619636,0.82743883,18.14542,8.648916,-55.50198,62.70036,-9.552993,-85.79367,8.282823
-13.439658,-33.662895,-22.897552,-24.020546,21.05301,-7.604029,54.92263,-33.507835,31.210384,32.001446
8.52516,-54.56731,-35.760403,-29.216896,-35.33328,55.790737,28.154654,5.543317,-40.495285,57.57651
-29.075912,-29.861307,-24.331078,-33.882313,23.298254,17.518005,43.475636,-21.662271,77.4488,-4.380609
-37.828896,-50.278435,-7.4399395,-6.778517,31.162485,-28.357729,27.057692,8.734733,33.718307,-1.3425543
-10.34721,-7.8178434,5.366808,-22.90673,-17.465559,-51.558903,-49.712852,-39.07828,44.64839,-61.439613
25.997805,-16.962328,22.253109,26.748066,34.320404,-45.098167,-37.774815,33.20143,1.8614235,-48.171974
-36.486267,-32.15372,23.225084,-8.408895,39.20827,-57.055912,48.566704,-47.47501,-16.071478,-23.627958
-36.2473,6.955208,-34.231518,-14.08884,-25.440834,45.765446,10.063884,-4.6949267,48.06182,-50.660885
-37.70582,13.619566,-62.148537,-41.716057,30.582834,55.735527,10.176682,19.026121,51.132317,-56.44031
21.015015,-54.041428,-13.629566,-16.148727,33.474827,22.373201,52.983727,-46.389317,76.00114,28.659168
-17.499239,-69.94151,1.8823771,-46.35922,41.37276,10.581226,58.94684,-14.558464,66.81266,43.134743
10.058932,-24.004301,-26.494999,-55.142025,-23.822405,-10.345673,-9.795913,-4.1611633,-38.23266,28.943796
-19.036716,-53.10026,-0.098571874,-6.847219,18.911985,-65.868805,43.887775,-39.31525,-22.878494,-48.460182
-23.028843,-3.5130622,-65.27077,-46.733643,4.268686,25.393747,13.691905,-14.523897,-31.501997,44.269646
-9.413592,-7.631128,-58.75266,-34.857536,-12.119638,-16.466091,-6.2442713,0.038021307,-44.75764,73.67323
5.473118,4.677819,-0.5218975,-2.1963391,29.548965,-43.667797,24.100372,45.17622,15.400356,-30.098522
2.3923106,8.19924,5.0065327,10.995363,15.666915,4.94557,-3.7415478,11.888993,24.93142,-76.098236
-34.472492,-50.343388,23.236145,-21.462334,20.089434,-52.149105,41.965355,-33.801304,-0.8322386,-3.5674179
-50.30002,-22.96885,-20.870857,15.1813,6.277657,9.707754,34.016994,-4.1917295,-6.6122193,-22.122147
-39.76403,-27.786543,-1.5330603,-66.25601,-28.616308,-18.590263,-44.04826,27.347015,-0.5695647,25.772034
-45.252872,-29.119097,-4.599092,11.517716,-21.483076,-34.781162,55.40333,-41.634262,-17.769537,-46.304638
-3.621062,-55.137764,-30.859055,-17.495398,-12.844289,-74.29274,57.17106,-12.736384,-36.018612,-23.603077
-16.543074,-37.245014,-12.897549,-14.88793,-24.982327,-59.876358,67.83221,-5.743593,-55.69988,-23.160358
-33.169815,21.83034,-34.0978,-52.3237,5.7003236,27.23749,42.086815,-6.7941127,28.744644,-47.609768
41.469193,-6.573975,32.167988,-4.275612,-2.7199638,-51.58315,-24.110783,-2.950959,17.254318,-59.222828
-13.8441,-39.32107,-13.343455,-35.274635,13.473912,38.331097,32.148346,9.317744,46.143017,-101.1662
-4.785282,-55.2727,-4.5587935,-31.62214,46.259037,18.168861,27.478561,-15.657298,93.48897,31.777184
-12.459817,-71.630806,10.209176,-7.4035645,51.54387,7.7117605,31.544226,-25.03311,62.16562,5.6666865
-40.06237,-52.69181,-21.462666,-13.68372,34.30576,15.89867,65.5995,-35.010277,43.133682,34.208557
-35.298496,-63.461887,-65.51884,-65.92575,-5.9604917,3.6475327,-27.491234,0.25462368,-20.943008,13.566329
-7.5088587,12.29604,-9.283551,24.34673,19.719162,-62.542843,52.4278,-33.667137,-33.867817,-18.720211
-1.8134007,-60.17197,-24.845436,-26.02356,34.683567,-13.271342,4.8740573,-18.418243,73.97937,0.22572935
-21.061163,-53.457874,-1.9086611,-38.221325,40.239273,-4.085669,29.48077,-25.681063,88.36062,14.643016
20.709316,38.561993,15.945716,-13.588532,4.330649,-38.227345,-56.82875,5.212762,6.2627454,-47.66221
1.4338474,-54.610954,-7.6079097,-24.290825,57.275333,10.600014,43.117764,-20.163527,58.71447,27.438072
-33.674294,6.1709747,-43.70021,-63.814922,-8.010734,21.856943,22.572727,31.49862,55.44745,-63.386204
-44.105556,19.308657,-45.969513,-36.04168,10.551531,38.604267,31.124683,38.231426,62.95019,-55.919506
13.003803,34.273594,24.90767,-30.25436,-11.991229,-50.041904,-63.10663,13.542007,7.0211205,-51.021957
-47.67783,13.798165,-35.764706,-17.780785,11.104614,34.235615,30.548395,-13.443187,35.954575,-42.06852
-16.292534,-4.3039865,3.6916654,20.207085,2.7121282,-64.49542,60.462337,-14.320166,-41.637894,-7.8529243
-7.7562633,-6.5218086,-54.58136,-13.700639,8.306907,68.62383,39.272526,-7.6658072,27.419119,-46.495125
32.24816,34.155666,42.979427,-6.5241427,9.825977,-23.12997,-40.189037,6.919851,-42.14127,-98.14789
39.310215,-5.020584,-24.49106,-43.67903,-25.21592,-21.352224,8.575036,-21.922316,-61.89222,35.66449
-2.5054598,-32.84667,-0.69928443,15.574344,18.232286,-38.63034,8.097887,-18.79412,-23.281227,-55.953884
-7.178853,-64.141365,-22.505741,-54.58966,26.96641,-15.889185,38.434635,-51.984886,64.773636,-13.634613
32.76811,33.423454,4.34258,-3.484507,-5.9497457,-44.94624,-41.06135,-1.4850243,-7.174092,-41.484245
-33.40427,-17.551012,-21.169674,-27.075819,-32.89939,-31.807823,-49.852814,1.9638901,-21.175013,-12.991452
7.9241853,-44.643375,22.958517,-47.013687,17.949003,-8.355141,18.737242,18.169111,34.310097,26.365496
-27.440903,-2.663587,-76.32528,-13.190696,9.859387,-8.256985,8.004555,-10.6861515,19.934227,63.37478
-38.66313,-33.881603,-27.037687,-33.09675,-10.821681,59.2112,30.446665,-3.8899925,5.1566153,-15.831217
32.290348,-3.3719826,-96.618904,-89.94351,-26.646196,7.2001543,14.820217,-10.899283,1.970408,14.60133
-9.655006,-4.9492283,0.9855275,-10.1702,-34.014416,-60.475464,-24.22136,-6.048435,-15.051477,-115.03318
-46.143867,10.453619,-38.062386,-35.153927,29.204483,32.458057,46.58515,9.684045,63.30135,-51.31518
-54.159275,44.10573,-44.075333,-38.28403,6.5946536,44.564896,51.436073,-6.222593,31.313616,-17.965147
-25.841236,-65.28851,-30.509033,-21.955702,-42.93656,11.529259,15.676374,11.90283,-30.993511,42.981842
-21.373365,-62.98875,-23.492945,-9.814461,66.11061,-7.0626006,54.574898,-21.13272,70.20552,15.277491
-18.166042,-55.584835,0.7637961,-16.298294,76.31766,-3.6184683,35.601177,-47.1423,57.04075,-4.6338763
9.102746,21.202608,-1.783362,2.0341015,-18.150185,-36.58848,-45.12158,18.358759,-15.408913,-24.67316
-24.660786,-21.133663,-35.414307,-16.962868,13.266156,-6.187787,35.92869,-24.67654,65.35505,44.85774
-10.911546,29.250738,-48.968197,-48.77803,5.919717,16.68722,54.134212,1.9074467,62.329323,-34.37165
1.9969102,-34.98691,-19.535362,-26.03169,-2.8607087,-7.2978764,51.462482,52.29281,-24.828575,21.465864
-43.67174,-16.017012,-26.2737,-17.707346,8.367052,53.3046,35.894356,-1.0212452,44.46084,-58.901455
-14.797577,-29.205872,-44.062435,-32.63549,-26.183022,16.564093,8.671109,-19.715431,-70.81107,50.01171
28.328634,7.2920303,8.246797,-19.819109,-0.48761255,-54.627434,-32.36736,-6.989787,-9.759973,-117.33877
-38.547684,-17.714285,-18.684675,-21.697412,-13.753534,-13.853921,41.305088,-39.824978,-40.245426,12.297338
65.72107,4.4373493,-6.691318,-27.928493,9.410507,-23.49678,-45.472855,5.9281497,-10.978769,-49.20859
-45.433685,30.678558,-21.74317,-43.52392,15.984003,40.035763,52.47908,21.997545,56.76038,-42.772625
-15.426618,-55.043533,-30.024765,-0.4184835,-18.150007,-67.49475,65.025955,-21.770048,-8.214671,-44.12659
16.288979,25.277847,10.695688,6.417922,17.543793,-63.414387,-57.83933,-10.2787485,-15.549963,-78.77969
5.083217,20.720972,4.2975616,14.016616,15.790253,-76.80147,-59.60082,-8.379706,-25.627922,-87.755905
-27.541855,-57.4221,-2.3399498,0.5624294,-7.9227386,-37.84196,65.79925,-43.030754,-0.79047436,-58.817135
50.184372,-28.60607,37.85478,-6.1249332,18.478704,-42.136414,-26.639698,2.7442331,22.98603,-58.348843
-49.92499,6.2172804,-42.590313,-42.91831,24.39578,57.214977,36.761257,-26.361372,51.214096,-33.275684
36.726807,-17.565153,43.069176,-4.627174,-3.9659553,-44.99406,-15.582758,-11.488953,17.014359,-56.11738
26.02728,3.014331,12.900109,8.400275,8.157112,-27.724722,-53.617313,4.7099075,-8.069741,-81.83872
26.991095,33.958927,0.041320086,-40.581856,-30.00337,-38.427155,-49.69426,7.990428,-3.3208272,-55.051945
21.268747,-0.8159569,32.654716,1.7724843,6.8758087,-43.726864,-0.46605113,4.768388,6.2136645,-38.66836
-13.911165,-72.30769,-26.464773,-7.87605,63.288074,-4.7198143,37.07248,-32.465923,84.87043,7.8380055
-6.7390656,-20.986202,-17.064323,-37.931263,-12.422891,-33.818356,47.09943,-68.51601,-10.63705,2.026733
4.07799,-66.10465,-23.384201,-11.708777,61.697926,7.637355,31.97794,-15.378438,75.05738,15.475739
15.870812,-13.463647,-59.115086,-41.54549,4.319227,22.739477,5.325236,-5.830597,-28.921476,29.041267
-30.982914,1.9466969,-43.44811,-67.57012,-27.419115,53.408585,0.9064279,-2.3644328,-64.91591,41.992203
-40.97741,-46.60567,4.6663246,5.855506,6.5081086,-33.73121,54.915592,4.9464536,-60.912487,10.259686
-21.717348,25.392855,-50.939346,-37.115314,11.436005,32.82159,30.005875,-19.205452,60.158535,-37.722816
-11.924908,-7.9726906,-36.641033,-38.933132,31.035204,36.590633,29.267618,27.516867,34.133286,-59.064484
38.590885,24.375864,-1.3048407,-23.86173,-3.0248027,-17.89801,-45.7767,30.935486,-23.51147,-46.198544
-18.02185,9.2573,2.0097568,27.303127,-17.56252,-41.62896,-7.4872637,-3.158933,-13.095094,-3.6834433
-19.775644,-56.28232,-25.971384,-13.968823,43.673347,10.334541,73.20651,-28.443613,74.53127,26.879662
-37.60838,15.9337435,-42.352737,-8.131691,-10.4213915,52.80217,12.446448,-23.494102,67.71941,-38.270588
-20.306667,27.844563,21.470867,-43.840733,-2.0892553,0.5090833,29.827852,3.262461,-16.125456,-65.01714
2.6023088,12.78691,8.04227,-25.741222,20.227299,-71.31007,-36.287422,58.00169,-3.596543,-90.17395
-18.055347,-1.081379,-38.50716,-51.189537,13.274149,-20.659616,-11.030226,3.8369207,-93.4032,34.18529
-10.218836,10.499585,-27.774282,-61.98619,-32.13046,-0.12658969,17.355396,26.4477,32.561283,-56.222935
7.195677,-11.641484,-45.841923,-71.013794,-23.023813,35.998222,18.193348,-39.145557,-74.93157,54.52034
-24.954552,-15.526989,-43.42931,-41.00158,12.773503,-30.600433,-8.814704,-3.5815916,-79.51849,40.60622
3.3260264,-52.46496,-13.858323,-11.729555,57.301907,0.33790135,41.70028,-16.265358,70.120415,16.819683
24.600628,-20.024374,56.350174,15.526515,6.8841634,-50.84567,-19.334524,19.875624,18.253654,-60.279636
3.1382937,5.3141365,35.93886,8.824327,7.633347,-46.31436,11.57477,-51.400696,-20.897669,-15.507046
-39.060635,-42.346638,14.478224,-20.48862,32.51028,-54.523438,33.484356,-39.400322,-36.09464,-20.008566
-4.13025,-84.99365,-5.251894,-17.001984,32.731823,-3.997301,50.883923,-32.912304,76.66438,8.949395
-0.24666299,-39.941288,-44.35713,-70.482666,-33.180206,-28.845427,4.0020046,15.962356,-29.858494,33.060787
-12.723365,1.0445604,-51.698067,-26.358955,3.9376593,25.448092,54.71404,-3.6516676,71.47331,-22.755766
14.749368,38.633526,24.633615,11.411686,43.27146,-48.76227,-32.16775,39.186317,-31.810455,-87.99461
8.334746,-27.169992,-34.60063,-11.011252,35.733864,3.2477577,59.38097,-44.369293,52.251358,44.364433
6.754928,-8.219639,-22.29237,-75.640785,-41.17529,-21.10391,10.202025,3.5595722,-42.705452,53.335583
-30.277985,-23.867756,14.724989,2.3979406,41.809402,-50.060623,39.11162,-62.49845,-32.319332,-37.96117
3.164905,-18.688057,15.25562,-19.585215,18.341307,-51.065735,-3.8419566,37.620724,29.246117,-22.42671
-22.433046,38.193348,-43.101353,-49.051384,14.079363,71.85151,46.291996,-14.851153,21.57405,-34.585842
6.3834085,-59.109447,-60.87446,-45.714176,-24.728878,-29.792568,-7.202894,28.6507,-43.425896,24.981174
-34.477226,23.583063,-60.576424,-85.66154,-33.88839,21.882305,-10.177871,12.476185,-33.686527,18.381939
-42.25778,-37.59,17.292305,3.6718078,30.034023,-29.309898,63.143593,-52.228554,-23.467403,-10.503337
-6.9732122,28.454327,35.129017,1.1617513,4.105332,-30.21789,-29.87472,15.1109,-14.106916,-37.46313
-31.724379,10.649755,-41.565193,-37.499893,14.299583,30.183878,38.463676,35.89814,49.57044,-62.727894
-16.486988,18.265476,-41.08476,-64.896225,9.705021,57.83507,31.165462,7.939684,2.186718,6.907761
-2.7179947,-37.496998,-47.458904,-24.032818,18.852188,-14.493588,51.61021,-32.242786,41.17622,20.874931
39.721397,8.25462,-8.854881,5.6065073,10.265297,-23.794964,-40.584595,34.329834,-4.311506,-66.51393
7.9140854,7.3216777,24.414286,8.019387,17.400278,-85.26781,-12.174642,22.163994,-3.5715282,-91.11445
-35.551163,-52.54706,6.2964735,-12.037568,47.32218,20.06766,66.629814,-29.80883,46.492302,2.691852
-30.438595,-28.755396,-59.99711,-26.212048,-15.53035,9.022793,4.7780185,-34.308968,-44.206364,7.604792
10.324295,-7.8247247,2.6881716,-6.3322935,-21.716148,-55.18868,-15.151433,25.771023,-14.822426,-112.26723
-6.551312,18.71098,-33.366375,-19.410452,8.747986,29.571821,66.94066,-44.60021,-13.108204,-51.973118
-33.11249,18.689987,-51.8733,-30.052025,25.870247,28.063723,32.954983,11.266617,27.822842,-47.42302
-17.54273,-70.53872,-21.92063,-11.885625,58.269367,-1.5196136,33.000763,-17.119574,97.53866,16.257713
12.810914,16.955486,6.452817,18.928078,7.700437,7.306513,-13.056109,-13.640942,29.908337,-71.4906
-14.978879,-28.31228,2.5975435,-4.1898003,-17.16788,-84.61784,54.849884,7.0410028,-40.651356,10.777789
-1.9928923,32.326813,57.999584,-13.819988,4.4386573,-59.511887,-49.53523,-7.801775,-13.927066,-64.06303
-20.351755,-29.08116,-17.105888,-35.502995,38.66189,20.511192,56.636326,-59.67416,70.46481,20.478212
-10.189103,-27.34233,-30.796902,-23.303291,50.75366,33.32725,39.49276,-64.50887,44.645103,-8.449907
0.55893654,-46.46963,-49.96288,-56.00501,-1.9931651,13.980429,-0.0119499285,-27.400501,-4.822575,19.285814
-14.140126,-52.600178,-18.72729,-38.10481,12.401866,-15.20566,31.642498,-6.428251,69.00705,13.309882
5.5315886,-16.716679,-38.151424,-40.525673,-25.782595,-9.993757,0.4061153,-20.00034,-62.0165,57.73011
11.139016,51.976364,42.090736,-13.432836,14.169008,-14.577172,-20.048967,4.954422,-14.196999,-44.34927
1.0328852,10.374131,-31.067005,-78.57451,-25.269167,63.394665,39.672295,-10.080035,-56.866116,60.28923
-24.510592,-43.034863,-50.08086,-48.42135,-12.364433,-20.925425,-30.363636,-8.0232525,-24.160025,18.543854
1.3806015,43.12643,-41.58805,4.678734,-8.59555,41.70978,7.518325,-26.948402,53.51008,-32.592846
19.789179,-37.041176,4.0197754,-61.306328,19.523985,-5.688434,19.385437,-23.254824,87.9548,32.744293
-32.745598,-80.321846,0.50460136,-25.65805,-34.63749,-45.662373,76.27725,-6.034031,-48.363342,-55.75867
2.6671114,17.43996,23.580772,21.415459,3.006752,-62.596695,-45.37488,9.9929495,5.465032,-20.592897
7.92823,-56.03312,-10.190477,-35.358414,30.733875,3.0856373,38.88582,-45.73031,96.13673,12.362038
-22.739386,-21.959167,-39.12248,-45.59496,-18.303345,23.832859,-7.6735344,-3.3836813,-26.784678,0.8204135
-29.80017,28.84697,37.464436,-19.922886,-39.39376,-67.72058,-31.534452,-15.333832,-27.95523,-80.59396
18.46943,7.492478,30.13353,11.876679,39.470345,-45.526608,-15.717841,13.459286,-11.079108,-89.80411
-46.07402,-37.68101,-53.059772,-50.808846,-10.85902,-10.80186,-18.189835,-6.814056,-4.673261,24.787292
12.491852,12.091725,5.730913,22.911396,-13.423403,-7.3199015,-53.69118,16.92725,17.403221,-11.757288
8.919792,-7.9601736,0.34267062,11.004143,-34.00258,-46.53851,-50.543118,2.3527155,1.2159114,-32.687836
-50.451042,22.514528,-37.415253,-28.057823,-17.354296,46.01813,12.533896,-5.2063293,46.599907,-46.03404
-20.54478,-19.772787,10.110202,-0.7039695,41.64239,-44.592854,33.675026,-24.506716,-25.898855,-26.577406
4.259002,-1.4269633,1.0899807,-24.606838,21.532612,-35.728973,15.761606,0.9342297,41.402454,-8.712695
-30.140013,-69.0592,11.439739,-65.28128,60.428265,-26.758116,-0.41559154,-44.281097,53.816864,-20.795155
-44.457344,-30.150787,-28.124105,-40.58617,1.2670789,9.80103,8.152515,-32.422604,0.0726724,9.590031
37.755684,47.768482,11.546338,-26.015139,-19.083641,-42.44803,-46.32601,-38.929413,-1.0238068,-83.72246
-27.385696,-63.412167,7.2618504,-10.226568,25.27244,-7.1859636,67.51383,-0.7610625,56.310455,2.2786388
-55.321507,9.2687,-18.680058,-43.167465,9.103347,39.053516,31.702642,2.1572847,57.112484,-37.025326
-59.4723,19.404135,-16.468025,-53.49668,-18.73498,55.35044,31.796455,13.380307,58.22109,-36.57351
38.261745,23.554852,-65.04438,-95.251686,-29.462603,9.60872,7.4829135,-17.747318,-51.067623,26.017673
-24.431225,44.39417,-44.43876,-31.397177,-3.5635524,29.448956,37.77522,-1.417047,74.77723,-36.974518
-18.778305,3.2778912,6.8496675,-10.775371,-25.521332,-58.686497,-22.143873,-4.5168996,-20.529682,-116.18929
-3.860528,-57.23046,24.267975,-59.600693,42.837414,-3.6048672,68.57884,-41.900257,47.620674,24.400452
-27.309158,-11.149087,7.6840286,12.334348,8.431457,-42.852833,53.85084,-39.033794,-60.764046,-4.496437
-65.34942,-23.973602,-12.789409,-39.83144,5.4708138,40.022972,47.49979,-6.3986583,5.0432124,10.559747
7.6945786,-44.065544,7.6747894,-0.29416662,67.574326,-25.819483,10.648281,-23.449705,56.414803,1.9288081
-17.852598,-21.27393,27.10886,-20.291418,7.918094,-56.89377,50.227448,-50.44539,-48.844543,-20.9063
-35.57894,-25.220226,-61.862316,-56.527588,-39.054226,-32.652115,-14.18606,13.794489,-19.861855,3.25378
34.88045,0.120728165,4.5186176,-33.332054,-41.866253,-25.571232,-0.20789886,10.430635,9.780059,-66.04646
-33.541447,-40.099346,-11.676612,-77.3247,-33.095047,9.645886,-48.103905,0.064429894,-5.7295756,26.502699
-15.592707,-49.23329,-4.5694566,-1.8347604,-28.77715,-76.25658,57.73563,4.173976,-28.820574,-21.151047
-2.8542666,23.727657,23.032642,4.866877,-4.039515,-42.02107,-57.183105,10.207693,5.713723,-37.168205
26.445377,9.456683,30.325802,42.98013,-10.633986,-66.57472,-31.950975,4.828236,-11.963694,-51.15997
-35.602047,-19.19432,-79.02403,-19.826752,16.487797,-39.70177,-22.688154,-21.434282,-29.645668,41.58532
20.814838,-14.533196,-58.045433,-18.739279,-15.340056,-67.15098,28.11551,13.657061,12.173795,5.84394
-27.180353,-29.638561,-31.6713,13.550834,36.44296,-9.819291,34.584663,-34.529797,7.3716073,12.846182
22.437136,27.478788,9.786666,-6.5047784,38.863407,-69.834854,-44.466595,63.62807,-45.08436,-73.42057
-5.6857142,-56.423428,6.3403616,-34.63717,39.82081,3.1667612,48.243584,-37.087666,59.09799,9.458749
-16.883451,-3.1634512,-43.76209,-27.2244,7.8610907,67.2555,37.71913,-1.234156,22.599947,-60.993954
5.6604714,-1.1849722,-0.42912224,-17.292427,-33.54014,-32.80036,-18.384125,-16.855906,-12.596561,-20.755375
5.1219006,-8.510564,-1.5246649,23.273586,-8.8938675,-40.8008,-33.623577,2.1140637,-4.8728776,-49.489395
-21.494175,-55.097706,-13.209829,-37.50989,-19.286154,-52.311348,40.8513,4.422325,-66.98139,14.929159
-26.149565,-57.03651,18.101131,-39.028084,53.028263,18.918386,66.10239,-43.551716,61.557014,23.477047
-9.537605,-46.89654,-17.51024,-20.638275,11.927364,-27.835758,59.998425,10.859752,34.29569,29.623745
-31.199919,21.827467,-30.468855,-30.038658,13.211917,24.00671,47.125893,-31.56207,40.724045,-45.677628
-34.100468,4.734328,-70.177376,-70.20871,-37.768665,1.2613933,-10.746581,12.125518,-20.38561,2.128141
-9.491937,25.970133,21.341335,-4.35622,-33.8711,-57.07863,-38.870087,-7.1008525,-4.0037556,-45.3765
3.2782307,-6.756264,-30.173687,-79.49127,-7.2851315,13.293329,24.001291,-10.207126,-39.28538,22.087044
-36.90917,7.1647153,-48.99243,-38.646694,0.1525693,18.854965,28.751795,-5.5880103,70.1176,-49.427425
-23.256433,-59.691807,-22.207596,-36.504143,-25.445793,-5.4874206,35.258442,-15.876805,-20.48791,17.297825
-39.247826,19.349918,-56.94173,-9.996447,-49.551052,35.129364,1.9701304,0.52605325,-36.902454,38.979748
45.809795,0.8725264,-58.378723,-93.48118,3.0519443,-5.524513,64.91732,-38.859585,-79.90593,29.621143
-20.531086,-81.752464,-27.994493,-11.143036,67.912155,-13.201321,25.65057,-17.264503,111.25453,17.108429
-33.75278,50.579308,-47.584,-25.425962,-12.73139,55.80948,37.36602,-22.317041,80.20105,-16.477137
-26.533447,31.198477,-67.7636,-46.683037,14.242035,57.02684,39.115543,-10.937965,19.436642,-45.8908
-13.938948,14.832306,-50.559277,-35.085293,22.646996,57.445927,10.515485,5.7095013,50.312454,-68.7994
-22.503374,-64.96814,16.231369,-35.96956,41.305775,-11.473131,22.351698,-59.12738,77.117645,5.1287513
25.148504,-47.36768,11.921593,-17.85877,47.93717,18.168774,53.841057,-62.804283,65.03314,21.71193
38.77262,-0.73251015,-2.968058,10.724623,-14.039669,-62.978184,12.636859,-23.138275,-48.850704,-24.035013
-5.0374393,-70.4964,-24.26064,-15.314227,66.13193,-4.8114996,30.13368,-27.60699,73.150085,-7.14883
37.433018,-7.4625754,-42.68224,-60.580643,-4.291319,38.51077,52.935856,-27.00955,-64.61202,44.33783
-37.98617,-48.37797,3.2579288,-20.573746,-5.740138,-39.687057,34.287403,-2.1321137,-33.875328,17.792995
17.435324,-69.50786,-18.155392,-17.54116,49.25454,27.446457,20.73124,10.169869,86.54893,29.8914
-25.467543,-31.336157,-56.337814,-27.560337,2.0255046,-37.53481,18.782373,-24.541235,27.580147,2.9664903
35.077095,-7.6722493,-35.191616,-42.34135,-40.664917,-18.326002,9.9852295,-12.461159,-73.45955,18.580204
-61.973606,-30.80431,29.958532,0.6526716,26.689735,-41.570786,72.564865,-13.562505,-32.768215,-21.875946
-57.28522,-5.917207,-11.078987,-46.484783,-13.252704,27.388033,40.708805,1.2011528,39.670254,-43.668636
-18.083624,-24.89695,10.052622,11.224422,63.04588,-48.987366,31.634201,-50.259624,-34.22439,-28.227198
-40.770435,-14.365418,-13.073418,24.190163,5.702598,-38.23065,53.324818,-10.9005165,-39.536427,9.086615
-24.88136,15.599906,10.464007,3.7009587,-27.253227,-48.3645,-22.812014,2.2034872,-25.264019,-119.46846
-18.225908,-40.35764,14.0676365,-8.781674,9.722308,-82.16826,34.509426,-35.928146,-23.674828,1.4283818
47.344677,-16.268057,24.149265,-21.417053,33.39982,0.71831775,10.658402,-3.3476264,67.78478,-13.300248
-37.174107,-27.108418,-31.71345,-28.222107,-18.957626,42.32462,44.563667,10.26314,-3.216955,1.0148839
27.321884,6.9092937,-67.87647,-81.06243,-21.567053,-21.1536,5.346659,-10.3489895,-25.843655,28.953777
-7.584838,-0.61928123,-13.806812,-12.139161,-30.840113,-38.21431,-56.167194,17.916088,-23.635695,-34.318485
-44.14372,-26.149797,-58.30919,-47.838913,-12.688892,14.200783,-27.751884,-9.613956,-34.362,-19.638424
59.443737,-24.053707,31.729197,-20.466387,17.384558,-5.798472,-40.802055,3.0039124,-7.798909,-55.91497
12.07384,-71.68766,-18.321434,-35.73529,13.7975855,6.2646856,22.111006,-18.834826,112.354095,29.521877
-12.851223,-54.012115,-25.56465,-27.389803,37.53788,16.6417,71.42051,-33.803555,46.559765,39.03065
-21.851902,40.111603,-56.597176,-22.095543,-22.22403,58.997463,38.780556,-16.781223,55.580616,-30.063137
-35.424995,-46.221603,-52.353596,-8.154153,-23.021114,-35.72883,-22.502037,26.804823,-46.021336,47.188477
-53.020653,33.146168,-27.294579,-57.885635,13.567687,68.60983,32.91826,8.601151,15.489781,-48.41167
-0.8913449,28.837698,27.37861,-3.5046148,-18.302141,-68.03519,-21.029219,-36.936554,-10.614187,-83.93096
-22.460583,-22.910465,2.5575309,-3.5355356,14.171583,-58.13251,71.66022,-32.067043,-21.542822,-29.332373
17.637386,-27.289202,-55.97546,-29.891932,16.545444,4.4819613,13.86832,-18.306425,-11.8930025,64.63646
-10.724802,27.199718,-28.985233,-10.740923,-8.054161,42.072342,50.764133,-0.41713428,43.534622,-63.52926
-16.434668,-62.225636,-8.590993,-16.625486,23.764505,2.2487667,45.23264,-23.325966,80.07135,-0.6716502
11.00955,-89.71553,-50.1601,-21.196293,-15.391923,-25.297344,6.6473565,24.774685,-10.268512,29.730604
-15.0508995,-63.508705,20.399036,-21.885317,68.666794,-2.9808779,34.348408,-14.134659,45.462917,9.620166
1.7263628,15.019183,36.938385,16.375015,-17.399624,-66.36559,-50.36722,2.2343333,0.8736048,-56.292618
-27.300724,16.304068,-22.30758,-56.959164,26.375643,45.77309,54.54944,16.467781,53.683353,-82.95258
-9.01604,18.637598,1.0447505,6.5989914,3.2458029,62.367485,7.620008,-33.174545,59.62306,-33.911446
-76.59969,-68.91279,-14.921513,-24.561026,68.69918,-24.7677,36.444145,-23.81849,75.83567,1.9772416
-29.127117,45.864788,-54.752804,-23.88675,3.9506898,45.722244,19.290457,-26.792416,31.58536,-32.829903
29.411306,-5.6509323,-69.7597,-67.90613,-2.5678487,4.295451,24.63161,-40.406902,-52.848568,-3.140788
37.042763,2.581155,-38.127617,-72.94389,-28.046877,-3.2978919,65.25318,-21.265568,-65.75571,41.563576
-15.556599,-22.043789,-12.373211,-59.210766,29.58001,7.7045517,45.216133,-35.429115,93.24825,21.54743
-45.32954,-61.287834,23.386585,14.405328,-27.243021,-52.742496,49.807022,-10.108736,-23.107471,-17.906979
9.408879,3.5297973,11.703142,20.54675,-10.698057,11.630855,-3.9830832,-7.085976,8.362476,-57.910767
14.504888,17.829517,0.73561907,2.936274,26.29051,-76.45298,-32.626305,20.212986,-37.226665,-113.72199
-26.984766,1.4643868,1.3897238,-63.2972,20.073051,40.306953,17.123606,5.127054,72.90864,-66.55816
-22.376923,-16.523966,-71.72203,-21.409075,13.128924,-19.548172,0.4632119,-10.576531,-36.73406,60.009064
-41.750755,11.943529,-21.181927,-40.584373,13.592318,28.291954,39.954956,-7.644206,22.896679,-42.81137
18.17648,11.595379,34.962357,11.957837,-10.2883625,-75.2883,-44.82505,-8.249657,4.613568,-37.250793
-4.141229,-58.00632,-11.651259,-19.989037,-26.240469,-88.370674,46.93007,-0.7249553,-22.783506,-26.230665
-46.18094,-27.833027,-9.739667,-48.038776,0.098882854,33.79663,39.189075,-14.005948,50.81494,-72.71982
-19.15177,-61.89659,-22.043375,-30.3067,3.7461352,14.039424,25.137125,-62.691288,-4.608864,27.643108
-32.120296,-28.71034,-25.703983,-33.267822,45.79131,10.553129,53.479397,26.73045,64.8272,2.9667754
11.469637,6.9922647,23.772549,-8.227096,-18.523764,-57.589172,2.495431,17.712101,-26.079508,-113.242775
-37.36512,2.1418545,59.18154,15.191121,63.07588,-54.48539,23.335901,-42.689716,-19.349087,-8.823748
-51.953472,-3.7393692,27.97861,24.105946,48.94886,-58.11451,61.47593,-51.94761,7.8485117,-29.222511
-58.320576,-20.845196,-16.465118,-19.084309,15.840468,37.58171,45.69181,-13.384574,5.52122,-17.534851
-19.884598,-70.0567,6.125598,-33.318493,17.31635,-32.71396,43.786266,-17.670103,25.637806,10.277403
42.34902,15.738378,-11.569169,-21.498945,-2.8027706,-20.685593,-64.265755,11.799105,-37.247906,-54.324554
7.202295,-25.025272,-34.26338,16.498215,10.07736,-63.101322,73.8216,-37.67402,-23.055756,-48.313072
20.322512,-63.706184,7.391921,-51.657883,31.69434,-0.5038699,32.95682,-50.581764,65.0229,6.0204253
-11.221852,34.36699,25.804825,-3.9161758,8.738484,-44.65132,13.063166,-17.174006,-11.294999,-36.065105
-37.94776,-30.865847,30.81643,-3.894363,22.7657,-46.92332,54.229664,-53.754135,-42.248272,-8.329789
-15.542299,14.040119,-23.370483,-18.943497,11.217777,-59.60272,-24.385708,42.927795,-10.735226,-61.706093
-33.319427,-32.938618,-17.446783,-13.493453,-16.549095,-66.250725,65.96083,-6.9489555,-58.335785,-36.619667
21.967724,-69.550255,-7.8449078,-28.395756,20.080614,29.711996,41.641964,-8.375514,87.26425,37.64502
-11.983123,-36.427605,-14.111886,-2.813906,-4.4790363,-70.86474,53.808308,-2.2485313,-52.863842,-23.229275
1.3164907,-8.919858,-27.398373,-15.885928,-35.326973,-42.073616,15.72118,17.06226,-5.030621,-56.882767
-22.74242,-19.454712,-31.310326,-22.05427,-5.608401,5.567775,44.862133,12.669148,-20.051502,-33.51489
-59.446957,-18.161003,-21.078524,12.368871,-7.4309254,-64.67683,56.996452,-9.598045,-17.917421,-20.994574
-9.920471,22.85355,10.417223,-11.192348,10.510921,-8.826547,-5.9105296,2.4224086,12.674595,-75.13372
-9.931653,-53.615807,-19.959862,-45.830887,40.876827,7.4135933,68.867615,-15.016918,59.95089,35.55077
-37.06286,-6.3959994,6.700799,-2.1184316,62.97001,-82.36622,73.715195,-59.748016,-9.348679,4.557786
-34.18114,-24.032251,-14.312738,-48.474594,24.13029,49.570225,34.330124,-15.561057,26.08399,-70.67116
-12.400413,-30.096731,-37.601807,-59.01074,-59.65797,27.279488,13.390235,-20.820475,-50.52839,60.612415
-19.391579,-0.6952545,43.263668,45.786278,37.61164,-33.530914,71.405525,-66.57171,28.562555,-18.029926
6.929195,9.791386,13.675621,6.2412405,16.684072,-48.202187,-4.0164866,-57.18259,-40.518353,-52.73229
-5.6650515,-57.71568,-74.65822,-43.729733,-50.61879,-8.2083845,-38.14443,19.326227,5.045502,15.928776
-0.61826265,-16.7584,-50.36903,-78.32099,-38.520046,-39.82559,-4.6441803,27.953913,-31.790974,26.400734
23.071373,-10.859235,-33.414288,-73.61242,-18.713625,-26.662437,-15.41054,-9.121741,-77.91877,25.030666
-16.557474,-61.130363,-14.036172,-23.444675,57.198902,14.303112,33.217438,-12.382582,91.47929,27.408318
12.705796,38.29646,7.1526613,-4.920028,18.427305,-23.380558,-20.329634,-7.5487733,11.856133,-82.386635
-21.234211,-19.019117,15.710408,19.496487,3.5275207,-47.961864,65.43348,-28.266071,-25.570353,-24.43324
34.533123,-2.2513628,15.429925,21.34433,49.5012,-19.240168,-38.849205,46.6171,-10.586311,-59.98174
24.56831,-85.51285,23.461037,-33.092804,4.3094807,-21.859615,33.16198,-41.2284,62.273273,-18.168507
-49.406456,-50.122257,-35.29756,-20.698008,-0.96935934,15.895498,16.79825,-42.48207,22.798996,-18.280252
30.000359,-16.490421,44.288643,9.833812,14.7097435,-41.44856,-26.023876,10.185077,1.7293401,-59.83412
-31.607243,30.368898,-45.546913,-25.277588,6.538736,31.48494,46.57098,-9.586311,44.110798,-46.010586
4.998153,20.502031,29.189745,0.6656749,-16.786436,-54.133495,-7.8129783,-17.906523,0.27128032,-72.21049
21.891048,-0.93364316,-20.989006,-35.49428,-15.564691,-13.656118,17.42665,-26.883133,-82.81106,59.448586
-33.90119,-33.817528,0.42571878,-12.941277,29.649885,25.552948,60.69829,-12.713222,44.445366,-47.187717
-38.663227,29.421913,-15.064012,-23.52303,-18.327105,62.40199,16.551048,-4.3753605,48.08941,-43.876675
-20.668613,-21.004877,6.0842314,2.0747137,-2.4410045,-55.459476,65.261444,-53.430283,-24.443756,-23.448252
-42.87438,-53.42883,-21.92965,-25.868372,58.237667,-15.473083,65.301735,-10.609583,56.553776,13.099787
-18.042397,17.419924,-48.807793,-31.05157,3.8786736,67.09698,35.830315,-12.568222,19.477165,-34.177055
0.44300494,30.385176,7.969961,0.3251946,-2.9933503,-29.348131,-36.92687,26.09344,-2.5900528,-26.330233
-59.900818,-6.182228,-40.7926,-13.654693,-13.649606,39.71414,39.1602,-27.835224,28.100685,-41.74994
-15.414315,23.69,12.941539,-7.455692,-8.310261,-24.835339,-33.933872,-16.880964,-26.713884,-65.03843
-29.501102,1.2245699,-36.847782,-43.948143,-30.931427,32.440536,51.34881,7.345048,41.225513,-70.99696
-12.194479,-45.54909,-10.046072,-39.482937,48.79538,-5.0491657,47.64832,-6.7213993,71.46873,31.071724
-33.1584,-77.173256,8.418462,-71.7123,50.432945,-32.349,24.3092,-62.54939,46.598427,-36.152515
-19.58267,31.377554,-27.638954,-31.732075,-1.6607985,-11.187595,-5.3216352,34.476063,3.509653,-61.951885
0.54318357,-27.662687,-6.49652,-33.68211,47.26746,14.983768,30.675556,-58.333027,41.13053,32.589844
-41.32889,-64.54757,24.8298,-66.67669,61.042744,1.8699505,62.3238,-35.135372,26.615711,12.531472
-16.493582,-11.701539,-1.5535709,11.46235,14.89749,-46.351543,22.759388,-74.99764,-60.09217,-31.652464
25.259995,22.53181,-0.7773569,27.80463,8.141812,-24.472618,-41.97501,38.925823,-7.577888,-42.13789
-52.109745,-3.7263844,-24.925367,-32.65524,24.65782,37.363846,55.828876,7.5568295,26.131863,5.5976
-19.675228,-40.89364,6.4186325,4.9221554,-8.307515,-52.275135,61.07477,-14.7228155,-51.96115,-13.3861685
-18.858007,41.718494,-47.272854,-17.431236,-40.289906,59.25595,36.145657,-6.647874,41.602394,-28.312613
43.696354,3.5409057,-84.336266,-82.31613,-14.977982,4.860837,20.115973,-2.765958,-76.847984,24.332695
-32.847847,30.41183,-27.340038,-3.637833,6.9311643,-58.727436,-42.987225,4.5229993,-32.566265,-33.478485
-20.415125,-70.26957,-51.30004,-10.842591,23.455187,2.5521264,49.556606,-32.69367,102.77056,43.547745
-21.935492,-3.0810416,-57.15537,-58.08971,-12.771944,20.065737,8.483986,-46.23183,-50.048203,50.207302
-42.99468,-55.332966,-55.535187,-56.51805,-14.612413,22.570087,-33.705288,15.622778,-21.53836,15.811289
-20.283007,0.034679502,-45.704914,-11.635799,26.865732,52.91173,43.314747,7.2682285,24.448517,-52.535786
-45.909416,-42.498188,3.5381749,-13.813971,3.4426675,-43.81192,43.66589,28.580038,-60.440716,15.241238
-14.963147,-62.185055,21.829512,-30.577967,49.01712,-4.4012976,21.522377,-44.081173,50.99516,1.7045468
-6.321809,7.7281446,38.180614,-19.894003,-31.430967,-18.57456,13.343262,18.800213,20.005905,-70.51449
-18.012213,9.01578,11.912573,3.3005872,-31.136557,-40.608395,-21.97178,19.151852,-9.907685,-13.862901
25.832556,48.027195,14.160268,-0.7060682,9.466422,-40.44927,-21.640911,-16.686827,9.445366,-48.503426
-46.270996,-78.36906,0.61346316,-33.976414,33.41328,12.55154,66.84983,-35.755646,57.831406,26.084248
-15.155329,-29.931526,-22.31,11.781254,-7.479476,-52.255196,26.646849,1.2253194,-48.278328,-18.945908
-53.186756,-64.63839,-24.608686,-22.80722,41.576744,8.304953,41.962753,-37.02852,55.7354,1.8013023
-25.846924,3.5759184,-36.977745,-59.510616,6.8461637,13.985456,32.41955,-17.751572,43.573296,-17.377071
-54.113148,-11.941744,-28.134806,-34.04349,-22.726732,-5.9583564,-7.994439,2.8782,-32.524925,68.42742
-54.83265,2.935794,-24.097198,-49.890446,16.79674,45.189365,42.544395,-10.47213,49.121784,-49.47688
5.021232,-26.04225,-18.777617,-39.06332,-17.504564,0.6782186,26.318958,-14.066936,-64.45956,83.267296
-38.97431,-67.546524,-2.3737357,-36.782677,0.47761106,31.98856,-19.403807,20.818476,-81.89867,35.369507
-33.58847,-44.176907,18.943987,-24.459131,4.6467304,-82.40024,42.566677,-20.046415,-65.372505,-7.855458
-43.950817,-4.564777,-51.62047,-62.38239,-38.352295,33.538147,26.691782,15.092655,-44.79407,49.69279
29.194641,-10.973654,-61.492756,-72.43507,-27.799747,-1.4606266,-12.040463,-14.712898,-41.672363,-24.307053
-28.47449,22.904396,-46.946815,-35.5414,33.07586,49.5846,31.817862,12.513344,47.23147,-61.864174
-14.372243,5.062585,-33.001427,-16.687662,3.0852456,63.97861,45.170567,2.5840728,25.015888,-66.97671
-47.102024,-21.068714,-0.98135567,-1.026195,12.14747,-12.82175,47.82906,-47.22335,-35.503624,-21.056644
10.214707,-40.006187,-12.240137,-53.496574,-20.58723,0.08609748,61.794083,11.467373,-14.934006,27.156218
-5.282366,-24.173897,-26.96144,19.489529,-11.178881,-72.24633,53.44466,0.39858118,-25.120905,-13.839538
-20.768414,-31.248898,9.918363,-14.154382,14.065714,-63.15614,62.231606,-41.44285,-15.895756,-11.10733
-2.399951,-52.033287,2.451117,-66.33631,35.167194,16.395468,28.849848,-27.166792,73.33226,38.959465
9.732783,20.956472,14.435163,-23.65693,-4.067798,-59.882275,-40.859867,11.386976,-4.2232766,-47.770935
11.722479,28.004667,10.965115,2.633782,0.5204036,-59.460003,-40.78333,-23.199408,-4.3566504,-67.2962
16.306429,13.940619,12.476009,-11.8866415,-0.934677,-68.18592,-28.838097,-21.632544,4.041681,-72.983246
-27.192583,-20.729555,-12.467158,-95.52895,-0.1482307,17.294353,10.130647,-12.354529,-68.01116,8.5804615
-3.091391,-20.312515,10.249428,8.169135,-46.0108,-17.748507,-24.762714,-13.825443,-26.287039,-28.874586
39.448532,-7.8124223,7.8580227,-13.283154,6.0592217,-30.216122,-41.833267,7.3403125,-2.3155324,-67.139824
-18.00308,33.796474,-25.887974,-26.347921,-8.296002,50.141903,34.18886,-6.0257735,41.16353,-42.135838
-12.230747,32.79253,48.89829,0.44612598,10.480472,-55.651527,-54.630955,-8.026181,-2.065048,-62.285175
5.5021634,1.06084,0.9720764,17.871025,-18.062723,-51.26763,-8.099297,3.0781298,-39.466854,-10.350605
34.2375,12.35659,41.760967,-30.454638,-1.5701559,-0.50235426,-35.640953,19.724358,-26.618477,-71.42939
17.956781,-42.173958,-64.86157,-31.165922,-29.887798,-10.142605,-13.554973,3.0104175,17.849808,22.750679
-16.929861,-40.771122,4.396551,0.7667527,10.170964,-67.59829,54.14591,-24.254658,-32.01123,-21.13926
-8.74004,-63.67946,4.553589,-23.149109,47.981007,-7.927255,35.89924,-19.98735,40.340187,0.20692515
-33.964237,-42.920742,-42.232803,-28.382591,-27.037687,-45.22511,46.37511,19.714397,-53.83682,39.14246
2.886479,-12.982911,-36.430096,-75.15317,-10.829438,-11.243883,34.01908,-15.686442,-53.697002,43.63028
55.696556,0.6642803,26.157042,-12.179239,-13.025934,-8.89644,-48.25145,2.8338983,-6.940856,-27.422441
-32.97774,13.952583,-30.054024,5.228241,-22.93585,32.77792,19.845972,-22.719915,48.58415,-55.80201
-25.225275,-20.569075,-12.520181,11.893143,30.485113,-22.530054,60.71197,-3.129933,-24.55326,-62.440834
-31.989223,4.6976633,-2.1960714,23.829914,19.002617,-27.445045,52.825333,-52.258698,-55.24354,-31.415945
15.304116,-42.76397,-41.767048,-3.4320948,23.54783,17.79444,51.32514,-41.37193,76.97299,45.865433
-32.858807,-45.41033,-31.020498,-62.173588,-34.451874,-4.461453,32.01026,-31.713646,-17.573814,27.513718
-22.984447,-52.26047,-21.470222,-24.059484,56.05537,-16.92887,47.50319,-10.069551,58.05862,1.3489875
-24.672102,-59.92067,-62.892757,-18.030457,-5.95481,-1.9741628,3.6984682,-27.98914,19.00253,0.43102396
-31.034946,-53.17441,-11.121538,-21.132366,52.301193,11.649775,56.18462,15.781747,67.027435,8.389921
-3.353215,-24.457909,-17.060007,-11.530546,48.90114,34.60549,21.577436,-20.928616,47.647064,-33.056416
-50.21289,42.13696,-26.401508,-33.54634,-5.3306875,72.30586,38.41766,-11.6206875,31.153309,-5.9836707
-13.496055,-5.1374917,-55.57077,-83.46516,-31.121325,6.052232,-13.897494,-14.1687355,-72.39717,-24.843012
-23.08633,-60.34148,-22.22872,-33.329315,12.290863,-4.5264416,60.08701,-27.737362,41.05788,29.199642
15.887055,-11.779647,27.73844,14.100013,-6.331659,-12.97605,-49.763115,8.110942,-10.295293,-72.11951
-4.985345,-26.110435,-35.445374,-45.30031,18.53012,-2.7943952,46.806282,-12.029387,66.02304,-24.259459
-14.087227,-52.074883,7.315502,-14.1311455,22.716215,-63.133106,35.87386,-50.19962,-25.850777,-34.504597
26.767395,19.634712,17.705,3.7492423,19.478312,-6.9257317,-15.014635,-22.209698,-3.3758295,-83.37005
6.9225183,-35.284885,-25.003996,-40.938896,-13.24789,-4.372784,1.6466931,-44.589455,104.09289,-0.67953545
12.192938,34.109577,18.753246,0.72304845,3.230061,-14.722166,-48.96131,12.496934,-2.979359,-24.971172
15.450102,13.0566845,-25.019144,24.77298,29.338291,-33.338177,88.3313,-79.49719,-51.716957,-54.12387
-54.501736,-57.42567,-5.871727,-42.21349,9.68928,-46.493343,-8.276693,-2.0973997,-8.824634,-6.9671626
-27.87213,31.226858,-27.646347,-40.334267,2.0791087,71.80268,42.508205,15.811121,49.29401,-58.313347
-12.103729,-43.703426,-22.766788,-16.842869,-16.119085,-45.364777,7.997132,-41.263306,-37.825794,10.831684
42.816822,-0.28300261,3.1368902,-2.1170602,35.541042,-42.969486,-37.616615,11.860325,-15.696014,-70.33856
-69.4264,15.490321,-23.027166,-40.551044,4.208277,48.886566,34.41643,-15.100061,55.50994,-31.896278
-29.032553,-21.214289,-9.71017,-13.868812,-0.8280744,-62.04371,56.084183,-29.591515,-18.560276,-29.643421
-32.58536,-47.65624,-18.563595,-61.11348,-18.368565,-25.417479,-10.186192,-2.7267985,-20.154716,-21.321304
10.971435,20.12789,43.594776,-17.763166,26.497215,-44.86785,-4.7299523,7.7141495,-28.542656,-93.70853
1.3466444,-12.812326,48.891186,13.477916,0.7063099,-32.079395,-6.8195953,32.086155,3.666803,-70.22421
-50.96779,-6.698122,-20.199688,10.633816,-0.7659918,14.2217245,54.171814,1.9721217,-20.741867,-24.897596
39.089344,-30.162369,18.172445,3.7724018,52.75375,-1.8196725,22.723581,12.623448,52.285667,15.619499
-34.38621,-21.108948,-32.53458,-13.687696,20.605623,-33.45159,3.3878355,-17.05726,-15.140083,8.431146
-39.533276,-76.84263,8.992349,-29.214725,43.6278,-8.357208,47.70261,-36.769135,55.378006,0.35747135
24.504032,18.73309,9.149383,4.543995,-12.512874,-42.608047,-39.13451,23.005,-13.63133,-66.18144
-0.3417128,-40.090446,-13.330209,-34.405975,-1.24992,2.7784054,60.104565,1.5078193,4.431257,-17.422245
6.9405255,28.9898,27.196629,5.0698395,5.3893967,-52.127003,-42.126755,4.9348445,4.0513654,-38.542767
-35.042496,-35.126534,19.346992,1.938271,34.61876,-62.333794,29.81162,-44.06917,-30.181807,-18.347162
13.5714445,19.37482,39.461815,3.9036546,-24.853283,-42.908276,-41.88542,5.545921,5.6224246,-35.54792
-26.964146,-18.924341,-20.22896,-51.38049,41.90842,34.80904,10.902942,-8.175593,65.05736,-6.3100095
-31.370144,-41.37634,-9.150323,-22.386549,-9.557074,-67.2044,47.522316,-18.568817,-49.566753,-26.154413
2.8344026,-61.696426,3.0687945,-43.518177,37.54096,4.898506,11.0060005,-27.521484,79.6808,33.983337
-13.11707,17.163462,-35.07179,-48.977146,1.7021276,42.440437,23.343054,-6.8289366,-17.508188,-3.33921
15.263914,-80.96158,-0.70809823,-28.628227,9.594019,-11.134273,31.827768,-34.364727,66.007065,-31.205038
22.435728,72.49069,44.011295,-24.496431,4.5803967,-44.10744,-51.356113,-42.87298,-11.525473,-82.54244
-27.621006,-37.86585,14.077534,5.5594926,-12.160225,23.066809,7.337504,-23.317265,-27.20843,-33.382328
-30.569935,-86.79406,-25.31834,-25.937304,15.890039,-26.724648,55.660942,-1.6945796,32.01736,19.854515
1.5034621,-84.35707,-2.4666643,-54.749535,12.722111,-9.00297,25.149015,-66.52704,77.606316,19.729906
-38.183975,-35.40791,34.079414,8.720466,15.652192,-37.761703,49.67048,-64.12445,-69.77449,-20.909552
33.2959,22.289867,-4.927582,-17.833912,-11.47662,-23.512117,-62.909645,4.7293863,-23.030022,-47.59837
-54.78022,-15.464684,-37.653778,-37.383472,-9.719015,4.182496,-15.248187,-10.923247,-53.256073,13.667708
-24.120588,-72.99605,-0.98495823,-12.290056,30.219765,-4.6405244,51.706623,-6.734602,76.469765,13.880888
14.596578,-36.95375,-54.76434,-38.02029,-8.887937,41.530643,8.8223,-41.821033,-57.520428,55.29769
-3.5858314,-26.411892,-65.71932,-22.609447,14.965927,-5.797828,27.90396,-25.90714,31.773365,45.137756
-48.3172,-49.024788,15.130744,0.9709699,-3.504365,-60.001648,40.51072,-26.541039,-56.98569,-24.669388
-3.7197008,-9.065577,-23.588335,-41.99526,5.318434,-48.729862,8.339572,-10.675284,-56.593376,51.820232
-48.274788,-9.064264,-9.657626,1.6871672,36.856995,-70.09519,46.91388,-44.43596,23.800095,-8.256753
-16.575272,-71.78467,24.149305,-61.781425,54.320366,3.2593172,62.095276,-22.920534,42.52159,9.304029
-4.551619,-32.060925,-0.70944905,6.9692707,22.650255,-50.195053,34.03755,-72.580666,-19.479961,-2.481836
17.925625,-10.275869,-25.711395,-70.69774,-29.059015,-20.157722,-13.750304,-20.320543,-65.568794,10.364765
-65.498116,-72.30213,0.64485645,-35.079567,50.07654,0.20470595,42.4468,-20.123728,15.929221,4.527158
9.605763,-66.257286,-9.323378,-63.496094,31.097065,-32.56621,52.943302,-62.060818,57.74454,-12.715004
21.100838,11.847623,25.95701,11.170837,-31.443748,-52.85114,-18.049969,15.021427,-6.463271,-46.7036
-11.069531,-39.37388,-60.85916,-74.08362,-11.731187,7.140215,-5.6885552,-24.002256,-23.992825,19.373753
-11.364483,-33.736557,5.805743,-14.952286,-39.537777,-36.786953,66.92103,-15.591308,-70.6301,-16.301996
12.607666,10.43643,22.639013,23.282135,-13.678872,-51.024876,-40.933464,38.10819,-1.1996194,-36.36142
-29.148489,2.7417765,-69.06157,-29.608463,3.6667428,5.219286,2.3727937,-6.2670302,-31.259602,-7.931122
4.329163,54.835144,15.668197,-19.75596,-8.028476,-77.34516,-36.17285,-21.127308,-17.202248,-73.69898
-8.677628,61.38388,-55.381615,-22.185986,-17.439651,45.667614,13.868292,-7.630899,51.66636,-29.010338
19.987997,-31.093334,11.205907,7.8735533,-16.211958,-31.977093,-16.261465,-2.6727157,-14.350121,-74.43917
34.189037,-8.047881,47.509064,-16.76031,37.48281,-20.079155,-18.2932,30.969822,26.664715,-14.364727
-20.984957,-51.17183,-4.879767,-23.58304,2.1746192,-55.667877,15.036261,-39.77775,-14.034482,-16.205202
1.6424354,7.958249,12.448951,10.964542,-48.857876,-71.40517,-28.54796,46.261337,-3.6010845,-76.49557
0.6304268,-34.82552,20.01143,-1.0147171,-9.704319,-69.10331,59.772945,-43.144722,-45.920925,-39.067375
-21.191833,13.883311,-24.575455,-14.464036,6.664449,58.635635,39.440704,11.931622,49.419052,-50.50522
-38.161484,-22.723494,-28.132471,-2.746224,7.229442,-44.243877,-26.654037,-32.223816,6.8024364,6.7550015
-26.861853,-29.548388,-40.293232,-42.30086,-23.27855,-8.296076,12.041803,-36.676666,-10.882935,24.556398
-14.531947,-40.59607,7.9491816,-21.373047,0.76060736,-48.036797,73.32797,-35.857525,-28.78092,-36.464844
32.974773,29.240648,-3.650768,-20.846405,30.972208,-32.195168,-37.605766,34.158817,-44.032196,-66.25115
-36.442856,-22.086916,-40.086494,-25.268387,-18.701147,15.152784,9.849516,14.902605,65.69074,-44.768017
-34.21481,-39.78951,-43.295986,-65.88665,-20.378803,19.709885,-7.2879677,3.962552,-12.182282,27.981344
-12.836306,-2.6970873,-13.785766,-23.208277,2.281148,30.089573,45.088253,3.9448457,5.5379996,-65.05123
-41.43383,53.60436,-44.38375,-50.85997,-8.542424,59.635693,-0.72600216,27.596724,47.77173,-46.123043
-44.638577,-33.17033,-49.623573,-62.8486,-4.6872425,-6.003619,-1.0947977,-8.62734,-31.858965,18.45206
-9.37154,23.910318,-26.512754,-21.286072,-8.54059,-26.842419,-12.327908,8.749927,13.614404,-83.895256
-37.66485,-26.295326,-13.236231,24.946388,2.9334607,-29.014095,42.897724,-37.590763,-5.1965547,-32.320362
-44.082462,-2.377719,-40.339108,0.8757708,-5.580351,-41.633167,-28.700842,-30.063095,-4.764906,-23.502335
-15.422968,-32.347202,-26.777786,-24.253017,42.23419,18.674894,40.766636,-6.9578934,68.04835,-16.930405
-39.044796,-43.729473,12.3749275,11.260849,9.416738,-2.9399376,40.671093,-3.319879,-19.898008,-34.07482
-31.43362,-41.4617,-39.246048,-63.440907,-55.032894,-36.695885,13.084377,38.98348,-64.50014,46.845116
-29.133123,-57.94711,-26.760246,-46.011726,-15.399999,-34.073914,4.756137,-28.23547,3.610853,15.260366
-21.57399,-3.228186,-34.58854,-18.663324,2.515851,45.600063,48.167973,-4.316035,11.147334,-62.592587
-5.154748,-75.834755,-0.46532786,-18.58007,27.968988,0.9867072,76.99937,-16.301023,49.40355,28.724934
-29.44812,-12.137982,-11.463418,14.925908,10.703175,7.1876125,67.56997,-10.468293,-15.562416,-46.115814
-14.771014,49.700493,-46.42834,-35.95725,-3.3201344,66.46832,50.338417,6.433055,33.80725,-46.148838
1.5999804,-66.314514,-0.96726125,-44.38955,50.360973,3.1205437,51.685013,-22.714506,55.13925,30.080738
7.470753,-21.639833,-40.290775,-53.93059,5.4776983,-35.121365,15.678677,-27.486141,-31.292048,50.89914
-33.795254,40.67058,-12.997637,-66.63696,12.088151,84.46575,26.770319,23.099005,30.768211,-52.958942
28.53177,-44.877434,-2.5842028,7.0479345,49.838696,12.161389,68.40368,-59.87777,61.3604,21.118929
-34.341904,-39.969006,3.442314,-10.882112,25.818537,8.732742,53.297497,-9.465154,65.47231,-24.699053
34.949875,10.042046,14.433422,34.104534,5.222991,-46.947956,-26.801702,8.354524,7.4171476,-48.296417
-41.775253,-14.151218,-23.57013,-71.34682,12.844927,16.408722,-12.019223,-14.857122,-58.988846,32.27025
-4.4691267,-69.462036,4.6403046,-44.08967,41.48347,-17.879015,-6.4119854,-48.28159,66.123146,-6.663974
-9.043277,5.716161,6.610667,2.3200989,-20.992908,-34.498024,41.689026,-55.989365,-17.446302,-30.383396
-27.89531,-28.992191,33.15928,-7.488487,25.588873,-52.0688,49.185062,-36.33485,-53.755535,-5.058371
-21.048338,-59.112183,-23.208534,-16.885595,49.732372,11.457874,62.79514,-39.269432,57.045876,24.789816
-41.233646,-60.951218,-15.817722,-22.439747,10.078022,0.4754467,65.759384,-27.517977,50.92687,20.379658
-9.371854,-47.06988,-50.615856,-22.627647,15.040394,-29.864069,-21.39286,-6.4043536,-42.947342,29.76102
-52.740337,-14.520599,53.155567,6.9196596,33.919144,-60.24797,61.202965,-33.978535,-26.550163,-3.3901076
49.497044,10.411649,7.6197643,-12.659709,8.26007,-41.21868,-36.149002,-22.691875,-5.894888,-72.592674
29.057613,10.49719,-2.0895007,-2.4731953,-18.140026,-33.15205,-25.80614,-2.5641885,-46.76247,-49.094116
34.926014,11.481955,4.7983923,-27.3326,-9.927398,-46.31969,-29.264114,-11.735095,-19.30311,-119.63956
25.622774,-3.1564577,57.583603,-3.0456483,10.187338,-0.5344889,-21.028654,11.86888,-1.3900495,-79.16455
-33.45353,4.5324554,-73.677605,-43.171852,-20.217663,31.230515,21.39491,3.648706,10.464431,19.914234
18.723036,20.629755,10.168442,0.583091,24.938,-34.714096,-1.696329,-47.905952,-45.406986,-51.82672
3.480204,-84.600845,3.7913673,-39.14519,13.522069,-21.439959,44.81003,-26.175919,68.817696,14.239321
-4.731595,-43.662323,10.002389,-17.708006,48.26904,0.32709002,45.632385,-39.157833,58.57096,11.556825
8.8956,-33.87948,-49.971672,-35.94984,20.48207,16.08079,29.63596,11.329853,3.448689,39.109898
-2.8525088,-67.22071,19.361563,-41.594788,35.710217,-6.4250197,27.931465,2.6116538,43.13818,43.80049
2.2881308,-81.26098,-3.0537124,-23.900793,18.092518,11.565054,20.819462,-87.52683,85.79626,12.905003
-32.742615,14.266654,-53.68099,-84.88711,-18.932783,29.190855,14.916212,7.007025,-65.29878,27.382973
-39.545223,-47.735615,30.314728,-7.4338293,37.693485,-63.197704,50.35417,-36.070213,-5.2195654,-23.473223
13.405117,-9.5467,4.5223837,-0.4505478,-26.94666,-41.937645,-50.25239,28.078468,-19.18475,-30.68643
-4.858074,22.579851,25.046234,-43.638847,-29.79561,33.4424,7.3036475,-3.2324626,19.405977,-47.875874
-47.08509,22.929823,-74.17413,-18.030079,-2.4110746,29.559973,5.9226503,24.584827,-29.44828,24.584446
-33.932796,-6.3347273,-7.858999,9.52894,31.772383,-39.686615,62.334965,-60.124767,-38.05121,-54.73105
19.913942,-3.9716177,41.63923,31.54285,3.1155457,-87.114914,-20.429132,17.967941,-2.2151935,-58.334564
-3.7385943,9.077918,-40.691624,-25.249056,16.747562,34.15809,43.060547,-13.15742,-10.046721,-72.73775
-30.683226,-48.740646,-1.6059358,10.466693,29.960861,-39.794712,53.365227,-31.088825,-10.949326,-38.490158
18.298977,-54.09647,26.815842,-25.23041,26.578009,-6.7551565,40.787838,1.1827197,47.688065,29.28843
9.965635,-1.7013384,1.6225014,-7.0357795,21.505295,-44.45444,-50.080727,38.45677,-10.945752,-51.56042
17.871166,9.852158,22.09857,37.81618,1.4410182,-25.398924,-21.004507,6.3755155,-24.45452,-59.681305
-41.99837,-43.365944,-7.055224,-10.328347,61.91657,21.277275,45.441986,5.941436,60.339687,4.9167233
-39.8224,26.178127,-14.109057,-27.474447,4.755564,55.645798,37.281467,13.252012,66.053154,-50.213634
1.4055815,44.827747,19.081306,-30.784128,-4.4280024,34.676567,10.161894,-24.906145,11.538083,-62.802956
16.705557,-18.401573,-25.453072,-65.01639,-7.6387258,23.001692,53.627785,-41.456547,-48.395134,58.13533
30.1858,26.472775,14.723886,1.5324705,-12.221918,-42.740593,-48.074608,5.61014,1.1283306,-34.551712
-2.6274595,-10.028389,-53.64779,-76.939445,-30.053291,22.871382,30.251131,-6.0251493,-49.557766,22.76073
-6.287536,-7.5937576,-62.011044,-68.14327,-21.452581,20.957603,20.549757,-41.573437,-52.437195,46.89214
-1.492974,2.2005866,9.898241,-30.160013,-18.672478,-53.653793,-28.676847,-7.438667,-16.172262,-120.22584
-37.34078,22.419802,-42.510723,-27.229897,24.829884,23.2794,59.869743,2.7574248,29.769136,-58.574417
-38.535835,-58.31237,4.600521,13.368317,-35.47929,-43.389137,45.032944,-15.945944,-46.32371,-18.085331
15.537344,-33.485405,-35.930763,-33.85708,8.446825,4.6003494,9.913352,-12.856898,-64.55254,37.93715
-45.309116,18.719267,-30.505466,-32.147713,21.072514,31.160496,66.01316,3.9773269,55.465267,-45.69067
-50.7063,-9.200971,-55.59345,-32.37848,4.636743,33.950542,-5.4490366,1.3473372,-41.190407,50.19523
-18.736786,4.1405497,8.981713,14.348088,12.36754,51.879303,-3.402945,-31.653896,53.867714,-43.930687
-44.35074,-55.32124,-18.361664,-40.59752,-16.384655,11.960174,-25.835266,3.0191348,-24.530138,33.60261
-17.090117,-7.50649,-35.883785,-25.468956,7.3494673,61.859398,34.292072,2.9551253,21.875305,-68.17292
25.304453,12.105202,-81.86394,-94.215096,14.631456,15.139528,63.915028,-38.05957,-81.41504,26.996122
-27.779158,-2.2988539,-6.0304985,-59.132675,28.321115,39.907974,33.756176,2.5934453,72.52773,-65.4312
-10.99954,57.900146,55.11461,-11.946054,2.7919993,-42.729843,-43.052532,-29.503935,-2.3054578,-68.77804
-13.79314,-16.512636,-8.581486,12.263199,8.717027,-47.957882,61.91967,-26.902882,-61.919403,-5.895067
-20.43274,10.649177,-43.93727,-28.120634,8.032904,64.84067,39.334316,1.3164122,31.014793,-55.018208
33.190353,22.46222,4.506583,12.816587,3.9555159,-37.76589,-36.102097,0.0103013925,-0.63593036,-82.0926
-16.361681,-44.736427,2.4845722,-26.023148,43.54929,5.963485,54.202377,-36.40708,63.68358,16.812237
-28.761507,51.142662,-22.301374,-14.1852,-6.8817763,53.18261,30.188086,0.78574497,48.85202,-37.40292
6.8218536,-52.33237,10.09663,-20.196869,48.589596,6.6167574,29.762554,-23.516108,70.78812,21.570215
11.841434,-16.508904,-53.986526,-16.355495,27.659325,-9.70707,32.63096,-29.91617,-21.135298,56.221954
-28.394081,6.695162,-40.603718,-69.175095,-29.616663,-36.10674,-0.53946483,47.426723,-16.677448,25.991112
-29.371082,-16.521606,-16.821096,-28.116087,16.550432,11.392158,51.561745,-19.440626,44.804596,-12.171534
33.01781,17.363468,29.291004,-8.630852,23.487103,-56.49827,-31.07654,8.977209,12.035722,-56.958008
43.90483,-1.3486046,15.7641,16.162628,11.487748,-27.874882,-41.286884,36.979755,4.741282,-48.801987
-15.753607,-32.561886,12.705963,-5.68765,1.1150861,-49.33554,64.13786,-30.762625,-16.72694,-15.886982
-23.429579,-55.130707,-38.97158,-59.179157,-27.191664,-17.914415,-17.8345,-25.82018,8.604804,25.4075
-2.9951673,-12.016499,-55.26288,-61.553955,20.60736,-6.408236,-9.306049,-14.248035,-71.92809,30.578178
-38.935055,-15.740305,-69.57464,-43.80698,-3.6077147,6.166519,-3.7114575,-26.20178,-29.80989,43.168613
30.805391,14.930297,40.73429,-25.18405,17.136427,-35.358894,-21.911417,25.781673,-7.90113,-69.71132
-38.91598,-58.92537,-8.327013,2.4528306,-39.917393,-34.66152,56.54306,-33.445007,-4.375293,-47.794556
-5.4982533,-37.786243,-48.273,-38.5543,-17.236986,43.04329,-6.0153966,-14.211832,-48.7697,56.557747
-22.511324,-3.6786718,-46.80269,-28.463808,17.211916,-33.238983,25.22962,2.3706527,37.36634,1.9112569
-37.092834,-34.284107,-64.32241,-28.649754,-14.564055,-6.0264206,-22.119093,-40.82444,-38.209793,21.986261
-37.699898,1.7854358,-4.5724835,36.03126,12.267164,-48.80277,65.68736,-35.205597,-10.876492,-22.117823
-36.966446,1.8560368,-16.786388,-57.44973,32.261627,47.858974,34.320942,-18.254377,49.901066,-58.36095
38.43912,6.161104,13.6886,4.9598646,-13.235676,-28.889116,-49.827225,-6.235012,-5.540637,-90.65821
1.5947673,-36.637135,-28.0434,-25.504135,41.578823,8.302224,14.103289,-5.2312937,79.13695,-16.902258
33.808437,25.653185,13.131502,26.885319,25.307611,-23.433279,-40.13338,17.018377,-19.452854,-75.61122
-19.27057,-24.081593,-1.732399,-2.0444155,7.7215924,-72.89702,54.120407,-49.656574,-16.631899,-13.877879
-27.391058,-18.639048,-15.3759985,16.083115,16.826368,-45.270973,61.93932,-66.61047,-43.019577,-47.630016
-20.894638,31.793161,-57.992054,-33.266403,1.8486742,30.66719,50.740467,0.78426653,59.89412,-65.41861
-54.921368,-60.823147,-73.855896,-43.400997,-16.947025,27.629236,-37.25686,7.20033,-37.478695,20.74049
7.345697,5.6661463,60.513664,0.27788734,-11.391924,-52.698845,-2.502746,19.26448,-7.02852,-71.336266
-36.393803,-36.23549,21.82974,10.850234,25.291807,-47.07942,47.144943,-71.49377,-62.579945,-41.143787
-22.104702,-57.235985,1.7022333,-23.870232,64.451324,5.898571,55.279667,-33.51816,64.658104,15.874029
-11.245914,-57.207718,-12.646019,-28.067251,49.53982,7.16772,55.17069,-29.505884,61.099518,19.194504
-33.578266,36.352093,-36.77244,-44.395397,19.236565,42.742466,30.835651,3.0650911,23.160065,-38.921448
-30.706177,-45.725075,-8.665441,-18.35139,-9.87434,-72.96158,23.360563,-25.853224,-40.554104,-1.0121788
-19.835598,-77.391754,20.841616,-32.40891,77.41805,4.7857885,27.941187,-6.735096,50.49147,8.60482
6.775457,23.408863,46.003994,-11.4737,16.317184,-65.59242,2.4140081,27.495844,-17.271902,-88.359985
10.830811,-46.389378,-9.0076065,-56.49461,-10.445979,-21.218946,5.9927,-17.428545,-22.823671,54.865612
-16.057392,-14.692126,-35.510406,-43.32458,23.290842,-2.0303404,37.76355,4.6951036,77.251656,-26.07404
42.837975,-9.4876585,53.353554,-22.659952,22.28346,-13.248293,-22.051542,15.775804,-2.1441922,-75.77734
-54.601696,-47.82807,28.535683,23.214222,-10.023344,-45.24473,56.506527,-22.550528,-20.358545,-18.342712
-15.4973955,-87.021225,27.415699,-14.894647,71.46232,7.540477,35.664246,6.2544208,46.396385,-0.19931355
47.54552,-12.093343,22.606016,1.9169731,21.588259,-1.9414715,-41.43398,27.521849,-6.863767,-43.86147
-27.694887,-46.40998,-13.594504,-15.573302,52.524662,30.877663,67.67944,3.5520446,39.262516,5.474714
-63.77968,18.214651,-55.798992,-23.42346,8.784283,31.634636,31.599268,41.757915,50.70753,-28.950232
-32.85867,-90.18206,13.342677,-38.9127,33.749866,-2.2063081,52.607716,-26.344606,30.2996,20.172785
7.4730635,-46.960037,12.853754,-29.275013,49.636024,12.568419,38.28197,-31.56425,73.66286,30.330326
10.011664,21.769766,17.045094,8.960325,3.5171447,-21.623768,-57.237,21.085018,-4.462449,-16.148771
-12.319615,-43.77802,6.766163,-22.893644,-4.3925,-31.51388,35.58346,7.0845275,-29.01277,-16.937218
-11.684698,-33.006252,-9.249486,17.033466,-7.3765264,-60.14487,61.39182,-15.429708,-42.371994,-35.573147
-29.519651,-17.489058,-4.9493365,-24.091175,23.528725,-18.2429,43.655983,-64.90635,-1.3011545,-18.739815
17.801615,-55.991333,4.9519787,-15.050909,39.59678,10.486588,59.2121,-59.641087,62.45237,17.63411
-35.080746,-48.521927,-63.427032,-40.42401,-31.707264,59.909443,-20.331064,-9.091575,-18.805677,38.44697
22.522194,44.416943,19.016493,-6.8575106,27.626738,-50.95932,-22.742514,-7.141129,-19.03436,-108.686035
-40.942406,11.9628935,-48.67652,-4.3464694,-20.499077,72.71567,31.526472,-0.71446544,65.6344,-8.224548
-25.195524,-57.82536,5.2600327,-3.0477397,9.031976,-43.42505,62.231365,-45.86861,7.4442377,-45.21654
-56.91828,2.7092214,32.733765,21.048805,52.853157,-39.466305,80.42195,-43.357517,2.1167388,-25.59459
-29.656416,-29.987173,40.277298,17.147484,8.817801,-58.071304,61.206997,-22.832407,-9.971122,12.605484
19.122663,-25.103933,-50.739033,-52.24959,-2.8683622,-20.233494,30.352072,-20.202473,-38.095448,59.43132
15.155817,-56.384087,3.7617047,-11.425707,70.74956,3.5207798,1.497085,4.5997767,71.7044,25.674622
-27.88022,41.532528,-35.712788,-30.444883,23.107689,45.95759,33.83794,-21.677254,37.204353,-34.50606
-0.010072589,-1.8252616,4.818342,3.0835567,-10.055636,-41.705944,-14.67331,52.198227,30.3736,-45.116962
-15.150197,30.371655,24.933025,-0.09656781,33.086685,-50.12473,-40.713715,5.252197,-41.232216,-57.14044
10.970668,-2.5582733,13.569218,-23.21837,23.089468,-41.278122,18.194448,34.727104,15.037915,-24.95468
45.235294,6.437513,-2.1729894,-1.092188,-7.724812,-30.134995,-45.21898,10.127371,-25.489294,-39.07665
-4.31484,-35.379555,-16.557467,-14.261013,9.892708,-94.37573,59.187702,-5.961349,-37.19606,-5.8417673
-23.751219,-1.4291265,-28.36847,-66.07904,-6.6182814,37.35946,-6.1582828,5.9764185,-75.23162,37.618717
-27.036873,-51.055687,7.3761377,14.134791,20.19082,-20.71723,43.58886,-32.510414,-30.29348,-46.77219
-44.990532,-53.47803,-9.423035,-11.046337,0.26396596,-7.2883983,50.994164,-17.787262,-36.58583,-4.4862432
2.4178827,-8.906883,-33.396603,-57.065887,4.2599225,58.62692,5.086409,8.138095,69.88523,-63.230453
-34.224636,29.291283,-43.788242,-47.694588,-15.453229,59.461197,33.79025,5.3637295,43.358814,-47.355453
-48.493958,26.845749,-46.965424,-32.78784,-1.0927343,12.444729,30.138845,22.845224,45.44732,-40.649956
-20.922983,30.685976,-33.423676,-51.41182,11.326109,24.777056,74.39852,5.9708567,52.23006,-61.685757
-22.43434,-59.489563,14.704619,-35.493336,43.833652,-11.491521,45.82417,-34.49915,47.84143,9.4630165
-32.637043,-12.293662,-64.49312,-80.401184,-30.836744,-9.630774,0.8163905,51.916172,-43.41269,16.619987
3.5133996,-99.03027,22.791271,-28.092762,38.69141,14.130812,37.14878,-43.931297,75.42422,-19.327599
18.858143,-100.67164,-8.59137,-38.9691,-21.108845,10.037981,23.415022,-70.4112,-7.8192945,34.084545
33.243515,1.976314,1.359849,-15.451891,2.6147518,-61.398067,-18.844774,14.042957,-10.339299,-122.614136
-54.921104,-16.255627,-12.154941,-47.274227,15.360736,49.712746,43.761726,-25.850868,39.24683,-67.33441
30.221018,37.92442,32.101345,-37.492134,10.020168,-29.68128,-8.56674,25.91979,-40.562115,-98.44938
-49.740616,-47.206078,19.816225,17.754566,14.63863,-49.011204,49.715424,-33.321777,-50.008793,-37.39455
2.748273,-20.70645,14.614583,-11.805926,22.539274,-39.174683,57.09732,-57.098362,-62.985954,-16.20092
-23.872568,-33.62464,10.933254,-8.641875,0.07969797,-79.72606,56.835934,-21.941069,-53.82005,-1.7282524
-15.8349085,-58.717392,20.427046,-30.567179,40.749767,-18.358067,45.052013,-35.757988,55.867607,5.9629407
6.015629,9.338278,23.103605,-2.3421335,1.8567466,-81.76415,-16.710508,56.091915,-34.46236,-94.45465
-10.979,-39.92179,-3.5231497,-33.972633,36.312706,0.08390927,45.86005,-25.489645,69.72961,18.801304
-17.700174,46.727993,-44.57232,-36.031948,7.27635,43.07003,48.782913,-2.7954035,77.33347,-43.482
-34.074635,19.658138,-31.13245,-11.904492,4.4230757,36.114807,36.63167,12.247319,64.40339,-42.695236
-3.0345094,-55.921883,-32.828976,-14.581128,24.673569,16.089548,74.502975,-37.224022,70.74458,42.407715
-39.362408,2.8618808,21.710354,15.9859915,-33.48769,-59.125366,-26.033527,38.75818,-8.375564,-97.70442
31.498055,31.816088,15.947757,11.534877,26.362911,-54.43856,-32.289864,42.769444,-18.308004,-68.5507
-22.7611,-41.284386,-1.5929192,-21.631367,-3.34779,-23.516157,10.861156,-69.60895,-57.22736,5.4441533
-10.118478,-27.27703,-36.57651,-28.755482,64.432945,27.070198,29.468708,18.216688,65.72115,-12.550303
-39.21448,-41.03807,-19.093641,30.328114,-5.3042307,-36.53102,57.5886,-31.884783,-16.097887,-64.94362
14.052965,-10.087248,12.712132,25.242817,3.724594,-23.455906,-9.473691,-37.314186,-2.7116032,-77.14876
23.305494,5.6539826,10.241528,19.063614,9.896955,-36.817894,-42.858547,49.274387,-3.0046065,-36.528423
-29.798618,29.425253,-36.48735,-38.30637,27.230047,32.407516,48.76923,-9.366825,17.158617,-36.457733
28.891378,9.4563675,-53.29147,-46.317677,-18.556982,-2.5814946,15.723827,13.130219,-60.94894,46.865036
-27.773726,25.34709,-31.649715,-18.932156,8.9432535,68.32244,36.49594,6.368372,55.52298,-56.89068
-41.302277,14.599156,-35.180813,-26.651604,-43.13842,-17.160639,11.683763,28.030418,-18.35316,24.12236
2.2384868,-42.711758,-37.309875,-1.2648165,31.880774,11.780745,42.589706,-52.829277,96.488754,48.639503
-29.130175,58.94579,-42.54599,-48.72077,-15.971039,46.588898,17.639988,11.0577345,40.99607,-32.71911
13.018634,-14.760578,-27.71797,-68.69533,-11.948578,-26.771746,36.174534,-6.6513586,-64.04051,47.420135
-21.939938,-48.20078,-16.813541,-30.089113,30.507532,14.086157,30.575256,-35.914173,36.187637,15.457685
-5.5726376,5.5908685,-22.36798,-1.0974336,-2.0618587,-65.3865,-59.37793,-16.05147,-26.734545,-32.988224
-26.747152,18.910067,-35.16734,-33.26501,-16.400938,32.76919,47.600243,4.5713196,78.48416,-45.685387
82.2816,8.583084,-1.4266495,-28.33188,-8.50743,-7.788477,-62.070835,12.218628,-12.510246,-38.331318
-27.944096,-0.3895141,-52.024055,-32.20612,19.55666,-43.765285,-3.4616053,4.674967,-46.387627,30.680626
-11.975097,-85.577156,-1.8940953,-25.343218,36.412544,16.239273,44.439045,-49.218582,65.132515,20.330048
-23.601713,-44.971134,-10.48646,-63.72375,-36.39935,14.250063,36.565117,-24.14063,-62.71913,47.300007
-45.36555,-19.812004,-25.843115,-40.8753,-17.32615,3.7052596,39.25325,22.38559,-35.336956,32.563946
19.250986,2.4196198,27.474371,-10.9135,0.98849785,-13.678806,-47.304386,8.974211,-22.89496,-74.41865
-13.373497,-23.828041,0.18546027,-27.248829,11.763874,11.664391,41.26292,-20.431368,14.864736,-40.84476
-43.776634,-16.150684,-19.244713,29.812435,9.886359,-48.646152,53.55436,-18.993586,-24.257132,-42.328617
-35.15326,-93.28888,12.06855,-42.768612,44.476925,-17.964806,44.228912,-9.536476,21.324728,-3.3741574
-13.335938,-29.126144,-15.740724,-21.311914,-2.6308525,11.625193,4.5193043,-32.63024,102.99917,-9.580376
12.865776,16.785124,6.179284,-9.536762,-10.678662,-46.629616,-53.154873,31.018301,-1.6378523,-29.076336
-39.394135,-28.870693,-35.074112,-75.45372,-28.1485,32.60563,14.731812,-6.744476,-49.33534,50.92416
-11.476846,-74.06898,-16.417612,-26.961266,-9.005722,-74.90199,68.543884,3.3360236,-17.97272,-50.336983
-2.1973054,-4.766409,-35.55384,-20.236475,21.048473,13.01039,35.96852,30.90156,-26.579302,-84.624214
-20.139631,-33.810497,-47.547787,-65.85465,-22.100746,35.1019,7.0978723,-6.3158607,-42.35456,22.094143
-2.0336041,-19.147581,-40.427593,-66.359604,-42.457703,8.286142,9.442277,10.239623,-63.49741,25.600859
24.503923,10.364167,9.566976,-6.4730144,25.755936,-52.590637,-3.1129453,25.07174,16.409369,-48.189922
-34.286835,-31.89007,-15.969932,-84.0839,-14.436341,-4.8966074,-7.8586125,2.1895027,-36.190865,11.160769
-55.259705,-4.5842986,-18.892065,-24.805767,15.603125,30.223047,25.931871,1.5736612,41.647995,-50.31044
5.4411488,44.791103,59.24423,-20.929104,-3.2324202,-59.54672,-43.425583,-33.07988,-5.822227,-78.58005
-7.4998403,16.447826,5.2414837,16.272842,-18.972063,-22.535383,-54.80893,41.32124,7.947423,-17.954868
-2.2286732,-43.7881,10.574821,-26.280603,57.916874,10.677172,42.466194,-39.824364,54.62263,8.521483
-71.02235,-77.21221,2.205097,-44.637753,66.63661,-20.042635,2.9587874,-32.015728,70.57586,12.495653
-18.20222,12.623188,14.359874,-5.3695407,-18.38706,-46.15868,2.4375134,11.160892,-16.427294,-25.291368
-9.474455,-8.196342,-58.117344,-73.02981,-33.410282,-56.234028,5.274921,46.275776,-32.241886,39.027378
-22.785107,19.559439,-73.540794,-51.050392,1.3119079,-15.306314,-10.052428,-5.255959,-73.10021,39.64115
-20.193777,61.471832,-60.21206,-53.36484,-6.035501,54.071033,34.32383,-5.5136313,54.049522,-42.38887
17.990631,-76.78442,0.76590514,-21.437742,25.56708,26.3168,26.504251,-51.35513,83.69062,18.021145
38.682087,34.49225,1.5347123,0.32094932,-4.234529,-27.905668,-52.866364,2.9528127,-9.763829,-28.633265
-61.53622,29.083979,-37.7217,-26.27501,12.307656,49.984303,40.464367,-7.250115,61.04785,-29.8362
-42.280117,23.471825,-40.385975,-20.916447,-15.522021,13.437849,-1.8168713,14.340912,57.013157,-42.11852
-3.3397152,10.680926,2.4957902,-14.69337,-20.979332,-52.50261,-20.2243,-6.1121492,-25.733984,-119.627304
23.011482,20.655119,3.5670803,-12.370565,-27.69202,-31.401114,-33.08296,28.061974,-15.475578,-62.43372
-23.714045,-67.493546,4.7027664,1.9576664,76.4942,-32.945747,71.645744,-49.972588,100.15762,-11.631919
-51.64299,-8.523441,-23.511518,-38.038395,-19.486395,34.62145,24.75297,-14.453624,-29.50266,46.83933
-27.429308,-14.846552,-7.569694,-9.5196905,31.754648,31.627441,52.67247,-22.091059,35.967262,-13.6718445
26.1819,-10.183132,33.816166,31.025398,13.72833,-64.46229,-47.288025,22.089386,16.478407,-33.78516
29.2958,9.512,14.728334,4.1603236,34.88642,-14.081522,-40.31159,39.74015,-29.757587,-52.15677
6.1496296,-35.52027,-0.47871253,-38.444447,11.322975,12.668119,48.187557,-37.02535,0.5528246,75.737465
-54.621323,6.8219247,-63.185772,-23.585543,-5.830042,-1.0577143,6.0734787,3.3270805,40.036087,-39.5709
-12.232043,-16.009766,-23.326078,-23.272715,34.17803,-25.59796,34.471413,25.141409,63.695732,17.675266
-28.08221,-51.344406,14.507348,15.985171,-25.630499,-58.5994,50.22931,-19.129604,-31.686277,-23.103516
-11.674748,-59.960457,37.801613,-31.103369,69.32866,3.6976726,42.84727,-40.579582,47.921158,8.359256
5.4202294,-36.513054,-40.242554,-13.978061,29.399588,15.943285,30.083387,-34.212353,43.09125,28.251492
19.619349,32.714355,5.912636,41.958935,13.347331,-30.52586,-34.50108,-15.797148,-26.025503,-60.889652
-33.32235,-44.078968,-8.89278,-82.62251,-34.045002,-1.6873611,2.855753,-0.5007594,-22.396135,38.94401
-28.930063,-21.176062,-48.346333,-36.984417,-12.841229,24.685175,0.5800669,-20.481249,-58.919827,43.020164
-13.4051285,10.08495,-20.198282,11.990956,-9.229772,44.266365,10.273636,-24.950123,71.675835,-43.707783
3.0338736,-35.52383,-10.862315,16.30275,-45.46478,-24.938858,-70.65914,-29.455357,3.0994165,-6.710496
-20.138714,-39.07667,-36.724953,-33.07476,-21.827166,-1.3098041,1.2730371,-33.109695,-51.404335,26.279175
-47.37889,21.975323,-53.95211,-39.31463,-15.519523,62.02713,18.79576,15.688552,-11.656787,21.227604
-17.770992,35.87663,-33.36313,-29.23014,0.89977443,30.172506,39.971443,3.2220771,70.89424,-43.779366
50.757267,7.6560106,21.37639,-26.023289,28.498842,-20.588085,-23.091988,17.243395,-22.054415,-77.071
-35.1992,-60.275955,-6.179599,6.8953333,-41.11702,-47.192028,57.04158,-24.006584,-5.4062605,-28.968672
-25.766563,46.527725,-40.897835,-43.809986,6.4879594,45.008404,49.448696,11.588622,64.47042,-43.891266
64.34084,1.8467847,45.050987,-23.710983,1.6978575,1.5479751,8.779194,38.70733,3.1463847,-35.837856
-11.086742,26.772247,35.808693,-41.73497,-11.046,-28.491789,15.599997,18.367453,-31.593449,-73.844475
12.685287,6.694343,1.9097996,-16.582367,-12.646979,-46.410095,-42.25428,-3.8865638,-16.245926,-114.16841
-34.682034,-25.377172,31.730082,-1.5811687,35.20413,-70.26153,52.76277,-28.385489,-30.670816,-4.831781
48.853992,9.356579,-1.0926867,-1.4290004,1.7544079,-36.14459,-38.949486,-6.0853367,2.8324752,-96.86645
-10.964591,-59.06884,-24.771465,-12.445412,53.71494,7.252839,49.44438,-48.756912,64.86617,11.502056
39.806057,-48.6412,-1.9024174,-13.981106,43.73833,14.024263,53.81761,-49.743244,59.976242,13.468733
10.340767,-62.61572,-44.192307,-40.18791,-33.280846,-40.486485,-41.16967,0.66410816,-26.858467,33.341866
-8.360121,-64.41021,-4.3424172,-15.6405325,54.92683,23.792055,48.328358,-18.15955,103.40623,36.844643
1.6735572,-16.783077,39.526806,10.148671,-34.09746,-23.841156,-28.300756,-9.829302,-18.901558,-74.1819
-3.9879303,-51.48049,10.011552,-20.137905,61.56138,18.967396,49.20083,-55.980835,64.95909,12.185615
4.563801,-68.61253,-17.578115,-57.232807,0.773239,-40.481052,20.258364,14.088518,2.964641,21.151497
-36.192677,-72.84672,10.7059145,-58.161552,50.55518,7.0381174,52.531322,-37.263508,31.871737,10.617631
31.100552,18.312029,-13.70222,-29.25716,3.7294636,-32.73977,-48.057514,36.16948,-11.952609,-62.587646
-56.372448,-19.54134,-23.590775,-15.637676,14.905493,22.906528,16.549091,2.9745903,43.653107,-56.629967
56.11402,14.271194,11.125884,-10.793471,3.7004824,-54.768723,-48.392406,-29.103588,5.128982,-79.005
-46.501644,-54.934063,-34.70688,-64.18752,-19.8905,-29.728237,-38.67055,27.78987,-9.246281,13.004
19.635227,31.819613,24.027035,-12.647306,2.1511111,-42.281082,-30.055838,50.413,-4.3266897,-75.52385
-1.0337199,-26.451975,4.099724,4.040154,31.687101,-38.266037,42.102787,-40.46432,-48.471714,-14.567774
-20.583044,-69.31415,-24.961432,-31.772234,44.547787,-24.586437,32.835617,-26.891441,80.32485,4.3929076
22.80534,-3.45464,7.3374243,-3.3329184,-24.67807,-18.44384,-56.87694,35.61396,-14.58815,-33.20271
-36.007687,-58.887047,-23.380808,-25.608355,13.157081,19.849602,32.477238,-23.190712,31.428501,39.27861
38.91087,5.6732197,-46.18513,-80.15567,-8.61424,2.3683455,47.523434,-43.542274,-65.52595,13.305786
5.623156,-17.123413,-88.0729,-52.523685,-3.4718623,42.422703,-3.0382304,-5.9409156,-15.810006,-27.525482
13.480533,39.678288,49.433006,-38.27087,14.496647,-19.728357,-16.963663,19.923386,-36.416924,-97.04196
7.393129,55.878445,26.101664,-12.687538,-8.739627,-61.522057,-46.642082,-39.331673,-19.32226,-88.92409
-22.549934,-78.78845,23.5952,-30.323513,53.514034,-1.1500494,34.149273,-54.515026,60.35207,-4.7047997
11.177272,-43.20277,-6.3377175,-51.059036,30.16929,-3.2037964,32.871014,-25.120771,59.95419,8.431786
-28.964195,-49.736122,0.44206107,5.8602314,23.136145,-44.160255,39.689224,-18.49154,-41.902462,-32.164383
-13.825015,-53.798824,-18.257774,-13.664736,9.986515,-91.84328,55.89244,-15.468917,-36.044373,-14.44986
-4.195768,-64.04642,-8.446905,-50.722088,43.03978,1.206258,29.703548,-27.466293,77.5333,29.803066
-27.269087,-26.27898,-6.7430453,-1.936008,8.760628,-64.53114,70.89249,-47.13738,0.5170741,-44.56836
-28.802197,-3.0856643,-14.908071,-29.845789,3.7911005,59.716286,36.117058,19.755047,26.053238,-74.28542
63.605,8.465921,24.77643,-26.471714,-18.873362,-12.225344,-42.355686,-5.161843,-20.69111,-38.80973
-7.793102,-81.59203,17.993322,-28.73054,43.48847,-8.9158745,57.422714,4.256459,41.865345,2.0796828
-14.576235,-54.560486,5.4738827,-38.655865,40.950768,27.70831,45.274467,-65.09358,61.0726,33.90912
-20.697468,56.051308,-53.199306,-35.84589,-12.42228,46.13586,14.489424,-15.790879,37.153793,-35.092903
61.38233,22.930075,24.61926,-48.652954,11.27055,-3.0853615,-34.004456,25.816189,-38.734722,-63.033195
-9.330129,-68.580345,0.7822716,-49.87638,31.402832,3.6814067,40.121807,-30.046741,65.98732,47.350082
7.0871873,-70.72453,-20.961256,-39.953728,-7.7921467,-33.28035,21.029438,9.6875925,1.2218366,46.683933
27.479801,4.3454895,23.075962,0.806998,5.360399,-57.60183,-9.403402,27.520784,-9.629078,-79.08209
-31.380493,-33.03074,-20.248337,-33.05238,15.6142235,-8.02139,38.348106,-49.938267,3.6366136,42.308914
-25.072727,1.1682936,-37.758057,-10.047099,26.938948,-17.650337,20.460512,-42.78038,-16.430958,16.67132
21.168861,4.0619082,-1.1100181,10.702685,-22.163404,-54.17345,-27.203796,1.2436985,-42.402912,-28.969114
29.91151,-5.259417,14.417721,5.2668858,-34.675453,-22.19381,-36.867634,27.088053,7.01862,-27.904457
-44.92788,25.035448,0.23199481,-26.621344,5.9663444,22.17117,49.208313,6.3550687,36.95045,-45.680347
-14.56931,-11.98268,-70.16162,-30.807976,9.985298,-27.65936,-6.2443566,-17.662767,-12.175921,32.348984
-27.64389,-13.823309,-31.164125,-37.18675,28.213196,23.22183,42.85385,-61.33171,86.99131,16.950401
-45.88291,-32.58654,10.054642,7.1255503,42.27726,-42.461864,38.49333,-34.345856,-30.127712,-26.372252
-38.075905,-64.208405,-9.557596,-3.75108,20.80491,7.636385,49.38303,4.206835,46.371452,31.728004
-18.889925,-57.09212,-11.012377,-25.384563,20.661467,-7.447065,64.26649,-8.763397,50.875122,20.71706
31.338802,-65.778564,-22.17412,-3.2553463,-19.646166,23.686974,0.50533277,5.883446,-48.686546,51.35916
-51.75421,26.077564,-33.552776,-35.130882,0.73668003,30.327213,34.407715,-32.337227,45.25557,-33.203533
-30.969114,22.454964,-51.88148,-34.41398,17.199625,32.792843,39.040264,15.665811,57.144924,-54.28496
-36.278397,22.337645,-25.66093,-31.6523,-0.15680848,61.693726,44.19725,-19.24715,20.740322,-39.799385
40.74576,-0.57008916,-14.376672,12.652749,-27.40983,-33.211384,-39.78422,30.904053,-8.802245,-39.622395
-48.361565,5.1962543,-48.5124,-25.132807,-19.869984,-23.315315,-5.496461,10.95975,-34.60261,66.873146
12.51085,27.103973,34.96092,11.057582,35.283432,-37.993572,-39.974453,27.491137,-26.245052,-90.80477
-52.15873,-30.933674,30.149372,2.6157598,-10.158859,-50.30609,62.77228,-19.267618,-34.753345,-7.670039
7.7773356,-9.609514,-32.701065,-31.69369,-32.881477,-23.905487,1.0805926,-3.5107794,-77.037224,55.130203
-15.648622,-15.843588,-21.463692,31.27031,21.279623,-47.527473,78.409134,-27.018057,-18.70134,-48.407024
-25.863047,-6.165351,-6.290131,15.386098,20.762314,-28.643812,48.736073,-63.705013,-15.687174,-40.707104
-46.11867,-41.911835,-36.83987,-61.46541,-0.31108427,2.6465333,-13.102213,44.80074,-85.90973,13.145706
13.838495,-66.00769,0.97963285,-16.591476,51.92039,20.750954,27.742783,15.09265,70.81701,41.90132
5.047192,-7.9538894,-62.769703,-35.426193,14.9205065,-16.925674,6.5736756,-13.223808,-28.188335,60.125786
-33.830116,-36.692814,16.512236,10.935039,-12.017215,-38.756493,59.893402,-43.261913,-10.598582,-37.950794
27.226595,2.8426774,-0.5950532,-30.640146,-22.832699,-26.801394,-0.6680594,10.096188,-28.401264,-112.121544
-33.87789,32.424847,-33.74367,-41.05264,10.765293,31.359531,36.664364,-13.418301,29.191864,-41.293602
38.967033,12.323436,13.60385,-11.136527,-27.311354,-50.74502,-6.6611342,4.0359364,-10.796733,-83.769615
-37.875755,-13.168469,-24.975794,-11.945879,3.5911713,35.76163,49.96579,-5.8694625,29.621796,-32.749035
-10.122379,14.600387,-37.409195,-68.19175,-30.286646,-68.72427,6.5296016,2.9428608,-5.0224867,3.3498592
-2.8460386,-62.518757,30.155725,-11.441631,77.72622,4.676303,42.71062,-37.216736,47.052284,3.6468177
-24.161276,-54.438892,-31.01425,-16.643469,64.650925,-20.13196,32.845676,1.9491129,68.998566,0.82516825
-37.732773,-59.309837,-51.40252,-35.598312,-28.34212,-4.8604727,-17.287668,24.69303,-23.768274,28.728
-56.665154,-26.539284,-4.4332724,28.593231,-17.936352,-24.785769,41.985455,-42.73006,-18.43268,-31.765972
-9.672042,-50.242283,-18.416407,-14.751854,-1.8599734,40.252567,52.716373,-38.739906,35.456852,-39.936855
39.623352,42.022808,28.914223,-11.430961,-40.087894,-54.39993,-37.60065,-48.861473,4.6252675,-60.886787
19.94516,-49.719666,23.94929,-30.93717,21.240973,-14.237394,8.972501,-27.773901,46.292755,-1.3861821
-34.14218,-29.584354,-26.092314,-76.573326,-14.316237,31.509941,2.9323983,-4.7453527,-41.047802,45.648518
9.294008,-45.46046,-21.42138,-68.5071,-68.71696,-0.15404621,14.374584,-3.0525663,-9.20858,39.139297
-9.261135,-55.458668,-6.550256,4.4802785,14.541736,-48.837578,46.38924,-20.352808,-40.272793,-37.135086
-28.778866,14.2741,-39.522335,-54.982212,-7.592303,46.440376,27.222162,41.7133,52.815865,-72.784744
1.2802064,-9.903879,12.801399,1.2033648,49.31903,-46.04932,51.66516,-59.5958,-31.345762,-23.841766
-20.090534,-32.38006,28.07609,6.232409,-20.435072,-35.810635,53.853012,-43.39742,-45.270294,-4.954172
3.5884323,37.343105,12.437236,-19.239803,-30.20797,-54.680607,-50.770267,-39.301205,-30.213902,-112.73466
-30.054127,-35.781544,2.209175,12.455651,44.020023,-39.573086,32.186398,-48.307163,-9.120884,-28.793066
-2.9840963,-57.282093,-27.050669,-33.045208,27.458553,2.6853049,61.555958,-19.977968,59.112045,24.740515
-33.381504,-48.592033,-30.292246,-43.04495,3.2038465,-33.839775,-6.630867,-18.695475,-15.732448,-3.7892647
-32.17078,-49.46731,-7.919611,6.732705,15.900534,-43.52726,38.961746,-18.92177,-19.083406,-25.836884
-3.521591,-3.41639,-27.316477,-78.68117,16.243582,16.752396,-8.63791,9.793389,-97.4824,33.02959
12.672615,31.800924,21.265623,14.495281,-20.44851,-33.154274,-10.4781275,18.910307,-1.1297618,-67.003784
-17.468151,10.886545,-1.7275685,29.276531,-27.221828,-23.731834,-30.388905,0.462971,1.5170732,-19.701633
-7.492469,-61.64144,-4.5138583,-16.970827,74.866394,10.21329,27.93859,-21.741953,73.292946,6.0495915
-22.540882,-78.98627,-19.897842,8.409589,20.605183,8.835388,26.74008,-38.136673,21.742874,33.341892
-19.001408,-37.421097,13.362228,-11.179254,24.59447,-74.375305,51.988804,-45.675148,-0.66262406,-29.823593
-36.166294,-28.674421,-7.4338746,-84.409035,-32.467556,-8.113026,-35.00854,12.118821,-10.271246,-1.0239105
-11.807106,-67.46999,-22.410612,-50.02373,27.343142,-11.252356,46.09057,-49.226295,64.29777,-2.497023
-17.040112,-62.981964,6.9150085,-61.136635,23.204845,-15.211329,47.44332,-39.591133,38.619938,7.072001
19.622179,70.19971,43.16989,-14.561988,-1.407584,-61.84049,-46.673874,-72.6656,-2.827366,-108.31498
-18.787891,-21.961613,-30.093393,-36.03615,-21.096992,37.98159,35.66868,-16.170965,25.305351,-43.43189
-30.40361,-44.063305,-4.6261616,-24.401325,-0.39140368,-75.2032,55.355675,-9.667487,-49.824066,-36.94457
-50.794395,-67.08771,-61.89968,-32.846786,-26.119864,42.251396,-33.247074,4.6114354,-41.696358,12.930659
33.111645,-4.5650945,26.887804,14.214551,0.20237553,-2.4712353,-43.812588,-7.6657195,-8.253435,-78.69991
-30.86583,25.844818,-34.63634,-38.67944,-10.1910515,38.26511,38.32025,1.2360715,63.910854,-57.33603
-33.828228,-32.345043,-1.9372675,-20.26999,-3.7511,-35.55933,41.925827,-30.021578,-52.764812,-53.79155
-46.824043,-45.374817,-47.690884,-72.626526,-18.76605,-14.214592,-49.321716,4.847834,-17.13432,1.3512543
-30.370913,-69.18058,7.1219664,-44.163322,21.049028,-21.01599,37.002293,-78.0594,63.203056,-4.0482564
-8.732442,2.7028387,19.418882,-49.85489,12.1433525,-24.9823,-13.328284,28.753895,15.988769,-48.184353
-29.413273,-59.392944,-3.314321,-33.879093,-5.1305428,-16.502148,16.8076,-13.84625,3.1394804,56.815723
15.992253,-51.883335,-14.685635,-6.353885,47.316956,13.639416,39.912224,-22.560396,79.29502,27.548342
4.8172107,-70.85485,-21.25672,-6.4514303,-24.751133,7.037508,6.307817,4.96042,-43.163525,57.83468
-42.2507,-9.104956,30.124552,-6.8215237,28.581339,-51.706944,26.49414,-41.057247,-26.313162,-7.077864
-7.790245,-16.715317,-24.005112,-1.073307,6.0517783,-78.21401,65.83718,-33.467888,-35.338066,-34.2313
44.276886,-4.256773,24.346834,27.456165,57.56543,-35.39021,-29.639793,36.37158,0.4930034,-68.64373
37.942253,-14.946663,24.788082,-50.22505,-2.519488,-14.854076,-39.3454,44.38195,2.475341,-74.17678
57.606064,-4.2311053,0.652128,-15.074256,22.173838,-36.811493,-41.37364,4.371403,-18.67241,-73.80818
27.075483,31.155832,6.9714403,-4.754515,29.504475,-37.38728,-35.72411,3.359699,-36.05945,-76.337715
-14.072291,37.68312,-75.93322,-42.51229,-16.794373,26.396881,27.357504,1.4881818,2.0983605,18.922413
-25.298962,-65.91785,-35.23163,-8.300339,54.40433,8.596668,44.202644,-48.34567,64.40869,-0.07812496
-11.362119,-33.18731,7.407325,17.782532,22.08517,-29.47517,53.76703,-73.76233,-61.01037,-20.986221
60.052338,13.504199,2.1672041,-14.549026,-17.060173,-30.949547,-52.21012,-3.734442,-24.957253,-34.29091
-28.307638,0.12504104,-30.37194,-28.339272,13.796882,-7.8284564,44.8129,-3.8065088,65.58015,-27.217022
11.722153,-65.838585,-5.1045885,-29.318317,14.90114,-40.639416,51.125084,5.723348,8.290439,14.809664
-45.25647,28.339853,-25.524105,-41.80804,17.205667,36.273796,47.950123,6.1919103,46.662964,-51.652077
41.107765,11.672504,50.347607,-28.662859,-22.239094,11.184506,-40.626072,18.075718,-22.998417,-55.72525
-30.356354,24.326572,-45.092743,-41.8921,-15.620646,45.33686,39.09712,-8.411655,74.69681,-31.266151
-12.559011,-52.056175,-24.433794,-1.9844172,18.319412,-23.355713,9.230976,-48.553905,-29.201334,31.318779
-15.695543,21.351643,-6.55428,10.574752,-20.369091,0.33578444,5.0142384,-39.80526,34.319046,-64.66217
-10.337255,-76.72643,5.3670006,-45.7785,36.795677,4.032138,57.990948,-10.606859,66.283356,29.507877
-40.56727,-9.384284,-17.11482,-80.87984,-17.268309,20.25856,5.026778,-18.4892,-52.970833,18.983284
-26.800455,28.94297,-41.896244,-15.590353,12.966513,45.43948,26.148064,-18.939884,27.096731,-30.487896
-28.480408,-16.421057,-5.805016,6.7141848,7.2106767,-55.777325,44.680916,-10.867095,-71.76578,-3.374861
-13.009485,-58.491215,-37.346767,-14.542684,4.9877353,-39.966248,55.718563,31.829697,-3.9794233,29.501194
-20.832058,-48.550404,10.213108,10.820989,-38.29326,-42.476856,57.030476,-32.244427,-8.95722,-24.113092
-13.888909,-40.033524,1.1074185,13.897383,10.46875,-27.31285,37.95787,-45.781544,-21.081322,-59.564087
-38.756863,7.4524045,-47.1728,-37.740307,-0.9428682,23.51294,41.960796,14.018258,62.59043,-58.89847
36.162968,-18.948626,-43.90173,-69.15992,-26.465189,-2.1596093,4.634346,-14.462919,-49.364464,18.825026
-62.43103,19.937908,-37.025154,-48.750584,20.447405,71.83284,26.340666,28.442852,31.60539,-58.78692
-36.35617,29.632032,-61.38536,-60.57805,-17.9001,22.437767,13.985976,-0.9982543,-6.441823,-16.030247
-14.766069,3.668718,-6.591789,32.26314,21.50469,-58.20072,59.63995,-26.003262,-27.528028,-13.303436
-22.007076,-25.592228,-6.075128,8.693156,32.914303,-43.010212,51.413887,-47.36275,-29.527428,-46.584835
-19.062395,36.27253,-36.052425,-74.20295,-50.99625,40.6353,2.3597322,10.151838,-22.361675,47.335144
22.369232,6.992031,-65.892586,-88.867134,7.21496,15.262253,63.225597,1.6487315,-108.61169,41.684902
-7.621983,-7.125838,-11.848125,36.183784,-8.06935,-66.24319,58.49074,-30.259699,23.080795,-22.034653
-15.789353,-6.934587,-33.68936,-16.838465,40.058258,25.925545,28.707857,-10.754121,30.651028,-26.370161
31.964077,26.257298,-3.1533,-14.925794,-19.809328,-34.476658,-49.319813,-0.4814531,-24.787407,-34.149006
-53.417347,37.566784,-45.964,-22.369534,-12.350093,60.87706,22.9248,-10.583793,57.439003,-25.096392
-23.196505,4.751757,-35.02509,-20.015434,-12.259026,47.382153,49.925674,-23.201847,33.04397,-42.714634
-51.706898,31.003853,-34.24631,-34.48806,13.889589,39.196255,29.857267,-16.144957,32.26337,-35.34682
6.636244,-69.33566,7.6152153,-25.09225,50.160114,18.354942,44.55035,-4.6970563,60.16432,53.10897
-25.086979,-33.493286,-3.4552617,-2.5218608,2.0548992,-53.62424,64.27629,-12.087484,-48.076096,-11.732923
23.727032,13.026671,43.71983,29.488937,-27.621315,-23.884464,-17.732897,-17.433844,0.8821378,-55.449818
-43.935066,9.763587,-40.511597,-40.090134,2.7031078,65.60647,27.556307,-6.275613,20.307589,-49.463985
-15.774611,37.710693,-39.66941,-39.322464,6.951274,26.745049,62.266968,-12.020767,53.650597,-60.779
13.201415,19.761213,31.279802,-2.676563,18.253498,-69.59111,-30.496029,74.65932,-34.26631,-83.8236
-32.254356,23.252316,-49.469715,-29.810072,32.17838,37.415535,37.523148,19.827318,40.75067,-51.509262
-28.874474,30.869669,-53.731236,-29.090837,27.141275,30.381958,37.986652,-5.8976808,31.360203,-47.178585
-21.521072,-50.642864,-6.332444,-33.225742,36.930523,7.622409,57.078236,-36.185898,68.77405,17.774618
-20.830679,-40.761795,-37.350986,-44.082344,-10.568283,-0.9798456,-12.310224,7.085375,-18.877523,24.932426
-29.782831,-50.95293,30.669676,15.516679,3.273787,-33.779846,39.323643,-46.832077,-58.593327,-44.519863
1.1809266,3.2867215,44.304363,-2.2197764,17.690187,-34.660416,7.8332653,20.76715,3.4521277,-92.71071
-6.543734,-38.50212,-65.12261,-70.00171,0.10541189,-7.8771772,4.2289863,-24.721508,-30.27388,25.19703
20.100458,-42.115208,-40.674816,-23.47195,30.507135,11.355716,31.416403,-32.725704,31.864735,34.102913
14.105427,-47.95172,17.959124,-38.51806,35.284634,-8.866538,38.780846,-62.647934,38.693993,-0.22745596
-25.560453,-31.626732,-11.619319,8.418814,2.5217624,-48.093613,50.044464,-23.005102,-23.744143,-17.866556
28.511078,17.398285,8.487651,-24.378191,-5.2665014,-52.51997,-28.416231,-25.718666,-9.346846,-100.25271
19.75214,8.404053,14.988381,39.321354,43.687553,-28.277237,-37.844246,46.149616,-13.822607,-40.271744
21.971756,22.546703,37.944855,-25.19337,6.3339696,-41.009525,-45.3245,0.8874204,-32.64023,-74.69934
-20.739742,-62.164448,-28.31309,-3.2819705,6.678231,-51.85425,58.04756,39.63775,-28.852392,20.673836
12.123814,6.777651,7.772806,-3.7794893,30.613123,-41.294937,6.8340387,47.767235,16.72224,-23.843353
-24.694477,-51.78644,-40.745728,-16.590967,-35.418354,-21.585625,-8.681106,-41.119446,-38.308388,5.949571
4.553257,30.298376,20.686825,-17.863836,-6.836057,-51.379295,-19.461721,30.611362,-32.461067,-88.83763
30.41614,-24.301268,26.666075,-36.64177,4.6790404,-52.241333,-6.213842,12.17135,55.820335,-20.733515
-53.7284,5.0872154,-15.774691,-29.285526,20.099365,27.981745,40.83719,-13.079254,36.68338,-45.893253
-35.7785,-50.195206,-12.450614,13.931569,6.0875278,-46.65689,58.0507,-25.006361,-5.6237884,-49.69322
-13.856779,9.2881775,11.937561,-6.7938137,-27.361301,-46.757908,-45.47626,23.005293,-1.5370082,-19.225826
-4.6413116,-11.277374,-39.187687,-23.826334,11.862845,-39.345676,40.835464,82.684944,-54.581367,-2.860117
-26.711714,-72.20556,-20.689909,-47.61921,58.607635,-5.2976785,6.8972406,-8.316748,77.63064,11.069471
-6.346464,13.76465,54.42299,-34.946247,20.45441,-32.64361,-49.600903,7.9210987,-4.278936,-92.42745
-26.141151,3.5713484,-0.3057115,22.249962,-1.0056115,-24.583715,27.417723,-44.921543,-61.338123,-10.8850975
0.4530445,2.2709725,-30.170158,-37.706776,-26.561646,-23.775896,-18.36933,20.571188,13.16871,-28.449186
-26.606823,-48.693672,-56.469635,-41.370552,-25.063553,11.740191,5.4851375,7.212204,-6.083071,19.7806
-43.582344,-61.19241,-36.96385,-4.243967,42.11941,5.6784477,49.676743,-43.715885,64.62506,12.001432
-28.045277,-30.074867,-15.022443,-29.547398,13.990569,1.7967606,22.456427,-25.753426,-38.612175,7.5803437
-2.2143066,-32.498386,-58.42044,-52.310955,-25.151377,-24.193243,5.9293613,48.936436,-73.84631,26.628654
1.2063485,-17.63628,-32.48565,17.426277,-10.705316,-50.358437,59.228832,-10.264533,-24.16046,-25.487873
-65.677704,-82.97274,1.2709658,-45.16197,40.61217,-20.5177,29.810646,-50.225338,55.47477,-7.5762787
-7.7894983,14.80184,-10.173129,0.46443558,0.61496633,-33.76253,-17.765652,-40.085632,-19.482489,-18.238647
-32.196217,0.106993586,-76.79165,-38.82709,-6.7891517,17.72821,-2.6021798,-28.522459,-55.91133,43.93826
-10.80285,-10.221999,-14.499019,12.270278,-3.160213,-60.429554,54.646164,-4.029728,-54.487198,-6.210004
-38.384712,31.638613,-46.23099,-30.530718,-0.032479666,45.5768,18.176935,-12.316882,30.748528,-48.166508
-43.03705,-66.073685,-37.99925,-33.87915,45.900867,-35.650482,51.213467,-1.1114156,49.471256,-7.3415203
0.3083321,-50.264668,10.234238,-33.066986,53.448265,22.169266,50.026478,-20.993622,76.862785,42.196575
-49.698265,-16.41214,-46.412693,-33.65917,-17.22721,35.274067,17.454098,-13.474849,-17.477848,4.800494
-21.8853,-25.46234,-31.727448,-75.05865,-14.080666,-44.598484,22.808458,40.20828,-38.371784,28.568907
-43.573933,-31.4977,-24.549538,-82.24481,-2.320468,-0.74778897,2.0839806,-13.644707,-16.265142,16.356651
-14.636914,9.807413,-28.923376,-31.35738,18.304943,26.815998,51.685905,-10.301273,-1.7105352,-72.84948
10.78392,-33.114838,-40.9048,-56.56592,-7.727677,-22.934454,15.842879,54.735485,-55.053017,34.426125
4.3929057,-58.564465,0.88597083,-45.3487,56.797077,17.426678,51.088524,-19.868587,65.951225,31.380661
-38.225433,36.375443,-45.480824,-17.910448,2.5390182,43.62236,25.926329,-30.513298,37.060482,-34.345688
-71.376945,-59.751053,12.534552,1.598424,82.93162,-18.440044,39.712055,-21.477158,48.75256,2.9639826
-23.459335,19.972654,-20.08916,-16.753553,22.277847,40.292694,51.085075,-13.863632,17.392353,-28.863054
-41.163445,-31.593979,6.845234,-39.165913,-6.2308784,-26.183615,28.684383,-11.247896,-67.136826,19.880665
0.9758242,-27.364092,-62.248734,-59.636726,3.4543438,8.975166,1.6719172,-32.42059,-39.04272,37.682686
-23.113792,2.294855,10.802145,-13.066208,-32.935635,-53.864273,-26.797106,-1.8663058,-12.856679,-107.5379
-25.153433,-30.563614,3.1737273,2.1242862,5.4562597,-28.709108,58.106575,-45.29303,-45.2285,-5.8048334
-29.42384,-17.876417,-25.594305,-47.317543,-24.628967,-43.04588,-21.985891,23.901926,-48.436974,50.349686
-24.836376,-21.12553,-16.081213,-14.707093,14.854126,20.620098,54.625504,19.000563,51.156082,-28.345112
-52.00212,15.483842,-37.75841,-25.600998,33.789883,32.99726,57.05541,13.735126,38.76724,-45.132465
-42.377663,-60.707886,-1.9467548,12.762427,-1.0983039,-23.890257,46.635845,-34.931816,-2.4233966,-37.567074
-30.74713,-22.91869,-33.65108,-28.340809,33.20571,29.284645,14.387869,-29.047045,66.3162,3.234243
-42.65003,-64.88747,-12.350066,-45.028625,-13.611667,-42.12613,-27.106976,-0.6775184,-4.4704804,23.309929
-35.737785,-4.059876,-26.767862,-16.90921,-3.1886518,52.401188,38.813084,1.4769993,63.17488,-57.013542
0.24534857,-41.968018,4.5654488,-26.849443,31.272593,-2.532366,51.79711,-42.194862,66.29264,21.105322
-29.408308,-61.607624,-24.763615,-13.59388,54.31142,-7.069227,52.84079,-24.097424,61.097538,14.825623
-29.129164,7.1039834,-51.497044,-35.756676,7.996343,30.643877,52.659496,15.466643,37.443398,-3.301249
-19.488026,-10.476479,-45.208893,-25.817963,34.08309,19.71969,35.89823,1.2463653,50.788116,-21.606874
-34.445263,-56.32486,3.698984,-8.404763,51.20394,26.432568,34.175724,-65.88679,81.8773,5.892924
-43.70803,-56.752823,-26.449875,-64.24444,-15.212224,-15.062688,5.2743526,-9.016744,-4.8761454,26.46941
-16.405127,16.404509,-45.361664,-34.66006,-11.9604645,30.225391,26.442665,-8.509918,-14.475296,-30.648535
10.823687,-2.627718,41.58231,11.171086,6.969523,-4.874661,-23.543743,4.0617065,-0.551391,-84.479385
23.861567,13.875342,38.990143,-0.3369876,32.132557,-35.510006,-27.108313,40.101948,-28.086601,-62.052055
-29.072884,-16.226418,-1.6179185,-44.085033,-3.2888834,-42.13012,25.59059,6.939134,-70.61972,25.391346
2.7573485,-5.455036,-47.042557,-46.07228,-10.619319,12.683672,0.40479386,17.311365,-65.52752,37.57724
3.3315873,-9.570191,18.728474,7.178996,-12.093806,-85.56999,-20.071339,50.009747,-32.89379,-88.04536
-9.335492,20.910625,-7.496033,4.68047,5.204742,34.252487,23.65884,-11.529065,23.159306,-55.728752
-17.618809,-46.02021,-52.061657,-72.098816,3.9924726,2.267154,4.057219,3.7917457,-36.58591,-7.6409073
-5.0258265,-68.350204,6.4010935,-37.102924,38.654778,-6.8068047,1.2093843,-50.079403,74.01899,3.5019593
-29.8678,48.393745,-55.142033,-43.803387,-10.290522,63.220707,33.206818,-5.1188145,37.72653,-32.216854
-47.201782,-72.49723,1.3437517,-46.008175,47.465015,-2.5192394,57.632027,-5.4962254,7.992598,19.162167
5.0088134,-53.88683,-14.675141,-44.899883,11.7857685,60.48054,32.71577,-57.31902,77.54839,-1.1911465
-33.43982,-28.667881,-11.475092,7.2175474,5.749838,-58.052277,59.659927,-31.69168,-45.66466,-44.23524
-30.54196,-17.71781,-18.219051,-47.36282,25.709917,43.460915,21.28316,-17.060644,52.182663,-20.7651
-40.265396,-0.53781486,-69.68517,-80.873436,-32.618202,24.42665,-15.916698,15.74932,-40.16559,6.7388663
14.257968,-61.911987,13.2909355,-14.332649,5.7278833,-3.2634413,22.745028,-26.590134,79.42863,-44.570927
17.29134,0.6124449,10.991159,12.349456,11.180064,-37.564285,-41.09789,-17.864014,-11.691367,-80.19396
-20.93122,-44.462902,-12.078933,2.5081625,-17.010508,-66.931725,54.07904,-33.619682,-23.190847,-22.930162
-9.850298,7.9064226,17.440397,-34.424793,22.450554,-46.777473,-53.599625,29.1577,-13.21523,-78.21666
-19.606441,-42.264256,-32.903297,-30.032639,23.399866,-2.763293,50.307808,-21.918978,81.06996,21.225365
-42.550327,-21.64228,-7.4578204,-100.1064,-14.616324,20.784481,13.13404,-9.616263,-53.62991,21.368702
-2.3825605,-13.110088,-25.12752,-54.947826,-4.703886,-88.254845,36.885334,16.805418,-15.758865,8.485814
-32.396355,-8.029041,-31.726397,6.593609,-29.557997,70.60122,43.91807,1.1357567,47.252693,-45.12561
21.348085,29.068634,32.81073,-30.88955,23.693235,-50.141514,-11.517504,27.358713,-24.046402,-78.55991
-0.43033245,-22.338408,63.53219,8.670302,-18.298231,-45.213894,-13.516568,19.144466,8.3898735,-69.51967
-26.995317,-24.887108,-13.969034,-14.428574,17.983736,29.962593,60.854706,8.593886,39.606476,-36.046227
-42.19691,-63.247746,-18.26753,-10.59646,56.579777,11.594392,59.065723,-43.43683,57.90322,16.186867
-28.007113,-36.714645,13.2038145,7.3404436,10.524391,-67.03502,62.37053,-62.703674,-57.327606,-31.21875
-30.45201,27.047405,-35.74923,-47.464947,14.504075,27.795073,50.717022,-4.526893,30.032188,-45.531345
-9.33995,24.937939,14.972899,-16.12897,-40.64,-15.773294,7.3249884,28.297373,14.071058,-60.833405
-55.751347,19.213432,-36.284504,-20.980335,-1.4252702,58.26226,39.862526,14.276274,19.267237,-25.57904
-27.503904,-14.888354,-8.993459,-0.8008102,-6.0617924,-66.279724,68.85302,-23.06412,-15.677376,-29.022232
5.5380754,27.32253,20.95316,-17.50138,2.032456,-64.66929,-12.035513,62.226425,-11.567349,-86.33117
-28.13534,-3.076249,-7.189643,-51.43084,44.38304,36.9253,9.399763,-29.133476,59.475414,-69.4028
-48.549706,-30.523468,-1.316278,4.037977,33.611546,-33.62517,48.11413,-30.353426,14.644808,7.636481
44.71079,15.199248,46.723606,1.6203468,20.608507,-37.89265,-2.4174771,45.475006,-8.637207,-50.71334
-32.04696,-20.589579,-62.600002,-7.582257,13.87136,4.7074947,30.988016,-17.401245,62.32539,65.97137
-27.878727,-5.8653765,-64.207565,-23.903934,8.314217,-12.333449,-17.352547,-23.995356,-46.852505,40.92962
-26.322151,-34.71038,33.54816,12.426015,20.830486,-17.83609,34.834774,-68.82977,-46.31961,-40.742344
-42.46228,-19.811918,-65.05069,-52.85464,2.0351024,4.723507,-38.797295,5.4788547,-44.961525,-0.3168032
-8.757546,-18.385866,-16.281717,7.2465706,40.790676,-33.158676,33.10414,-41.499527,0.5536809,2.487566
21.341244,35.246185,44.38442,-15.993333,1.0646116,-17.767588,-21.725004,2.3766267,-17.658768,-82.894936
38.30025,19.674107,55.39715,-32.87667,9.935947,6.071313,-26.254448,34.192413,-15.387728,-69.59354
-4.2764916,-30.855194,3.463971,-15.962566,13.385247,46.411724,59.64111,-19.142626,37.659935,-52.86125
15.057046,0.13408247,37.408466,-16.224453,26.66858,-41.079365,-24.142233,33.952637,35.297043,-35.982502
8.320661,14.012736,8.495109,-23.19908,-45.97905,-29.015198,1.7582601,-5.679865,-51.35166,-112.627594
-32.937798,19.034588,-45.72262,-52.220043,-18.783802,46.362362,35.842697,19.628725,75.228226,-50.730934
26.946018,10.11929,-40.13678,-80.58784,-28.386488,4.185363,9.637498,-31.572327,-41.64869,51.82157
-43.49192,12.828783,-14.088526,-41.59398,8.722985,31.725574,45.01039,17.153898,52.63169,-58.654102
-47.47096,-41.995224,-15.951856,-33.876812,8.938978,24.060118,21.292233,40.275364,-51.488224,-0.022052431
8.917636,4.341714,-101.97096,-72.765816,8.555229,12.433152,15.561015,-48.477497,-30.870329,9.763548
-7.9128766,-28.16145,-56.20404,-87.98609,-13.62347,-18.810608,8.988205,-11.042163,-32.11822,7.7496324
-25.658316,-42.852886,10.845137,-10.709709,6.108196,-57.40698,50.209034,-59.047237,-8.66075,-34.34683
-50.10595,-20.929724,-34.59071,-51.35992,-41.359177,-25.859514,-1.4854631,18.502356,-54.37357,35.929424
-44.120102,-9.443828,-9.486602,-28.237045,-43.627186,33.648872,-4.177535,17.357029,58.576843,-39.51892
-24.11097,-4.0947247,-52.60458,-31.268972,6.568751,-8.805679,5.435319,-25.016407,-30.144728,68.488594
-41.82857,-13.08984,-32.35666,-14.06226,8.30551,60.658764,35.396763,-5.317619,36.09446,-47.87898
-13.666536,-77.351494,3.875273,-25.70318,31.904924,9.558045,45.87298,-67.5696,61.62006,-12.223467
-52.34231,6.966733,-45.643272,-65.97118,-32.617176,37.79636,-16.644453,13.740345,-43.298267,34.71618
-58.80375,13.117103,-36.449974,-26.426123,-4.7552576,54.61853,14.544442,6.52551,65.47455,-35.60003
-16.052467,4.223089,-11.754103,25.093197,-14.375724,-51.612354,32.22563,-26.586344,-31.745592,-2.8547323
30.221752,8.859437,14.259591,-14.079823,-2.1146219,-60.985855,-14.663288,-12.761674,-9.299608,-114.14361
9.284764,11.787321,32.187107,-24.255096,27.050184,-43.95633,-39.655853,52.662067,-2.236717,-79.56066
-12.473511,39.034504,-58.5013,-55.75023,-18.04632,28.78482,27.50143,17.549683,40.452366,-1.0838485
-7.661774,-48.80536,-30.801369,-30.792706,-28.389217,-16.837854,40.85047,0.4893165,66.290215,18.178051
-16.279657,-62.382664,5.0804443,-23.861227,28.848928,-3.6679227,60.105843,-45.319706,68.28368,17.67788
-48.6799,28.185236,-35.532745,-53.800186,16.584803,49.18174,45.065998,5.6654654,49.028378,-59.63744
22.606081,-30.509127,30.87483,-2.9809713,7.106322,-40.867496,3.335515,28.58659,25.544392,-14.774672
-38.108784,-19.133873,-32.03735,-41.74405,38.832073,24.39665,51.57149,-7.3290105,50.51072,2.9552474
0.23991966,-36.307755,-19.670073,5.798706,2.051424,-54.577583,62.742893,-30.779306,-49.19818,-42.909298
5.6931195,-19.934994,-28.437712,-81.1976,16.324062,-15.635306,-11.529742,-6.2855535,-81.41331,15.998905
-32.501854,31.270712,-59.552505,-27.898138,20.551662,36.381477,22.500668,-1.3814383,33.180473,-43.608974
-34.59124,4.256856,1.6334465,-6.634137,-4.071266,-71.27599,54.53683,-23.027706,-37.541294,-37.97784
5.619372,15.133216,7.9134207,20.501835,-14.780911,-28.695915,-30.299154,-28.366165,-32.12088,-63.08826
1.694364,-57.22614,-4.8300815,-8.047577,24.12367,-25.970535,74.464645,10.135422,25.831793,28.855755
-46.225315,6.6103563,37.015427,-2.556449,21.045475,-43.17104,62.934624,-17.11952,-27.149933,-15.0185375
-4.611773,-23.715485,23.774326,2.2496624,-18.937313,-50.878223,41.241913,-63.377922,-32.90398,-8.662303
-40.552017,-37.870407,-15.893276,29.09652,-5.0285254,-29.784079,42.68301,-25.181175,-8.311472,-48.521866
-40.916027,10.040847,-26.161848,-39.310474,-6.5804377,54.179554,48.330547,-46.960896,64.837296,0.09489381
22.992994,6.7505717,47.836044,12.105355,10.382403,22.78509,-34.599594,-28.911552,3.648562,-64.59879
-7.455504,-68.4413,-13.942982,-29.487154,32.992565,13.170323,82.06441,-23.734604,64.83283,37.646973
-22.839397,-26.888866,-39.815823,-80.500374,-4.1291933,-6.229859,-9.759555,-4.4815564,-38.470467,-15.463812
-16.497032,-30.965355,-1.6516832,-9.772314,22.845818,-61.569824,56.705162,-25.064474,-34.16976,-31.129633
-9.38655,-69.65656,-15.42255,-24.64935,60.47385,12.490295,11.401128,15.160747,80.29819,12.761011
-16.960344,-11.281703,4.754963,10.458854,-6.2030463,-60.732685,57.71894,-19.830664,-65.82219,-14.090948
-19.099054,-0.6054745,-24.327099,-16.057497,11.136795,26.63013,46.70082,16.266962,-2.907331,-74.30445
-25.639051,-66.48683,-2.2851574,-21.29175,51.516136,17.40055,66.32067,-1.2347832,45.86688,23.194427
-8.833946,3.7145722,-34.772434,-45.64733,-18.409784,-48.582367,25.695227,64.157936,-76.31156,13.911871
-7.9984927,-24.466293,-12.7170925,-0.89232033,4.382551,-49.75842,33.303314,-6.572442,-42.619442,-18.90545
-40.176334,-53.86641,17.901249,-15.794693,0.2559682,-72.91148,45.59209,-24.031965,-48.170403,-18.126078
49.373825,37.0986,38.98834,-21.790644,21.650154,-6.1464486,-3.0768785,2.0144942,-34.32521,-88.79738
-35.88688,-33.36603,-30.66267,-64.85613,1.523883,17.510326,-5.1440415,0.73248905,-34.698006,13.710598
-15.358722,-19.81842,-11.483615,3.4327664,2.2183037,-27.800869,18.262537,-51.639515,-60.8659,12.870577
-6.9447126,-7.896447,-0.43605983,33.66182,32.787228,-40.275497,3.8378983,-17.082909,-12.399124,-44.206417
-2.6510158,-43.44081,-43.4853,-40.841293,-30.254642,57.533176,7.944379,-33.904476,-27.106174,62.709763
-21.917215,-37.35622,-11.014493,-68.53267,30.40442,-10.304336,49.006596,-40.08346,31.535183,5.0596366
-31.486168,51.324867,-49.4312,-17.233067,0.8729793,40.79523,24.188654,18.867628,48.376465,-34.04029
-46.24082,-97.76707,2.1608632,-51.496964,15.420489,6.7726,45.13682,-86.62982,62.770905,10.185909
-49.93556,-64.75083,-33.267902,-9.87115,46.788715,-3.3647575,48.470104,-30.050892,62.19805,4.0604124
-34.824226,-6.166727,-27.960169,-15.776882,35.530754,34.694336,40.19653,-38.913033,44.647675,-37.02977
-6.530775,-61.803505,-0.39327937,-20.415836,48.608387,2.2671266,10.191805,-20.570385,76.56259,1.7486709
34.095654,12.114129,-34.15686,-90.03037,-35.716736,22.086906,15.027025,-8.219385,-59.312893,49.020836
30.491108,24.053143,-45.753254,-71.019936,-7.009201,36.021606,55.33807,-34.59112,-65.99181,40.674484
3.921132,-17.91262,39.668232,-22.09253,1.9468421,-43.772305,-29.289875,51.49236,-17.002083,-67.408424
-40.83242,-22.05147,16.476824,-6.1804085,47.986168,-57.513683,36.413548,-30.044212,-20.894247,-2.0026813
-26.319973,-49.146175,-2.5170436,-9.832743,-28.142456,-60.068462,74.47933,-3.149469,-48.138344,-35.3332
11.176104,-24.683153,-45.42852,-77.84166,-46.776726,1.0906091,1.3818775,15.124189,-25.368322,14.588215
-21.03384,5.586276,19.21747,3.1116266,-22.364452,-16.791637,5.8765254,-51.065533,-43.659874,-50.216526
14.10927,9.87169,35.9768,35.066288,-16.465763,-65.93859,-41.92338,2.1592202,2.5746908,-49.241898
-48.84855,19.857502,-37.301926,-16.413063,2.5040746,43.056694,23.371845,-18.873396,36.225204,-39.65588
-30.182081,-36.687862,-51.25907,-10.9883175,10.947152,-12.76452,5.386789,-18.265596,68.03051,32.425884
-0.5463963,-16.381624,10.219008,-3.2653806,24.605433,-60.199642,58.87437,-59.12543,-24.014772,-16.465706
1.0234455,-59.475327,-7.7429943,-31.272541,65.296295,10.451479,16.846863,-7.6397753,83.62309,34.40875
-4.089339,1.0926096,-34.64205,-29.034966,10.088713,63.862736,31.814442,8.780618,13.991104,-78.96383
-29.211378,-13.451515,-1.1416625,3.9303627,0.86368716,-66.86606,66.79424,-9.0109415,-23.941587,-42.67416
-12.3463,-54.35854,-7.3646817,-23.84253,23.861078,-85.26166,55.315685,-12.604602,-14.634416,-43.675526
-35.6678,-11.998222,20.245758,-32.811855,-49.524162,3.7321665,19.36153,1.1701938,13.71611,-58.067417
-30.55229,-16.377876,-0.38984656,-42.346317,41.53241,52.150074,17.082237,2.203846,55.13276,-84.97277
4.08938,-94.52625,8.272294,-27.804626,7.7653837,-13.164158,19.40206,-78.02879,67.55345,-12.591181
-25.443138,-0.51504403,2.608218,-13.938664,23.05455,-81.83656,45.323715,-6.811154,-51.823334,-3.5236776
39.896168,3.346451,-46.263714,-68.89826,-41.932384,5.227111,11.153409,-36.46646,-59.44132,27.718878
30.234509,31.177778,3.4273837,-14.241494,36.971317,-59.195457,-34.281624,50.303215,-45.58274,-83.24336
-35.804283,-46.688614,12.047157,-1.6628636,39.333008,-44.87088,49.84218,-41.722225,-3.3623736,-29.331417
0.35691887,-27.633799,-21.437202,-14.688157,25.271204,5.6098204,48.025986,-33.582638,-4.6067715,66.348114
-20.950474,1.7791249,-20.28574,-3.1371393,4.274956,70.58905,35.315464,-4.367751,42.036964,-48.482037
14.1241455,-43.319508,-21.397835,-47.298294,-9.050357,-12.367596,1.2463127,-13.108095,-61.8884,31.342209
-35.264896,-27.925587,-31.635798,-28.949055,4.820456,-28.107067,-17.707638,-10.345313,-73.52656,41.832375
-45.92093,-21.348995,-13.874959,19.073246,3.4355006,-30.177372,62.138344,-25.220469,-19.712622,-34.608154
-30.581213,-15.918592,-29.290096,-18.009064,34.03974,15.362417,39.738487,-4.150377,55.618126,-20.256989
-53.255245,-8.788362,-24.113024,-23.977312,18.816484,62.038136,33.760773,-10.980088,34.921303,-55.615833
8.556802,-59.50398,-27.135868,-40.452904,-0.99987596,-16.611246,40.14711,-29.50024,76.84297,8.137007
-38.25095,-26.624592,25.713047,-7.1860504,18.534492,-36.043083,35.92374,-56.22438,-64.57659,-10.479145
-38.60034,14.04305,-39.866447,-44.537563,18.338713,33.45779,12.193529,2.9482,39.46453,-37.33242
-19.32066,-22.470793,47.449963,-2.6373427,26.410797,-49.8626,51.070732,-35.839024,-51.137363,-6.6703873
-41.103058,9.735909,-22.418657,-43.463184,14.648113,29.030804,51.366726,-8.759883,40.73214,-67.088264
-35.206802,-1.0956596,-44.016644,-28.291903,31.606617,53.08162,44.571,-16.989153,39.3107,-41.048275
-34.210564,-36.802967,9.757457,-6.702772,20.348593,-69.83566,46.621002,-9.8396,-13.3803005,-5.5024433
-26.385893,-9.835914,-19.336473,-18.864809,20.303337,46.16866,63.429977,-36.693127,33.152042,-35.83661
-42.919758,-26.651398,2.1238341,0.17232728,11.285374,-34.66845,56.11966,-24.712202,-49.73771,-36.865627
3.9753528,22.570562,3.8340085,-41.800865,-20.40423,43.33154,13.242583,-10.728316,43.376564,-19.56564
7.2817473,2.1151588,35.694443,17.272469,4.9669466,-88.50555,-14.416816,13.705919,1.4143491,-71.31354
-22.465542,-16.164381,-20.153793,-41.556717,20.533607,21.092037,39.538128,-25.124573,67.93879,-45.881042
-24.370165,-34.276943,-17.176363,-74.001724,-41.282997,5.915229,-23.126627,-24.272995,0.2283273,39.67566
-18.163874,29.21935,12.551213,-27.00645,20.203367,-52.314598,-23.675669,29.474163,-21.714813,-73.265396
-63.133427,-76.20972,-29.008097,-12.919041,44.37875,1.4138668,53.00772,-37.643696,93.05201,21.870232
-6.6124997,17.812801,5.3780975,-3.5898108,6.0819383,-17.444004,-19.06353,-10.506745,7.9482636,-80.03984
-23.579702,-78.96518,6.599059,-43.195324,30.564001,-24.64994,50.783184,-43.660564,82.89144,39.359734
-36.70728,52.99368,-49.42382,-38.354664,4.296979,76.36703,39.531437,8.41648,14.255493,-50.696815
-32.168247,-7.3934193,-56.66675,-63.624107,-35.593258,26.553028,30.028873,-26.73602,-2.0773938,8.753741
-13.076862,-22.700844,-21.785936,-69.31496,-6.680216,17.918406,22.243237,13.64788,63.546333,-18.93549
20.254927,-27.057081,27.033699,-30.487791,-2.9412007,-22.040997,0.88403237,-8.15841,-35.89713,-34.944275
-35.436962,-23.592947,-20.408672,4.7357564,6.4640803,-68.1644,58.606583,-26.06647,-41.32803,-26.219576
16.269384,14.083406,-67.8819,-46.278503,-22.441685,-86.96631,17.573359,-68.11342,2.33846,26.107998
20.343723,23.625654,10.016175,27.727478,21.774212,-23.462366,-38.963223,18.827608,-19.828003,-63.419914
13.948184,-7.4548497,47.927822,7.383786,-10.090166,-41.780476,-16.80618,34.68737,15.783991,-62.48273
-33.683495,24.099657,23.882492,22.714333,41.58901,-21.826572,76.31445,-47.28415,-15.23561,-12.334117
-21.549372,-32.13195,-17.79346,-18.097857,42.035286,7.2952814,30.072842,-11.237816,63.322258,-14.199929
10.390917,3.7077563,-30.699295,-28.812363,-14.283632,-49.28507,3.5825877,-12.526595,-69.71648,60.015038
-3.3536258,-10.284036,-35.88499,-4.105276,7.960405,-31.027111,73.357994,-73.25869,-46.687824,-65.149315
8.87018,-23.334984,-60.622227,-93.612724,-29.987616,6.1490364,6.7297163,-0.7558175,-48.13527,5.7994823
-36.711945,7.629568,-31.198923,2.808487,1.2710166,48.811073,25.643253,-9.797434,69.072105,-35.217438
-34.699215,-59.992935,33.825947,-16.386944,8.261575,-16.578901,41.27017,-32.13393,-76.88778,9.287735
31.798122,-38.310955,3.5825074,-28.042055,26.362364,11.091195,39.52467,-25.721336,83.45449,34.493084
3.716422,-46.226902,-20.385683,-42.542274,33.03418,31.763912,24.892006,3.2780466,53.605385,-45.729435
44.76345,-11.398667,34.175835,-6.0884013,10.354208,-50.819218,-19.56124,-8.87042,14.445617,-73.90705
-12.290276,-11.232967,6.4383307,-17.08502,22.41258,-29.517284,63.980396,-55.712116,-36.399776,-26.753824
20.719255,-56.36318,-19.55794,-23.377243,24.992224,9.2362,27.425112,-28.878891,102.65295,29.729347
29.512764,-11.231614,-8.4779005,-24.622284,-17.571667,-41.34392,-39.79745,35.054367,-4.838513,-98.00273
21.654741,39.161694,15.848565,6.272897,34.146763,-44.159267,-37.47268,23.866594,-46.12848,-57.947056
-10.942906,-13.346471,-33.37659,-66.00594,-42.549435,16.422598,45.5777,-5.6705246,-43.52868,60.96666
-11.613746,-82.48491,0.6542337,-62.624367,10.439268,-31.924723,52.94111,-59.289116,59.171455,2.0150943
-40.876236,7.742465,-22.355547,-56.910713,19.54883,41.43385,52.98749,-12.3180275,37.026237,-77.52129
-31.190624,-62.502094,-44.941803,-29.821207,-29.404774,-13.330252,-9.20799,12.116512,-14.930028,18.47393
-12.199781,-43.185722,-47.245197,-63.458496,-13.738857,28.607136,3.9222355,-9.006587,-24.14852,18.300728
29.785645,-64.85117,6.2207785,-39.079166,24.776049,18.431047,37.47088,-8.235635,79.22885,37.31803
3.624651,-24.315681,-14.683153,-48.87188,-34.790356,1.4803679,50.640923,1.182853,-42.844006,20.193321
-32.364685,22.74401,23.787432,-13.322091,25.95548,-49.670876,69.013145,-30.058266,-27.358322,-19.455605
8.987009,-25.846514,-39.22016,-64.07991,-15.796209,-9.022556,-17.163754,30.161198,-84.552124,29.656715
20.944664,-11.335343,13.067127,23.854275,48.386154,-55.60891,4.8428006,-48.30372,16.752537,-39.463116
3.7720447,-10.0037565,-36.183277,-78.719635,-15.546878,4.973714,34.68044,-24.64299,-48.003834,8.463365
-39.81043,-66.545074,-18.870155,-31.068657,27.439764,-13.391536,49.008575,-17.51486,70.91869,26.112194
17.208406,14.76868,37.303654,-9.474588,40.39238,-30.252274,-4.224502,20.503647,-17.384478,-95.5256
-25.009672,-34.93328,-9.5402,-35.037098,36.654728,22.505749,45.064045,-33.821392,50.1895,-22.940212
-24.68186,-37.97488,18.645885,-4.357159,5.5281653,-34.041336,38.4964,-54.540295,-56.96883,-49.963005
-35.19072,-13.020369,-6.407189,15.803344,11.24236,-64.104546,51.72858,-3.4133391,-64.621056,2.5831103
-24.757677,-28.158684,-36.910503,-52.15191,-35.80299,42.825375,-1.0646847,-9.957685,-55.42894,72.75263
-23.468153,31.298449,-29.71308,-25.111462,-0.43218052,32.569153,52.84085,-16.395203,64.420815,-57.53097
24.65717,37.002033,-2.5581198,-27.673084,-19.932747,-34.58769,-50.51072,4.545952,-22.559519,-48.422867
-5.287519,-57.4179,-1.8850797,-10.381817,47.86892,8.456251,63.704792,-19.611277,75.64742,39.49684
-17.165424,43.343437,-56.05537,-43.898262,19.282057,47.570435,19.094765,10.3120985,39.537643,-58.624344
-37.209312,-39.474342,15.733924,-35.380222,1.8367985,-44.55721,18.780848,-1.5281936,-34.939636,25.543962
-0.84957486,17.689775,18.136795,15.339263,-7.1159663,-54.69321,-57.316086,20.356197,-0.36825123,-13.144465
-17.117542,19.314684,-54.080322,-39.32497,38.717922,50.017162,25.042198,27.09532,45.132668,-78.24188
17.646997,-57.56382,6.0870867,-40.97858,41.2318,35.647633,16.133549,-56.533646,85.20799,21.867657
-19.478617,-70.80125,5.103574,-13.031989,15.332117,-1.6603596,73.50148,-23.941793,44.909225,37.55586
-16.538214,-20.899906,-49.65478,-65.17682,-28.834162,13.3516035,-12.211793,15.134443,-8.633362,20.421183
12.627216,-8.34393,-32.187355,-50.42246,-33.915127,4.6095657,24.531626,-22.741169,-66.9923,48.056282
-58.40033,-7.8971143,-17.687914,-41.979847,-15.974021,40.55569,37.38131,0.06299417,50.871315,-39.58896
12.098361,-87.08357,15.725106,-38.780304,18.88627,-11.308534,29.3317,-47.43536,62.395584,-14.549126
-9.970095,21.913889,27.50955,5.2765903,-20.810226,-69.90566,-35.93645,-5.4314704,-8.490585,-62.868088
-3.0415857,23.710339,-14.299833,8.310457,-46.042904,54.359856,13.526976,-10.390671,37.53353,-36.83635
-34.16738,-29.331944,-10.308715,5.8276362,6.427928,-53.67776,49.64671,-17.596376,-25.10246,-14.530359
14.206241,32.106544,-3.1170945,33.033016,-14.26803,-41.11907,-13.508535,9.734948,-24.84352,-42.6343
-25.977135,-4.030464,-25.418789,-23.940365,17.381582,-27.049406,23.47133,-12.392893,-16.421112,59.243397
20.013287,5.0584493,-13.162363,2.5695577,-14.202878,-53.904392,-22.390587,6.074891,-38.038593,-41.9938
6.4200644,-23.882832,28.091131,-24.713728,27.475847,-89.8036,54.67186,-11.134033,-44.785053,-5.977522
12.786457,-73.166016,3.0539613,-30.499077,22.199572,10.41474,49.383568,-35.940205,69.45874,26.351631
23.793177,9.619256,28.068657,13.110306,46.47173,-53.269115,-17.069134,33.930332,-16.210104,-63.7051
-29.553398,-6.302116,3.1252146,9.518708,19.000969,49.542828,20.910711,-17.205353,59.45452,-37.452507
18.784971,-11.303079,-40.29486,-50.27895,-12.550579,-7.8633,11.982604,-22.42886,-54.843678,59.368305
-58.135147,-21.557995,66.98754,29.381744,93.87392,-54.444515,42.92827,-69.753204,2.427445,14.7611885
-29.501575,-38.6446,-13.993532,-2.2606738,-2.4152496,-75.48467,46.524776,-10.288084,-40.43265,-15.856511
-61.01597,6.787758,21.986351,33.123535,28.09352,-22.479803,61.122635,-13.509575,-74.003685,-5.127852
12.282333,-4.3538575,-60.385853,-60.04418,3.754562,29.424032,49.78443,-30.797428,-54.741215,34.532867
-8.28868,17.950026,-0.11427004,-17.10394,-40.15371,-40.77576,-42.571823,-2.365674,-1.8217921,-44.63393
-49.114193,14.918545,-64.026184,-18.86255,-6.845695,-2.91918,-33.355015,-14.894043,-56.2909,39.20688
4.4817324,-38.92413,-6.008986,-49.882854,35.033577,46.49146,13.671892,-45.841892,63.260918,18.65882
-11.528742,-4.4589157,-48.05587,-68.39377,-49.976322,-10.132942,25.817509,-26.688393,-14.019379,37.10698
-40.796047,20.40936,-38.014668,-46.57541,11.489648,27.589666,63.0598,1.4513471,40.535297,-56.59515
0.8659345,-63.87227,27.722258,-20.85474,44.28865,-3.1936748,51.60797,-31.239742,39.97986,-2.6409547
12.230127,14.033692,9.968795,-7.8798347,-4.3156457,-46.386147,-37.449425,3.9000049,-7.2236595,-72.36409
-13.309466,-32.930008,26.15567,15.312133,2.0545244,-52.470654,46.19319,-32.246075,-15.725262,1.7740015
63.774456,-0.5844262,7.0735826,-38.84787,-23.562597,-11.72739,-6.761148,35.811405,1.8341508,-63.747288
29.352737,-6.715256,17.181564,18.814373,45.794422,-40.69776,-24.256084,34.928967,-7.8053074,-64.348366
-44.75557,-11.6003475,22.529892,-35.956684,-25.654451,-3.240459,23.29744,-7.2920833,-13.816936,-34.283703
-4.4582114,-19.000349,-31.881773,-53.731136,6.286464,34.55825,38.98289,25.298683,38.9276,-46.913757
-11.289345,9.687343,-6.49018,-2.2350695,11.251954,-57.625374,45.2743,-31.406094,8.244805,-21.106623
19.314201,0.19743207,32.026096,11.1513815,29.546057,-20.25402,-51.86979,16.144453,-15.632438,-83.376625
-21.340899,-23.134598,-34.47056,-59.214527,-34.894474,-19.962423,1.7690377,23.27167,-70.213646,43.882294
-11.036926,-75.04731,-15.215325,-60.24476,19.27598,-11.697313,-0.53385127,-53.519424,86.18661,8.947031
24.22841,14.511603,-2.2978845,-23.64458,-20.515993,-19.249245,-53.71707,10.649478,-28.564615,-74.86526
-27.504599,-1.819647,-27.358877,-62.543262,-6.034734,48.241318,5.607384,3.412521,-51.031902,35.48239
-27.687983,25.793726,-4.0931716,-43.917633,3.329875,-31.772455,6.3491416,29.872072,-17.500275,-66.63468
-64.30602,-72.89139,-19.448116,-22.319311,41.016144,-4.960101,43.999916,-9.049615,38.50931,20.177586
-8.764258,1.6876336,-80.06714,-30.98131,21.523306,-35.737564,-5.069096,-8.007584,-36.705566,38.731323
-57.569847,-56.379036,6.0387497,13.336625,-34.91173,-30.387054,58.023674,-24.366152,-22.50114,-21.231419
-5.216876,-38.00047,-15.878153,-48.505997,37.555958,37.837116,6.9446683,-23.090965,61.78544,-29.47511
-11.729786,-41.293762,-42.07571,-26.978355,-7.441381,0.22799063,-15.19074,-51.747223,-57.001835,39.378616
-7.933078,-63.595745,6.2466917,-46.31509,54.26827,13.539116,44.92867,-38.341618,56.44899,33.58564
-8.427048,-38.47079,7.476323,2.7722754,3.353108,-72.60908,45.68226,-42.260124,-26.512733,-26.26305
-13.279801,-16.074535,-1.6323017,-37.831284,-15.159582,-28.580069,9.870763,-0.025613597,-14.687915,-24.882473
-27.876793,-3.6283514,9.827725,-53.905033,-8.732214,35.645077,40.289894,-11.560181,64.53688,-60.78728
-28.12948,-30.026573,7.541519,2.9247503,34.785145,-48.731197,45.877663,-51.015293,-5.0681643,-27.060276
-34.72108,27.383867,-17.879105,-26.607103,10.644576,16.783007,39.586685,4.4460225,52.816418,-51.601215
15.609325,13.271988,61.785797,-25.439585,6.694456,-17.237545,-33.107132,7.926751,1.3824964,-66.719345
8.7841625,-32.96816,-11.761893,-57.514687,-32.156055,-20.605314,7.470382,-30.894064,-51.64324,57.5558
-15.500992,-7.4205003,-3.5043228,9.3454895,8.237927,19.639019,15.268467,10.555111,40.820213,-67.96283
-19.45045,-69.81606,-8.769001,-32.696186,25.394247,-16.785786,54.361446,-19.741491,24.34277,3.3563514
-2.5737863,-16.675331,7.817807,-7.292675,-13.528922,-55.260857,4.8991346,-25.56977,7.8662043,-52.945827
-35.15614,-75.94726,6.308877,-30.050709,51.662086,-20.25133,59.88685,-7.051706,58.97654,1.0490552
-24.629171,3.4433115,-30.035799,-22.929783,19.153063,32.808136,9.369282,-22.118444,91.826,-20.483673
27.9724,24.278036,16.685339,3.5479102,-21.645586,-44.457676,-52.913292,-2.6121233,0.5335343,-33.630543
-58.366966,-39.438034,-60.0887,-51.540966,-22.707434,2.98499,-44.273273,10.364104,-70.38259,-15.956457
-28.829638,-77.02625,11.366321,-44.297443,41.100433,-3.2905505,48.081154,-60.385143,45.517403,1.5484113
33.90189,11.470374,-70.36539,-46.060905,-21.398415,33.246613,10.642621,4.0004296,-59.20967,16.08348
-28.980877,41.440937,-41.43024,-60.025177,-0.21316837,78.35268,35.417137,11.166991,21.874424,-49.189346
-8.310436,-41.22819,-42.61139,0.4549477,-31.137732,-71.87954,63.27162,-11.265696,6.60722,-28.1307
-43.74651,-33.129982,7.874937,22.381104,35.240746,-43.268326,49.26797,-35.73655,-35.764732,-30.96428
-24.03907,7.5985093,-26.193449,-17.728456,19.81108,24.583746,48.11852,-4.5658836,44.490128,-40.104755
1.1673954,-34.737617,-30.240639,-9.09084,7.4784803,23.307512,55.249912,27.011497,-0.5508194,-17.669119
-49.44542,12.777908,-43.42489,-27.456894,3.366735,59.70376,32.33205,-37.21051,33.597282,-40.552036
-8.635829,-38.860065,-30.385403,-24.942635,5.7609,-10.51313,30.828548,-15.731784,2.6456423,58.162712
-18.715578,-9.615285,0.64124405,-48.118275,8.832666,-48.391373,35.224533,4.314353,-57.53162,-76.95348
-12.424748,-43.22051,1.9218199,-14.328056,15.949782,-61.16803,63.98085,-30.340183,-26.560297,-31.534613
13.910604,-46.676575,-56.002686,-62.77226,3.4665298,-2.3316042,8.680444,-19.145086,-57.545536,12.131622
25.723322,-59.11634,-6.779631,-32.543762,11.81802,1.7353132,44.35048,-22.1391,86.11378,26.186481
44.89658,46.093464,8.049406,-20.52013,-10.207987,-49.542583,-47.568127,-49.329224,-3.2385073,-81.805786
-37.5263,-59.23105,-10.179584,-29.115826,57.0274,11.5710335,44.625004,-51.34862,60.460182,-1.39542
-38.481842,20.642836,-57.818413,-27.307068,-14.212642,27.151888,31.041222,-24.571262,72.13904,-50.176197
13.887262,0.3089737,-39.9176,-51.760963,-48.27899,76.908905,56.150673,10.451443,-63.277905,80.05341
34.755524,4.350978,-45.87845,-67.84088,-17.737629,-23.038473,-11.3345585,-27.226896,-59.63532,39.26049
-15.038701,34.921776,10.910023,-15.337395,43.860806,-37.98361,72.73339,-9.411116,-26.593998,-26.57903
11.449803,3.4125073,8.455485,-44.251144,-50.589687,-45.41109,3.9579287,-0.33995005,-11.502775,-35.74329
-40.881996,-16.776312,-20.602247,-57.57605,-16.169643,25.513212,25.777092,-21.297075,-32.899216,20.253494
-19.099674,-49.453426,-4.3448873,18.126427,54.016792,-50.845547,61.055847,-59.304626,-34.057312,-109.39886
-17.08454,-19.831318,-34.08548,-65.08574,-18.516516,13.705916,1.7839978,3.3549912,-73.037,24.318216
-36.551014,26.076414,-31.07124,-34.01761,5.1717486,62.138992,44.660946,12.946101,-10.952652,-58.775826
-22.849129,-35.264027,-41.830513,-30.345144,-36.57448,-13.530897,38.97703,52.48512,-48.267994,16.617943
-27.679453,42.300316,-64.628174,-43.725254,-26.049452,46.728306,44.971622,-26.084831,62.773235,-59.551926
-29.351233,5.502493,-28.349,36.48559,-4.091501,-25.00729,41.27598,-22.706846,-38.107376,3.6761985
9.113721,33.00633,44.088154,-50.599354,19.470865,-18.892412,-9.444321,31.659063,-23.731256,-76.58087
27.421883,17.406822,32.88878,-15.636831,31.988392,-29.496637,-16.975233,51.177303,-7.1903415,-61.25963
-7.8504725,40.057022,12.30102,-9.758064,5.1128693,8.384993,-7.3747663,-28.206772,22.461878,-55.71453
-26.151999,30.683607,-20.735132,-54.74581,15.644566,31.665504,53.097095,6.7150164,45.68378,-68.12873
4.1065016,-46.067455,-16.676348,-41.995506,24.449158,41.81736,22.26801,-10.279233,62.832203,-50.448704
33.207653,19.605803,-0.95076495,-25.975231,-1.3604313,-38.041588,-42.631638,-3.3899093,-17.240997,-65.901695
-3.531223,-47.95318,3.6604292,-32.22083,34.450085,1.4618559,75.27705,-36.46728,44.08308,21.255684
-53.547577,19.154972,-3.223819,-50.845974,18.938484,51.987904,31.333822,14.28449,52.999542,-52.844597
-12.967546,25.657722,11.544309,-19.336084,-46.83754,-25.404966,-13.92095,8.140092,-17.869158,-12.722093
-25.373003,49.752796,-39.791187,-57.45304,14.649685,48.49696,49.983707,18.758146,59.98443,-44.53135
-39.757347,5.495874,-13.605472,-1.6202172,-12.439075,50.30619,28.917534,5.6200285,72.86537,-42.862476
14.4134245,37.94751,11.015247,-3.9720538,17.168911,-57.79988,-30.555424,-4.9976907,-15.465698,-104.46372
5.549451,-22.64585,-64.52729,-17.587769,21.052952,-7.962189,0.48076063,-36.277313,-72.23912,33.10885
-29.97287,-55.509464,-24.431309,-13.547451,54.36539,5.9142942,71.41112,-25.449389,67.20168,20.964348
-16.084764,-38.388634,-39.915825,-30.694635,36.008587,12.462512,23.994522,-24.114923,34.266827,-4.816686
22.770252,20.130692,-11.421525,17.01447,-4.8217173,44.20885,2.4113188,-38.813084,27.046158,-52.90669
-34.02621,8.077203,-27.274246,-15.326521,-4.765521,29.591162,35.135838,25.13742,64.456825,-57.807224
-6.2514324,1.7942351,17.020304,-10.858183,-34.036686,-40.629368,7.9652376,-11.545004,-39.226173,-21.65074
-41.608974,0.6969261,-35.17529,4.5037303,-12.1012335,-2.0162125,61.685177,-6.135268,14.042832,-33.035152
-8.010843,-15.442031,-51.916977,-43.133366,-43.80349,-29.635395,8.69177,23.534285,-65.634926,72.23609
0.6840664,-3.5713935,-96.45075,-65.03129,-30.06117,40.693783,-20.198006,37.11719,-54.51382,-22.669338
-58.47607,38.43117,-33.77412,-39.7774,-4.558469,46.93399,54.184185,-3.846282,53.858265,-28.044327
-30.904596,2.6439984,-5.7125645,-51.085274,-26.245577,33.789974,52.579605,9.461984,48.11269,-54.654255
-45.8323,14.036179,-25.495356,-51.42008,1.5981265,46.533073,39.55562,34.19599,58.942177,-56.036304
6.695704,-26.932343,-84.83438,-58.606712,-4.598898,30.480497,4.219705,15.487786,-32.465363,-29.738398
-27.070957,-30.00463,12.301224,-10.497497,-0.62378764,-59.390568,68.70725,-34.194138,-16.104017,-6.9724393
16.039297,-4.049214,-50.990726,-73.69094,6.35588,-36.759747,19.739279,-19.396238,-37.362,23.21977
-49.60672,-73.73102,-0.78781056,-31.620588,30.13785,4.6340837,27.542925,-33.117043,20.52872,14.919962
-39.390816,-22.58744,-14.574865,15.700572,4.2336373,-39.679905,39.754814,-29.522978,-11.993423,-15.097452
-9.627395,3.711696,17.779781,-54.02444,0.5260085,10.024107,12.551782,-10.008256,21.214235,-19.601479
-13.020828,5.1705437,-34.40819,-27.394753,13.1465435,33.292294,13.927864,9.5233965,63.805553,-53.064205
-13.307746,-62.35305,-9.741672,-67.71071,0.34124196,-48.782864,4.941261,16.508623,21.422491,-7.121237
1.2972267,12.179954,-9.708,29.239208,-11.021335,-28.072409,-50.769924,26.913872,3.5573297,-38.140583
28.418097,38.346256,5.1700354,-21.268852,-20.047617,-32.72405,-45.97464,-8.883719,-14.745906,-60.17939
10.495541,12.468901,42.702972,-10.567601,-36.694263,-47.59943,-28.49789,-19.211798,-1.8917427,-54.401615
61.05846,22.624952,-2.2705033,-29.081203,1.8719057,-35.339867,-49.45366,-18.468157,-20.268906,-61.76913
-1.2656155,4.6201787,-24.281342,-83.11734,-27.24272,32.666985,2.2975764,-29.325897,-11.413897,47.008163
-8.501912,-20.554104,-29.693876,-27.440489,38.076527,-0.7295357,46.868343,-26.350088,83.04116,-8.384892
-46.83735,-65.03247,3.9917943,-11.309333,17.92606,-87.17783,23.747427,8.906217,-16.614079,-22.715536
-4.090783,-47.5351,-35.979374,-33.936073,-43.69363,23.745956,21.465836,-24.243359,-13.74689,18.076866
-52.47468,-30.816416,-54.58189,-39.226826,6.5253677,-18.943228,-9.761738,-10.926512,-13.884486,32.665627
8.967481,-12.964349,-24.368006,-79.68684,-0.42452544,-15.582466,-7.151861,-14.526249,-77.81789,8.006344
-26.251863,-56.680347,6.40839,-7.535451,-8.928974,-36.85678,68.07083,-44.49845,-27.874044,-59.499527
-29.273338,-35.81346,13.247941,-43.38491,-20.621527,-43.75954,16.093962,4.907888,-39.02606,36.56038
-22.18034,-29.55242,-3.8975546,9.425642,49.737713,-58.931286,71.74726,-76.30317,-29.87439,-26.449368
-39.643967,24.582823,-65.750305,-41.533745,16.537529,57.68397,35.87198,7.5908384,24.017147,-43.962162
-26.02046,22.10075,-43.23607,-54.98916,1.4063655,12.160661,12.509337,-20.523685,-21.047045,1.0044559
-32.52228,-47.851727,-3.7490401,0.48293495,-6.733359,-56.015114,57.233604,-34.187275,-19.602125,-42.096176
-30.26954,-4.6638484,-68.44273,-7.740473,6.017389,-20.165462,-82.313965,-11.114869,-2.3594596,-35.713474
-17.719025,-57.370605,-10.748652,-35.567524,53.421852,-10.79144,57.943798,-26.708626,60.45672,13.791172
-42.251984,-74.875534,-4.3616385,-51.491043,61.910965,-13.645516,73.82252,-15.176506,39.91334,18.77611
-37.536194,35.008366,-73.892746,-31.667349,-6.652735,37.80307,23.417276,15.553203,-2.8373146,15.625319
-41.54845,-68.547035,32.75005,-12.261842,3.8059707,-77.15017,44.824066,-19.574862,-55.453045,-16.788277
0.8215161,-15.350594,18.70425,17.997196,-20.863104,-23.241486,-45.806553,-10.952378,-45.61079,-50.209846
-9.069194,-44.843315,-11.122262,-47.29729,-34.68846,-32.040462,4.8420353,-12.258867,-9.687263,29.552977
25.169638,18.891407,10.89712,1.5047631,34.69424,-46.900753,-52.978203,7.2173424,-26.916895,-69.857574
-0.57471764,-10.976236,-1.6596388,20.740536,34.74916,-57.01763,4.1911783,-57.82477,-27.722786,-23.765875
-12.988937,-78.22792,9.827855,-25.207838,54.33609,-3.2755654,35.216217,6.0315714,72.56144,0.78101075
-0.11197218,-72.59481,-9.789625,-14.609945,70.38114,-0.2114783,28.815472,1.6996508,94.20655,29.351353
-23.084723,-60.912827,22.174124,-9.282437,57.96658,43.527473,31.00289,-42.532593,60.876213,-12.155294
45.498276,0.683066,-66.22478,-59.871105,-46.83862,13.865735,68.706764,1.4369366,-60.547573,31.951729
-15.025371,-25.521452,-7.216442,-37.434364,14.063649,38.918877,28.486794,-22.687908,35.749287,-82.25748
1.8928422,13.907015,-7.812756,-12.342696,18.162064,-53.143795,-1.2368721,45.9223,11.412138,-25.827887
-19.943686,-21.334846,19.941238,5.712243,7.124193,-48.500774,48.20735,-48.378117,-16.081709,-16.280746
-16.770374,-33.620903,-28.602955,-44.139336,-1.1845839,46.23636,7.5147996,13.282095,-61.16633,15.00008
-19.116201,-19.046116,-27.241007,-78.039764,-13.776454,-18.823124,-7.750167,-29.55621,-42.657925,24.49314
-14.9290695,-19.516056,-29.466898,36.259064,-0.70601434,-44.737537,61.25007,-28.400415,-20.212994,-31.395947
-41.12167,-20.650291,-5.784409,2.4454286,-6.9723997,-29.146917,59.310913,-37.4767,-8.578744,-9.996395
6.3056417,31.234556,9.277504,16.73167,-14.660627,-45.80083,-40.485954,14.827098,8.550843,-19.282293
31.885786,16.027302,46.090157,-44.130497,17.696758,-34.239014,-10.676965,30.639326,-17.445618,-82.04218
-56.835,-36.777813,33.78971,-2.6914253,19.758415,-71.34982,64.57777,-23.55974,-27.660358,13.682753
4.3499136,20.915346,-3.033421,-24.909883,-39.422024,-70.44963,-4.458913,-2.0470777,-21.578888,-36.84396
-28.309423,7.5808287,-41.850616,-5.4104457,-28.494284,50.534264,48.4336,-1.3008462,56.594738,-16.44771
