-30.307514,-29.261515,-9.750664,-15.007353,0.81665754,3.6472442,46.905952,14.521715,-9.262159,-39.68917
-17.309889,9.776008,-58.608185,-12.379375,-9.7387,52.806225,8.377216,33.070755,-4.092671,23.925146
-32.212288,18.571806,-41.755157,-18.64467,-13.143268,48.704075,41.672653,-10.048432,77.43417,-40.3306
-22.909733,-55.73665,7.1554523,-8.434872,-12.411271,-56.634468,51.64349,-40.263283,-30.713861,-17.393524
-34.959576,-23.23188,-27.909845,-1.35988,6.4146614,44.13908,30.614851,22.056017,4.494853,-49.200382
-11.808618,51.776585,1.1276004,-34.14525,8.198461,5.0187635,14.008183,11.49171,-9.113714,-58.29402
-59.258507,28.603516,-27.206745,-43.155186,6.801646,60.851048,31.61636,-9.232735,29.083971,-10.772943
12.153142,-9.663151,-64.70209,-30.02607,6.437564,-16.053448,12.389827,-3.292335,-40.067783,74.14757
22.490685,9.658881,29.948736,13.654664,25.640871,-13.189815,-23.513437,-7.8472147,-2.6093907,-90.07575
-40.934402,33.3471,-26.90825,-65.978546,-14.800162,42.607063,47.038387,4.5240693,46.37344,-47.595364
-0.6920082,17.761879,28.936909,18.57098,-8.626347,-46.288033,-46.52782,21.859425,4.212424,-25.821394
30.341316,-7.899444,-10.392373,-18.16348,-24.035217,-49.70197,-41.731354,16.145985,-10.2574005,-120.480095
-13.715782,-57.40988,-6.1714616,-18.900274,49.80363,3.4286149,40.434666,-49.397827,64.28908,6.734998
-33.85578,24.42203,-72.01093,-51.331837,9.408476,-4.004648,10.17863,3.9906583,5.567129,-30.903341
-31.9972,-53.184723,14.454022,-10.701101,20.56928,-104.45305,22.891142,10.4028425,-6.952289,5.174704
-53.96255,32.83647,-36.255527,-42.865135,-3.0703714,64.7832,20.983047,8.705267,49.03935,-36.01762
-42.72947,-45.33398,14.894182,12.783408,18.294268,-21.037287,58.359406,-52.90488,-47.576645,-16.320751
13.87437,-1.2622496,11.88939,19.542397,-0.05733692,-16.368467,-59.20108,33.67141,-3.9412925,-33.598835
-25.953463,-8.518433,-28.506763,-22.201866,8.0148325,10.144486,47.755196,9.846066,-21.340458,-71.05116
-38.898983,-10.631726,-28.751019,-8.483034,16.349386,57.233944,26.68503,29.650093,45.53613,-49.433258
-43.457172,-15.307316,-19.90107,-93.79827,-30.85083,30.474115,11.135557,5.8009076,-43.70577,50.40268
7.1597877,-89.96851,2.9262695,-27.437515,1.4962127,-21.67474,11.155673,-73.50093,72.70958,-23.091883
6.2922764,34.535408,10.525806,8.814006,1.4031701,44.89918,-5.1342826,-20.934265,47.86083,-43.96787
-0.29348654,10.589812,5.245672,-21.395332,-21.230204,-43.857544,-38.588394,-5.843718,-13.661041,-114.55644
20.18808,4.5360684,-38.05777,-43.429966,4.5289583,-50.5174,18.708447,-6.4054713,-57.283527,69.794395
-30.083664,14.327428,-41.814457,-30.250868,2.7054694,55.60418,24.297556,27.316122,29.43279,-17.071917
0.041775286,-31.247705,9.993781,-13.247209,46.404144,-56.70296,55.029617,-47.79009,-33.245358,-23.742771
-33.792522,-71.82284,2.7253728,-0.6510582,53.921467,-10.211248,77.020744,-37.446568,97.377045,29.041843
-25.930271,-35.041943,17.892643,6.535059,57.002224,-49.737984,37.60117,-49.421013,-26.662342,-31.504803
-23.360258,41.82852,-51.479454,-49.622044,-4.712362,30.544806,31.84553,10.677764,27.411734,5.1851234
-27.716547,-9.505914,-5.560562,-13.321903,42.31662,34.731728,57.084793,7.7607064,28.306343,-34.969543
-33.069115,3.8786108,-46.87115,-25.628498,3.6154325,54.903877,34.128216,-11.388303,29.132288,-49.303032
-24.63111,-80.962776,2.1750154,-55.972725,44.29817,-9.580572,49.715492,-79.29721,70.22777,-1.5768871
-32.68242,-1.6770968,-40.265575,-10.770741,22.556843,23.005621,38.355106,-21.495672,44.6884,-34.085827
25.670773,15.579345,42.943596,-7.984341,35.392376,-34.489098,-19.707949,43.566364,-10.125932,-81.91536
-8.437564,-26.341238,-23.66199,41.25889,11.260277,-46.059353,64.505714,-29.287313,-20.579283,-54.83091
-16.704605,-64.03755,11.186821,-39.84843,29.50389,-31.598677,17.731245,-6.2261047,28.30033,-18.77619
29.748041,27.327087,-4.0084367,29.614656,0.6834798,-35.47016,-3.597863,-31.751041,-17.805506,-74.550735
-17.155275,-16.236048,-21.007652,-57.45463,26.353498,18.477474,17.484613,-27.434477,75.432785,12.687735
2.359103,-25.850616,-44.92269,-77.48682,-2.6546867,-23.190298,15.398206,-17.427885,-42.12296,1.9056377
-17.55874,-23.492176,-26.400873,-21.501514,21.914215,13.400896,58.75608,-9.10869,47.217182,-22.690859
-19.247808,-4.914013,-39.441036,-46.80351,-9.278777,41.486202,-5.068601,-20.213785,-79.24487,62.21784
-13.715408,9.06335,-51.673527,-35.591946,16.103216,29.201414,3.3023105,-1.1504997,-46.622395,26.740871
-49.59412,-17.101974,-19.821249,-19.130505,15.790314,16.673294,44.465626,1.3794293,-10.00993,-54.655163
-60.60709,-1.5642167,-19.684664,-38.012592,-8.474264,46.90867,22.865412,10.733724,50.929913,-54.263107
-17.614086,43.227894,-25.365149,-34.041607,-15.799354,-6.4595885,10.188784,28.47909,-4.8767443,-55.000347
27.241758,-13.315509,-35.676273,-80.284065,-27.591955,-29.347948,-10.049204,-2.613506,-44.770947,40.94146
-44.132687,62.049423,-38.34071,-33.482445,-17.71333,72.515915,34.967922,-26.153036,56.64146,-25.988714
1.5281713,-84.10309,-4.8254523,-56.74199,38.146366,-27.360891,16.519196,-106.48741,61.27049,-15.969712
14.412817,32.49035,22.092724,-4.2556963,21.926962,-57.772095,-53.30079,7.2855287,-43.704346,-97.49036
25.480007,36.72172,19.801716,1.7184832,7.1239223,-52.037327,-48.70573,-14.886707,-24.062716,-109.13656
-22.493715,-41.964314,26.849054,-6.9213266,15.047817,-85.55434,48.56929,-28.849909,-48.631092,-15.971459
-7.9353724,-12.689326,16.810925,6.1492214,-2.060093,-54.84334,49.16343,-46.640163,-42.887344,-4.1309853
1.7629924,35.927956,54.41709,-10.865205,6.102191,-59.895626,-45.849316,-41.535954,-7.4319324,-86.67046
13.323879,16.307194,0.72869104,17.689762,-10.74989,-28.28538,-33.114983,25.131176,-10.97807,-40.425392
-4.072759,-64.9536,-7.5286527,-26.74072,30.412832,11.337382,67.98932,-37.739914,56.217396,42.606483
-53.33078,-54.413956,28.348515,-0.20464306,-9.43506,-68.55891,39.017117,4.8776813,-47.956333,-14.373086
33.993286,31.145395,12.732931,36.290417,28.020716,-20.31238,-49.17716,18.178219,-24.803232,-69.44126
-27.99618,24.216982,-39.28095,-48.98591,25.402388,50.512207,25.370333,54.060364,54.13189,-72.65865
-3.035752,-67.48819,11.253275,-40.40593,42.46437,1.2668276,43.902893,-29.498497,64.91446,16.504923
-11.263114,-15.208174,18.210672,10.584386,59.569687,-43.253834,48.9932,-54.179543,5.4414515,-29.233269
-30.275969,-20.34221,8.60345,6.370329,-0.47122905,-59.62745,80.57617,-5.7171617,-27.288849,-31.529053
-52.51008,-47.739056,-1.5289326,12.31178,-38.328297,-24.016935,54.511112,-32.61814,-17.056911,-31.123838
-47.07365,-21.517794,-26.519846,-14.790639,50.16162,24.245495,40.22999,17.708523,66.56632,12.125212
32.757378,11.704167,-1.3378627,39.777527,2.0378892,-36.22605,-32.817543,-6.6389966,-9.77774,-77.9116
-11.667923,-35.6147,-33.99771,-77.178635,-0.19478244,-20.374113,9.778814,-18.515636,-43.830597,1.3239295
21.760357,32.07609,14.985179,-0.059371952,2.9648285,-34.63147,-44.152287,11.236703,-0.23142323,-36.02704
18.552647,-6.0168176,14.383913,-18.674622,-0.79088074,-44.435543,-20.917194,32.288338,-10.517095,-106.25295
-20.569433,-69.28286,22.384985,-29.694204,50.33279,-14.712998,51.060116,-25.276758,59.701405,12.716452
1.184801,-71.20487,-25.386856,-3.1320996,-14.809547,-60.569016,16.038858,8.538441,-27.481619,-51.107933
-36.06842,19.324955,-31.800953,-34.558445,6.281868,20.607424,48.75056,14.888773,64.166985,-72.12276
6.070585,37.732597,28.756752,-2.8633976,-12.407125,-39.238785,-16.267673,-1.100788,-25.522963,-58.864162
-25.746284,15.505846,11.0890045,3.5102108,-9.597571,40.42943,-18.74837,-0.55781764,48.360897,-52.920025
-18.909782,12.207432,-39.62722,-30.394987,-42.98822,35.72486,46.33522,3.3110228,44.476727,-46.256317
-33.19251,-73.093925,-31.987389,-14.796307,28.894358,11.655257,63.25273,-19.98337,67.026886,27.049677
-53.48438,4.83741,-32.70249,-36.108192,1.2045767,48.39341,9.459533,21.513674,70.64201,-61.00483
-17.99991,-36.747913,29.36898,-17.02243,15.753907,-67.38888,60.889088,-19.168108,-54.581715,3.1471963
27.355356,-4.7509446,25.806269,-9.476906,47.829674,-7.716471,13.752599,2.8804736,62.45914,5.0788884
15.97267,1.5182208,-46.291233,-53.22471,-36.137756,2.4233024,7.3089533,12.029193,-70.4766,55.317867
25.783157,36.841503,22.962154,4.781124,61.956512,-59.440403,-15.203859,40.641033,-43.971355,-72.57426
-1.5694798,-39.72429,-29.213047,-31.630339,14.995649,13.896729,49.93661,-42.254055,65.51706,-16.800114
-25.838247,-46.332996,-2.6796613,-35.8605,-3.5674834,-44.05007,29.527874,-41.50086,-14.741564,-2.5657287
-41.3143,-1.5588863,21.650494,-27.133812,56.26412,-65.69829,87.04066,-53.386456,-34.23588,1.2297196
-25.460997,-42.942627,-68.657135,-43.468353,-32.789284,-20.750595,14.01266,59.13926,-40.77599,38.671158
-25.314566,29.386415,0.31609827,-34.847683,12.356624,-4.836056,26.743774,24.047583,21.983053,-57.4125
-0.45463204,32.722286,8.167872,-9.934904,-31.312922,-6.1946354,-8.311577,-32.00792,3.3380005,-68.14643
6.6055403,-70.51277,-29.66617,-3.9898467,-11.070461,9.537662,26.19687,-44.27525,-25.264738,27.831743
19.54415,0.25444028,59.598614,-3.9943779,-3.0454628,-56.001163,-6.0145373,28.116274,4.135621,-78.54539
-23.041677,-21.911142,-32.2882,-38.31717,30.58022,13.945499,18.39991,-22.412073,64.38906,-5.585994
-23.734497,-64.78198,19.622108,-28.27273,42.2526,4.7642965,64.277016,-34.42218,53.6805,-3.4840117
-23.915466,-42.929256,-38.70893,-8.366824,6.8304653,-34.0426,64.960464,25.977211,41.203377,19.51203
-37.925144,4.395657,-43.114643,-9.165301,-0.48930416,39.498272,14.578095,-19.749308,42.377888,-43.46173
-75.70246,-17.272371,37.257893,1.6481473,55.6195,-58.345387,32.226612,-50.863453,-17.488867,9.686581
-13.0778885,16.678116,-34.523186,9.96822,-16.524822,66.997635,18.360397,-33.79405,72.878296,-24.27484
-19.228802,2.482222,-42.73271,2.8162258,-3.128148,71.85564,38.04601,-28.645046,51.674706,-44.916122
5.360185,-27.7057,-67.04839,-74.04174,-9.433953,18.798893,34.3332,-1.6961489,-62.801674,16.464735
60.627884,6.0889673,11.681027,-42.487034,-9.855671,-3.9268541,-46.649246,14.070617,-38.830147,-57.783627
-32.02345,12.248667,0.3654523,-46.136322,-46.773785,37.603992,43.143772,7.3644295,50.034428,-52.1481
32.29203,-26.454363,-48.492847,-12.691757,20.791292,-15.262489,35.603912,-50.569366,52.722286,25.590273
-60.456535,42.324802,-27.824797,-47.830986,4.984764,71.33329,31.719418,-15.762856,36.26061,-14.80025
-29.964582,24.376196,-50.716297,-26.628448,2.7698536,41.428867,27.120718,-21.609953,31.620588,-48.12038
-10.606091,-39.346504,-47.465523,-47.98069,-19.323042,39.817776,1.254511,-32.785797,-38.60295,57.386364
-45.956978,11.514943,-16.599913,-59.42381,-4.4401193,24.552376,46.966343,12.597522,26.581266,-47.096977
12.512172,25.981644,35.363125,1.3231618,-1.0192015,-74.63405,-36.89209,-27.44154,4.2990155,-61.411205
22.34353,11.335892,32.867073,-5.3635406,-26.418436,-53.94336,-32.052338,-13.052265,6.57021,-59.631134
19.258425,-16.330462,53.708687,6.7257767,11.434674,-55.021156,-13.792013,25.638998,12.341732,-73.50701
-12.394438,-25.928118,-44.334766,-66.87294,-40.153824,16.10379,13.747658,4.3245845,-61.169823,23.807178
21.79314,36.335968,7.824536,-3.5204298,31.791422,-53.308064,-41.06821,15.747481,-42.443275,-79.13877
-43.16242,28.918604,-53.979797,-44.7096,20.07201,43.36632,8.627946,4.6844277,45.744194,-48.503403
-61.31997,29.838612,-29.357359,-34.005386,10.276966,50.790096,18.453371,-38.414463,38.682796,-34.242
-10.7258835,-56.62072,27.294947,-32.942524,54.011406,5.418521,56.278385,-46.69378,46.141644,12.537174
-55.49188,3.7897432,-29.003742,-36.510437,21.170897,72.43466,14.091981,31.625505,52.064045,-44.407013
20.805845,-52.575542,-10.848608,-65.87933,28.801867,-5.1618104,6.6031275,-48.354336,73.252335,9.59709
-13.443091,-23.69051,-40.209137,-42.303307,2.2463708,-10.716276,3.674687,-31.314093,-68.3605,23.746803
19.267733,20.381792,-0.34008393,-14.34929,-8.934465,-49.708904,-46.88353,-19.365791,-20.939837,-117.85621
-64.60056,-16.547125,-47.87541,-58.32751,-24.163101,13.253609,-40.643356,-9.985547,-46.144436,-25.435001
-35.741325,-43.405144,-25.639238,-72.299995,-3.7526643,13.298472,48.54554,-45.568707,6.6279564,10.928677
-42.005894,36.22893,-66.54998,-23.642225,-3.1644623,39.93624,10.817,27.49539,68.38701,-27.23052
-20.670496,2.1713266,-44.904167,-49.12419,15.583982,6.24553,14.201114,19.500221,-19.06389,-4.4298754
33.446373,-46.246384,13.44224,-15.995101,28.774733,3.8166387,23.972557,-6.505327,57.602978,8.255413
-33.650723,-25.271458,2.1151385,-2.2298503,-5.2021894,-59.216564,51.44683,-10.65229,-33.2259,-14.048089
-16.548775,1.755641,-22.446875,0.895288,14.427728,9.770347,56.754177,-6.197714,-5.580611,-69.43082
15.242669,12.547237,26.876194,-35.876263,18.287424,-35.07018,-12.19078,49.59347,0.05033046,-62.391968
-56.179462,22.947977,-20.524857,-43.634094,-6.57878,54.799366,14.730784,15.323852,62.660896,-31.637657
-17.60716,-54.88339,-5.59948,-9.242626,3.8432028,-95.25827,55.406357,4.557165,-23.192432,-28.505226
15.678468,14.990954,-4.401999,-12.684004,31.202135,-72.27272,-44.445683,61.479282,-26.184769,-100.610985
4.631656,-22.10247,-77.79597,-40.976944,13.899058,-9.271588,-3.7401137,-32.885384,-52.51553,26.168592
4.422909,14.889228,-29.24706,45.433323,18.107704,-49.936146,81.96509,-33.22086,-41.719368,-3.4937942
-6.490472,-16.642899,-36.011105,-34.071457,22.673285,-0.12933317,42.10723,-35.52766,20.379011,52.5598
10.804562,43.727318,46.612526,-15.152049,-16.70686,-47.22532,-22.261112,-43.5438,5.1116796,-48.520443
10.0016775,-37.872826,-27.72529,-11.249947,17.876785,4.6834745,41.945633,-8.7377,119.26825,43.655884
1.6440217,-28.174492,-58.77738,-72.53697,-9.805045,7.6404066,37.830185,-1.326878,-38.96826,26.75596
2.878157,30.835978,17.858835,-8.4999,-12.07017,-43.283653,-44.34253,-12.762925,-28.379349,-64.806656
-47.2774,-14.154856,-21.108673,-20.783127,27.335274,63.546146,26.429188,35.28868,27.437569,-71.37843
-16.69057,-66.76147,-13.970377,-45.004826,48.91469,10.649905,41.714024,-7.3706017,58.347637,37.18494
-15.073468,-59.562374,-20.952057,-27.115713,49.511906,12.511248,67.79037,-9.607603,56.28429,32.79694
-32.5668,-24.73583,-77.03855,-31.047985,7.814784,-5.8904066,-6.8361726,-21.07176,-17.189169,4.048636
-50.72437,-62.225273,6.3273635,-41.351154,78.63931,-13.006819,43.51455,-17.803923,46.61368,-0.7351489
-38.53622,-87.18448,5.502335,-32.45062,29.577917,5.5338097,58.74454,-5.0016747,70.989,16.919909
-15.673829,3.5857575,-38.39556,-40.73376,30.078623,46.76648,44.323174,-12.595961,21.608305,-62.978615
41.05005,26.616776,-72.6784,-75.611305,-13.642799,22.498703,28.335775,1.2317668,-67.49796,38.89073
-5.425072,15.943635,-5.034503,1.0518982,-4.103421,60.61398,14.6632805,-6.2565727,50.17478,-33.33384
-23.69751,-21.485163,23.009867,12.683571,12.70158,-40.43,66.86646,-18.97113,-7.5367756,-26.572216
32.36622,8.283837,1.0029569,-29.972162,6.090499,-47.340023,-44.743237,8.647113,1.410525,-58.91321
15.978092,8.920978,-12.959906,-21.1878,-39.563755,-26.451609,-26.345322,-7.237622,-28.127115,-104.05993
-38.75505,11.857782,-17.328371,-3.404536,1.8381431,66.78444,34.882587,-6.163288,30.546942,-45.488678
-11.798737,-6.996578,4.0878396,-15.16066,34.474777,-97.35005,35.941612,-1.7428212,-46.70094,-6.764609
-43.016407,-41.195934,13.030565,21.793116,17.189384,-64.657166,57.55731,-54.737473,-65.218636,-28.310867
-51.032238,-9.650915,-16.753149,-26.49684,-24.406517,-4.4103775,15.991826,-21.215115,-43.784447,8.901398
-46.96407,2.7448173,-58.26865,-36.340336,-35.704895,69.96675,8.561502,31.485273,-21.787008,46.59622
-8.836921,-43.432384,-47.49222,-20.331913,-0.09686844,7.5162144,3.8122158,-24.834904,32.914444,33.731625
2.012721,-74.51605,13.041526,-48.674248,23.14012,15.440125,38.639908,-12.896272,58.362827,46.41263
-6.1777906,-25.487038,12.951556,9.499846,24.213665,-39.594418,3.044915,-8.903942,-3.3747356,-41.91459
34.54802,-52.058346,-17.414927,-6.727119,51.53038,23.247126,44.872807,-35.809566,83.11653,27.106129
-33.031334,-60.819206,-25.995123,-12.007703,39.11801,14.580807,63.817673,-38.3846,72.84555,30.041279
58.429703,27.126877,-14.062869,-27.792356,-18.659216,-26.751608,-46.33056,4.2081122,-24.242481,-41.09124
-58.043774,5.225072,-31.777542,-14.106259,1.958661,45.499573,14.281887,-24.46958,49.455425,-41.508846
-28.68521,-68.17166,-3.1851146,-44.018353,34.625294,-31.508568,38.673477,-22.263935,20.117825,-10.71487
-52.7682,-55.34181,21.371609,16.676298,17.02754,-62.598526,50.078648,-26.784834,-49.440998,-16.53932
-16.664087,-55.640663,-27.877794,-46.644638,-34.662636,-7.884088,-18.740784,-48.44633,-46.051838,25.777332
5.4729257,4.6502013,8.165297,12.19164,9.957031,-55.527245,-11.534306,-9.129566,-8.636318,-33.630665
15.202238,-28.811779,-39.606647,36.547935,3.5309818,-44.874886,75.85788,-43.00086,-15.119011,-56.191334
-25.647606,10.474083,-32.9316,-26.38189,-5.5242767,60.648605,46.130577,6.028258,63.990368,-59.110844
-19.39295,0.9536394,-0.9640524,3.5913212,-37.44214,23.878819,41.3594,-13.979177,23.832125,-21.633217
-28.988012,-21.200085,-65.776855,-38.410114,-0.0166365,2.913627,-8.90516,-13.820753,-33.463715,34.594875
-35.90137,40.36808,-42.350403,-47.701443,0.49512124,59.224983,16.95127,46.141598,63.499126,-46.936558
49.91887,17.102043,7.3230968,-8.933297,1.2813828,-39.067566,-45.072937,-2.831783,6.784225,-43.86018
-30.670835,9.698934,-44.378017,-39.436024,-8.145772,16.5861,22.79008,-7.387129,35.255966,-19.731203
20.868753,-11.86505,51.713043,-17.7048,4.580412,-30.388247,-16.49409,42.0854,-1.7271997,-53.458225
2.5717092,11.292342,-52.74085,-92.57892,-13.606949,54.43387,39.75027,8.736346,-67.436646,60.44638
-40.369007,-9.580753,-24.13481,-37.9881,29.263474,23.376429,36.963203,-2.5586474,45.132835,-28.500015
33.878014,28.372293,6.0958986,-8.872287,-2.0073936,-45.618465,-43.792503,-28.717129,-13.88521,-67.630356
-41.551193,-0.4537603,-30.96222,-21.472572,5.832492,61.5672,42.979866,-10.989693,52.241093,-52.41325
19.865328,-1.7228272,-22.543688,-71.83009,-38.75104,-28.845123,21.311636,-10.541003,-39.411312,39.992363
-0.7536443,-4.610487,9.674645,22.140093,-11.979836,-65.952736,-29.22898,67.116486,23.059694,-58.75832
3.539136,4.10723,-41.03174,-91.607635,-8.4929285,-15.279948,-23.330906,-10.75478,-63.54693,2.5793502
-40.122097,-12.699024,37.794422,29.27395,32.055313,-41.10153,58.307846,-55.791313,18.385353,-15.291507
-40.430374,7.4531627,-61.497322,-56.387527,-11.834815,41.71539,34.43889,-23.60696,9.974785,10.782217
-0.60999024,14.599655,0.21843117,10.196942,-24.362944,-51.655304,-1.2137461,-25.61488,-47.167656,-23.37333
-36.56339,29.637693,-35.49854,-38.047382,-1.1806805,61.593563,27.451708,30.645447,31.004494,-8.139142
-36.25394,-32.602665,19.112885,-19.244724,41.869698,-53.04746,45.008255,-29.125841,-22.199371,-17.730947
-37.574646,-20.820042,22.17705,28.337782,14.487195,-39.502995,67.08089,-26.516155,7.14471,-17.943607
-28.377243,-7.3124924,-64.27701,-27.723331,0.18648744,-3.3029277,-2.3397117,-15.441977,6.8659835,51.425327
16.365988,23.507933,41.581593,0.52302074,-11.4629755,-56.272984,-53.532856,-17.645273,11.303436,-40.449726
21.562937,-66.43133,-15.691804,-14.4671,44.42071,32.263622,32.853127,-12.107824,84.12158,28.226732
-48.120834,-9.970383,-13.625533,-86.47478,-30.65278,17.488916,-8.553268,-15.796934,-51.26937,20.572851
-21.611492,46.21259,-36.95687,-34.201427,-17.63917,31.477623,38.937603,-21.684685,67.352776,-44.37764
-18.817686,-58.404774,-29.929075,-12.103706,43.715244,-0.26402882,62.111214,-13.072124,59.685684,12.0833
-11.576317,20.973158,11.144001,-19.979233,-65.3927,-59.8312,5.4390993,-1.684754,-28.491608,-103.47699
-18.92908,-23.400654,18.739624,19.684193,-0.19293913,-25.473703,42.38867,-13.300496,-71.55623,49.74466
-7.004533,-40.852116,-9.687774,-45.186493,18.533998,33.27642,31.909325,-16.472752,33.28077,-59.14353
-14.3672905,-24.071806,-33.84449,-49.052647,-15.073897,42.36016,8.550256,18.761503,-62.201397,24.131395
-2.3068993,6.943568,-4.436656,13.358965,-72.2879,-64.12758,-38.757225,40.144432,12.9527025,-63.543964
-33.198654,27.527643,1.6430318,-31.655254,-28.523987,2.69081,23.465864,34.694496,29.560236,-67.81177
-70.12885,-40.466114,-65.77251,-54.264214,-17.704159,7.3414164,-45.280453,29.44496,-37.823936,6.510379
-41.433716,17.190771,23.262747,24.553677,54.36526,-41.555912,83.336296,-42.430363,-0.50218225,-41.88386
-79.124435,18.277727,-23.552164,-17.804522,11.190137,68.581406,40.7743,-19.52293,61.367847,-14.698822
-16.137608,-14.139994,-21.833916,-82.5749,-24.499287,-37.737617,28.51304,18.440617,-18.548782,19.277346
-50.141117,7.2144427,4.7824693,-5.7493825,-1.328115,31.624859,30.235943,20.81543,35.471176,-57.95454
-2.7334132,25.737955,-71.59169,-28.906,-17.74636,21.004822,5.718136,12.541173,16.541262,15.546539
-11.856237,-15.664143,-10.151045,36.471462,24.59988,-30.847225,26.43547,-24.714277,-22.399975,-39.192844
3.0538864,28.548203,-71.56504,-59.542953,-8.422596,34.218716,21.513645,-8.07689,-58.05366,39.261948
-22.580883,-53.338486,26.946062,-38.660557,63.790848,1.0298884,26.748358,-34.09846,58.14607,6.058519
-52.13523,6.050828,-36.570553,-29.888735,0.45070434,43.00902,36.128487,-2.51922,71.237854,-54.260834
11.045906,21.830332,22.50842,-6.2681336,0.35307986,-70.63263,-34.757793,-25.750866,3.4404986,-71.93861
-35.402515,24.816618,-55.95394,-16.963642,-28.237886,54.80824,20.612541,31.561897,25.086092,15.317226
28.985163,27.814684,2.3937783,8.105697,-1.9484417,-25.151363,-56.89553,14.88408,-9.694175,-17.963781
-14.680076,1.9206846,-27.631361,-7.2807536,-11.307018,55.530773,35.3673,-10.799299,43.15235,-49.753204
-36.63122,-1.2201176,-29.353912,-22.590994,20.63863,18.552595,54.502743,-1.4449526,44.819756,-40.72179
-14.64355,-57.20018,3.0541973,-1.4023451,-31.06684,-42.52292,58.286526,-9.264591,-64.47367,-26.170837
13.788639,5.872417,41.847267,15.269555,-35.708424,-63.576885,-9.870848,3.8088589,2.3492758,-76.55565
-4.544348,36.279175,-54.301075,-94.0917,1.4040935,20.33233,34.7237,-33.00694,-87.27589,8.823711
-11.5795145,-55.3135,-15.69393,-14.713743,19.623018,0.62832355,54.76924,-51.9595,30.885586,24.578453
50.162376,11.4357815,-8.102692,15.016694,-21.537935,-38.17484,-43.190643,-6.7811027,6.6244655,-89.22629
-40.732037,-57.014458,0.88032824,3.9843013,6.4558363,-45.29058,63.246254,-33.43616,6.1376324,-43.065975
-2.7308664,-45.0168,10.717958,-1.9279702,9.423605,-92.125244,57.85605,-19.79477,-35.36296,-32.24955
-44.05563,-32.0887,1.6711986,0.1495452,14.963132,-20.274706,52.40181,-6.1397276,-38.319016,-34.49733
-39.663055,-73.088394,9.009025,3.08653,-38.989098,-43.775864,62.163002,-14.1708975,-19.602932,-33.99446
30.372648,18.650038,42.59538,-26.319944,24.26272,-51.385296,1.2581865,25.751797,-30.199993,-100.72445
26.487255,-12.343609,-71.00912,-41.52191,-62.428352,33.892147,16.355131,17.613243,-13.376289,16.90177
-14.700375,-19.512754,-51.66842,-81.155685,-4.7181897,9.271117,19.07065,-1.00779,-41.4874,5.9537196
5.8636513,36.352036,31.5906,-3.6637137,-18.944536,-46.293736,-38.8233,-23.550577,1.6658328,-72.187614
-29.471743,-7.202665,-11.981306,-5.271907,-3.719316,25.615404,10.245797,-8.492573,30.876123,-42.865562
0.43231112,-2.4125144,-26.271349,35.644283,23.383097,-34.028168,60.53312,-33.327507,-27.016562,-42.899868
-38.597057,-18.302671,-27.400002,-60.87455,-25.453999,50.081852,16.332588,30.046335,-36.157833,1.0535078
21.867208,-66.23538,-8.08547,-44.236534,29.191679,13.668597,22.48715,-10.443907,93.45264,42.11927
13.516898,-11.856685,10.280616,10.847928,40.722706,-56.88748,18.946268,-63.674587,-37.685135,-21.85185
-47.915134,-60.169594,10.657091,-5.761226,52.826447,-4.6150064,51.87356,18.895094,58.859055,32.904587
-42.44569,6.6873097,-7.283221,-61.135685,-22.042212,48.45834,56.08861,-9.665015,43.96391,-50.590904
-44.75312,-27.400475,2.350323,29.997587,15.579166,-31.29364,54.927002,4.253898,-63.528187,-0.23657072
-39.742676,-15.319203,-25.139122,10.41645,-13.996501,15.995646,68.220825,-32.32642,36.892033,-15.192808
39.375816,9.810802,26.814821,-8.715973,-23.510054,-58.9089,-24.253017,-35.154854,13.054306,-59.840897
45.93051,11.786281,19.201817,-37.394054,1.8817142,-46.43953,-4.830302,-16.405148,-0.8846156,-100.939224
-3.7700987,3.221299,23.670216,-22.40809,-66.543976,1.2949011,5.3427896,8.458093,17.47531,-58.58507
-65.49232,5.772901,-33.684273,-45.08735,-4.952698,50.103954,31.765202,-5.472549,60.771946,-32.815937
-20.766409,-41.956505,-73.817474,-44.8088,-26.186247,-72.861984,-6.1622233,45.554203,-25.684587,5.6118555
-35.472027,-49.825764,42.287415,-18.211151,12.241048,-56.743034,61.27752,-44.01791,-27.227123,-12.900576
-9.091079,-20.514814,-33.2895,-29.0694,50.461555,32.779194,31.851402,3.0995808,64.40573,-11.578783
-17.582508,-51.15711,-19.454178,4.1567535,20.131332,-19.841982,22.794434,-10.818164,23.006256,17.137056
-9.712592,-73.19702,-26.564531,-10.385751,0.7325785,2.0595422,45.22995,-58.104847,55.730457,-16.71075
-13.550943,7.2832937,-31.428562,-44.165268,-35.76475,-45.3303,29.270643,44.04492,-38.01387,53.21988
-10.827124,0.6016629,-39.38181,-20.346708,31.666784,24.205711,14.545944,-9.995829,49.74902,-26.611359
9.258812,-13.615622,-44.880733,-39.9201,23.555216,1.6509686,13.580568,-17.913347,-58.07156,63.428375
-19.748987,-58.21259,11.660856,-15.15049,62.62476,7.337288,53.436264,3.0276318,67.67308,31.354334
-14.96697,-38.934998,-7.285164,-24.833763,-18.158567,-56.007706,1.0208712,-11.923376,-7.284549,-1.5822778
-25.94925,25.761312,-45.051376,-38.091763,14.494089,42.217274,34.37992,21.17938,71.48531,-67.72686
-3.7348309,-18.676926,-56.774376,-7.5753684,13.88836,-7.591763,39.497913,72.33442,-50.05376,-15.521302
-36.834694,-55.539196,3.7349887,12.2165575,24.867048,-43.181305,50.288574,-22.8058,-25.397463,-36.637596
-19.775732,-67.395,19.594713,-21.208881,63.68684,-3.917749,33.16047,-25.008074,64.581375,20.0524
-26.513988,46.29767,-56.99463,-39.922504,4.889743,42.761578,17.649963,5.7759547,30.69608,-45.638966
28.95522,-7.4218826,-37.92068,-82.365036,15.733729,35.97319,38.606716,-7.004776,-74.68055,37.389137
-23.380394,-37.46864,2.6810725,-10.052216,22.033808,-59.98922,74.98315,-36.50634,-43.871704,-56.10945
-12.250314,-18.976036,-75.08409,-27.53511,9.706582,-41.421448,0.21121061,-18.488222,-1.8678052,20.53517
-37.128727,-31.53479,-0.94197947,-3.43987,12.760491,-55.678436,79.06402,-36.187325,-0.19675599,-35.650764
11.511369,-18.454699,-30.8314,-38.942783,-34.60526,-0.6909937,2.7764232,-34.96531,-37.00731,54.43
1.1083925,11.14308,12.7731285,-7.3458557,-57.82567,-29.202341,-23.511765,26.696535,8.316431,-62.752876
-19.491255,5.852486,23.866983,-38.6857,-33.63735,-10.843848,18.543839,9.106739,0.66717607,-65.362625
-0.8011806,-35.541702,-34.23837,-35.095085,9.998483,4.2141876,17.507557,-5.6304016,-26.382267,38.754574
-23.301268,-13.753226,-15.808281,-52.555317,35.161594,51.13516,38.73997,-51.799007,72.572525,11.4207325
-27.782806,-52.085545,-9.006335,-14.25995,71.27385,13.721161,36.257828,25.591389,66.26168,8.391678
-7.1537657,-23.825762,9.567471,11.205322,24.745789,-57.682068,50.01258,-46.794712,-47.485065,-12.64624
23.876358,-28.903006,-38.017147,-36.434288,-25.772058,55.750977,50.097527,-6.2245383,-62.219578,54.79892
-70.18997,-23.711449,35.097393,-7.8189116,19.98351,-41.87409,59.138153,-29.133438,-47.08451,4.672376
-9.240821,-19.078394,6.8680916,-10.891765,9.221899,-38.393887,62.85719,-74.69767,-7.9182096,-16.522268
47.525436,9.676576,36.210186,-37.508595,23.59276,-58.69127,5.0668764,0.3622393,-32.830128,-99.19493
-19.253193,27.683441,-32.917873,-45.18566,-16.541046,47.83262,15.4256315,33.97361,58.454563,-36.46344
2.1663737,-84.59341,-40.432926,-34.62006,8.516111,-41.55972,36.466984,4.7139254,21.983694,23.822527
-19.737839,-35.00816,27.182093,15.344689,-7.6266427,-45.0567,59.442623,-25.756956,-10.177771,1.2705083
-21.499842,-61.63759,-4.9169955,-38.112823,52.694256,8.08742,26.408094,-2.643434,72.73331,26.110582
-71.72485,-39.080845,-64.67862,-41.545887,-22.7638,10.544945,-72.61829,8.884479,-38.970654,-6.6124454
-27.76822,-60.08591,16.742971,-65.00174,46.36072,-10.202677,55.243496,-35.58135,31.15377,10.959789
-2.4986022,-22.813568,12.835531,17.154913,3.6434863,-24.070856,5.464408,-29.453634,4.234618,36.336166
-23.458784,6.892273,-0.18329923,-20.099041,-46.17701,-55.131947,-22.334,-4.553023,-11.5205765,-113.71763
-5.672201,-6.5741043,9.770657,5.5760584,-39.903976,-55.014446,-19.035654,49.08275,-13.650975,-88.5033
-15.865484,-22.594818,6.6041617,-21.28521,7.3272247,2.0823724,49.316063,-12.025743,-3.6501052,-44.465633
14.04574,4.822728,-53.180004,-63.201836,-4.40188,24.821804,34.620617,-19.211658,-52.48159,12.160305
-42.27841,-13.919777,-29.710258,-38.461052,18.937988,39.16557,22.503735,5.291748,61.96629,-58.43366
-50.08398,-54.081543,5.5607944,-52.514427,-1.8691818,-54.80375,-11.501278,22.038923,-21.15358,22.569014
12.475613,-49.877407,-14.297215,-21.846226,47.594326,14.650666,46.292263,-24.0893,73.93308,19.879808
-24.907045,-50.105503,12.202245,-5.949067,43.504272,0.30332112,27.04099,-33.056572,56.94303,-0.36655027
3.427106,-51.462143,8.787756,-54.214573,20.364523,19.116589,19.154488,-63.52911,77.780846,60.46117
1.8305203,-20.358744,-66.76883,-32.7021,-15.717666,28.969341,7.528001,34.469975,1.2137539,7.975187
2.030981,-22.297485,-46.26851,-5.073408,3.1221666,-15.259262,9.4781885,-22.51671,-7.876152,74.61322
-50.089893,27.253532,-11.87702,-25.331066,3.1721983,40.360493,53.21782,-2.3603926,54.124996,-42.269688
22.842943,-9.342665,-57.12008,-82.96651,-15.679548,-39.693058,-27.450222,-21.55827,-43.16485,-8.285825
-22.041662,-32.247658,-41.088943,-78.695145,3.5449078,-19.210524,-18.811735,-8.773812,-34.967907,-6.7698126
-49.303,-7.725737,-77.54835,-6.312468,-11.331903,-39.99327,-34.746307,6.6528797,-9.220197,47.991676
-43.555283,4.66484,-24.105915,-38.87758,5.1720276,46.961597,49.88267,1.8709371,22.982393,-39.152756
4.611434,-28.817808,-52.625393,-27.553646,14.051808,14.485747,31.683197,-5.273566,32.86911,20.747171
-31.06518,-60.17989,-17.922232,-24.771542,50.110126,-16.886421,49.47641,-20.45564,69.3167,14.215313
-26.271822,25.426962,-49.189545,-27.53823,24.223637,35.639175,28.642174,-11.374991,46.755238,-32.85072
28.096779,39.04244,5.5466223,-23.979929,-14.433621,-58.72394,-50.896503,-47.081924,-16.692781,-96.04565
4.6738477,34.89782,34.536198,-18.410997,-2.9984684,-16.253721,-24.593294,-12.592701,-10.105902,-78.45571
-31.878813,52.964367,52.395706,12.104021,96.5944,-32.31927,83.3808,-56.099777,-18.368088,-7.743614
-21.414614,0.92712116,-3.1109328,12.557974,-3.705304,57.407536,13.676758,-24.899467,69.611725,-36.88879
-27.875072,-40.11413,19.238878,-13.014095,9.559332,-73.23345,53.471573,-33.460575,-17.191568,-16.79156
-15.599807,-14.0268135,-43.59788,-35.189323,13.873945,-36.844208,29.054905,5.356425,71.01115,9.511599
-4.6969323,26.95812,-41.56892,-34.25983,-1.2833213,70.87164,35.584553,4.3505664,4.3339124,-59.65857
-34.714245,-73.61016,-74.293465,-55.850636,-4.19458,12.709079,9.609267,1.71985,-92.94838,-4.900056
-9.292122,-0.4289288,-6.2141457,-23.676882,-27.600903,-35.903076,-51.44867,-23.414316,31.2651,-65.42286
-19.83481,-24.058828,7.2600474,18.860712,-2.688667,-56.29701,76.17713,-12.7547865,-7.340192,-20.13326
6.838154,-49.27578,-53.642895,-70.44955,-20.58232,48.79783,59.234024,-35.188934,-43.54763,49.9345
-20.94921,-11.563644,6.41391,-29.949078,12.363795,38.117493,45.047657,0.4547894,13.275484,-60.532063
-12.657315,-28.478336,54.301056,-4.38431,-18.999487,-37.156906,11.46645,10.322015,10.779382,-80.36495
-23.12396,28.460705,-42.57685,-18.595898,-52.556458,25.791983,33.43945,-0.14524685,66.84426,-14.74048
-34.04929,-61.112946,16.65239,-6.871049,-44.75142,-47.965263,65.58631,-10.110882,-32.044403,-27.61183
26.218699,-43.748104,0.7222354,-12.514298,28.327211,13.171466,50.001728,-28.505047,88.46335,36.80128
-22.806906,-68.344574,11.243298,-23.588509,69.35936,7.777953,29.657904,2.909862,49.962856,9.852476
-4.791191,-7.50386,-4.306172,12.873409,19.75268,-49.899513,51.154545,-55.199486,-35.492622,-16.839739
-2.8436313,-63.496853,-4.8150015,-24.928305,22.346685,-26.133636,38.66978,-25.081442,55.428165,14.733837
-29.617764,-54.397335,-0.6344718,-17.112658,40.788284,8.274924,63.95978,-8.327192,40.515984,1.4342964
36.33747,17.068892,5.153803,11.965827,45.114452,-30.733837,-42.59451,56.26713,-17.907892,-46.075478
-16.51379,-64.628784,10.392584,-25.855618,52.674946,-18.988827,43.20856,-39.243626,44.62974,2.5199828
-27.788826,-44.633503,-8.127171,-16.195019,-17.90993,-59.222397,34.973026,-40.094864,-20.654696,-28.94861
-28.854609,-49.339767,6.877205,-23.746998,30.055847,-84.939735,40.858536,-14.090601,-12.51407,-18.156242
-13.680961,-80.41347,-5.427881,-42.728264,20.68255,7.8779116,58.200657,-82.436775,71.67847,13.884813
2.3588233,37.086506,44.19773,-44.038136,0.9893024,-31.091404,3.0959337,15.27015,-35.70777,-87.71219
22.652006,8.542518,-4.2908397,-21.62963,-27.320318,-41.4398,-41.379467,20.197592,-23.089397,-43.614487
22.99628,-12.081388,-80.75886,-77.09002,-28.657093,-11.484002,-32.370193,-6.850317,-16.265162,-24.765425
46.65618,32.8993,4.680901,-20.873156,-7.0566893,-49.899628,-41.907948,-40.249554,-14.00087,-83.26122
17.199955,25.834753,-4.4262795,34.734962,0.66349924,-14.456852,-50.05604,24.44001,-1.5401139,-33.23508
-21.837854,-16.900381,-65.10742,-16.820484,-3.9555407,-50.9784,12.072047,-14.157852,72.58256,17.549507
-44.80473,-34.168625,-4.6743383,-43.71024,12.848431,8.831677,41.646313,-47.489094,-22.839045,11.252558
-31.067656,9.03681,-22.723312,-23.410128,-3.7699037,50.951508,34.120323,25.454113,53.232403,-48.433334
30.373636,-27.425201,28.71841,-26.795712,2.5069835,-36.385487,3.556593,15.931129,29.341036,-28.004683
18.158573,1.5785334,-52.786217,-74.29667,12.424196,-39.897808,15.754228,-24.907093,-44.522823,39.484035
-36.851723,-6.3703847,-29.779055,22.01238,-8.659657,-35.9793,62.035896,-18.599669,-31.145275,-27.200302
-19.167723,-73.83765,-4.2953157,-31.289242,31.805477,7.9344616,79.232666,-32.969563,44.493107,21.51731
-16.59778,1.1210978,5.3668942,24.859184,0.5195291,-45.66732,40.512302,-41.261337,-56.650185,-5.3903
-49.565186,-64.455795,-62.45837,-27.806915,-18.680943,-42.61035,19.034508,5.8381014,16.880861,1.1841793
-16.075266,5.0414133,37.91054,-39.39565,-26.28408,-7.8454247,14.330972,5.9950886,-32.11302,-52.7729
-51.392914,-65.011475,12.271459,4.0590534,-0.07410007,7.4505005,45.87595,-19.501003,-49.623154,2.5263166
4.3897796,-35.896744,-35.52962,-11.0808735,27.196672,5.7489223,62.94353,-47.05362,83.68397,40.4762
-3.1311176,-44.139534,12.725338,-15.93625,-29.823414,-66.03241,61.599854,-29.47491,-32.824005,-12.234444
-30.424536,7.6371555,-38.881687,-63.695904,17.093327,54.714405,22.882944,28.286478,48.74751,-96.24275
-31.939486,10.905921,-81.29061,-40.42425,-7.015224,22.406342,21.441013,-16.569338,4.860148,-0.48321876
-25.155502,-25.388466,-44.02089,-77.404594,-30.962896,12.419578,17.35438,-22.885447,-36.385307,44.296093
5.7699933,-69.26611,-21.73009,-56.338825,6.2720003,-67.87391,16.414024,-16.725685,19.962759,-27.76666
18.316051,-24.790955,3.8528037,-47.813946,2.2975938,9.645877,36.51118,-45.43758,5.7087455,65.08255
-18.59013,-31.180893,-47.6212,-64.27196,-36.657906,26.125765,16.16397,-43.314316,-21.756393,45.799618
13.4336405,17.785854,-1.7746025,28.603786,7.2102413,-34.69481,-47.78477,16.566877,-9.330822,-57.47095
39.616295,13.999266,12.495519,31.317455,-1.6036757,6.7540083,-44.48623,-30.374472,18.989618,-66.64048
29.716928,8.860173,8.487392,34.595615,33.722984,-30.65666,-52.22577,41.39207,-12.823814,-60.232204
-33.091873,-62.281895,-3.2276895,9.452079,-35.139874,-46.629993,49.263332,-9.815998,-46.251183,-28.578129
-6.188776,13.181105,-48.17557,9.771544,-24.439957,69.89014,34.145275,-35.23423,55.463436,-24.370564
16.669384,14.211016,-32.496082,-45.30978,-16.858234,4.9536867,26.604706,-2.6400752,-78.44965,56.64975
-53.643253,27.60423,-6.3532963,-54.832367,-7.5844803,40.58847,53.682503,10.255451,41.888115,-45.46396
-45.12042,18.106688,-43.754818,-3.5354674,-11.982347,57.480446,19.568266,3.3973038,35.933468,-46.126858
29.873384,-33.22299,46.9741,23.914257,35.82163,-41.883675,-20.888308,21.79831,10.742468,-67.518456
-11.341013,-53.929844,-12.754308,-22.335178,48.63917,3.791012,62.277,-23.880016,56.175953,-6.049995
20.213428,-28.863203,-25.317186,-51.959095,-40.801735,10.060132,2.8938782,8.174642,-26.744287,39.72861
27.379726,15.793918,5.915963,-12.274099,6.0797806,-48.335186,-29.326252,-6.360538,-3.871376,-74.198975
32.06299,27.12803,24.669859,22.300518,-11.6630335,-38.25966,-17.564404,12.628043,0.41401702,-62.605667
-0.55155075,-0.62888724,-51.58426,-29.023739,11.340467,74.0304,33.170486,1.4851259,16.095343,-51.272854
-53.51029,15.840346,-53.79403,-26.603218,-1.3671309,20.51078,27.13475,14.837774,70.8421,-16.311546
9.815159,-25.330357,-43.851646,-13.824994,38.225468,-6.0639677,27.26283,-55.311584,45.65207,18.712511
-35.66433,17.643366,18.610123,9.215507,36.828075,-20.131697,75.90294,-29.805103,-12.564639,-27.061666
-56.47319,2.3638873,-30.087694,-45.886635,25.22356,39.989902,38.803596,-5.459362,30.504189,-41.19837
-11.789163,5.7334805,-3.2752848,26.542376,17.43601,-60.6085,56.273872,-35.695057,-43.135815,-17.373505
88.13681,28.632736,20.712791,-39.364437,-22.848429,9.928619,-35.046032,-12.327774,-5.034518,-53.453503
1.3524411,-21.309649,-33.76594,-61.81595,-45.642796,-18.371096,-7.26856,12.688609,-33.98062,29.292253
47.05272,-17.274378,8.480818,-41.365612,-11.296779,-11.562903,-24.350197,31.969011,-1.0885074,-80.91983
-4.3813314,19.948833,-46.14206,-26.05088,10.738482,37.283657,9.050613,-13.6059065,30.686365,-2.236913
-11.257058,-1.242942,-16.517973,-7.735876,-1.4414254,45.009617,49.38343,13.689889,32.429386,-38.757282
-31.774366,41.1136,-58.045536,-48.245693,-3.9458811,69.7022,40.74116,-35.435493,43.900757,-42.59343
-34.624985,-32.25141,14.797514,-5.821387,-11.952338,-21.077589,76.074875,-62.646812,-18.728096,-29.453245
-16.839226,55.39219,-38.454403,-9.840707,-1.7628727,40.838352,24.799551,5.9063373,51.930782,-34.193417
-18.337189,-24.033594,-29.981743,-7.8205724,20.670555,34.974823,58.11006,-6.574263,39.18471,-10.614711
9.722659,-61.07888,6.625854,-35.22719,33.208805,5.0253105,45.654236,-40.50605,69.53017,15.672157
-17.828547,-59.611725,26.429857,-9.559554,43.66128,10.398305,78.80893,-26.982868,43.695477,5.200225
-63.300877,-26.02392,21.362041,9.468986,10.664444,-41.411224,62.0256,-15.20621,-24.970455,-25.8647
-32.969524,-29.18766,-47.052,-41.944473,-26.316917,-41.448017,23.67614,37.056385,-68.99256,39.7601
-16.5167,-27.216658,-23.490122,-24.424383,-15.454892,-22.614595,-12.182354,-1.476181,-57.295002,47.093426
-34.501453,-40.233704,1.3743656,-12.74767,-18.408884,-37.36154,43.70298,-2.5631936,-55.730484,22.792122
-33.318703,-10.80025,-30.76096,-26.45326,39.29333,61.0248,42.355526,-7.664803,37.09466,-45.847206
6.282127,5.2335396,36.02429,-16.077312,3.151372,10.693933,4.749184,-0.89735377,24.624428,-62.722935
-48.69176,2.3636382,-54.77298,-57.148533,-32.362514,31.634338,9.890106,-30.199589,-50.36381,50.423313
-15.025157,-76.70473,11.161913,-34.88425,35.34774,2.966049,60.71168,-35.36282,40.741634,19.667412
2.3057842,-24.080065,-42.089523,-44.473103,3.1211162,-16.966402,-11.74809,14.324797,-59.63052,48.34706
-8.878317,-37.200874,10.170242,-18.875578,14.750938,-50.72758,70.81578,-50.502228,-19.192495,-41.639637
1.4275979,20.868773,25.275278,13.307642,-5.1930785,-48.32453,-44.89629,13.194425,5.2959723,-27.76628
9.31632,-51.760525,11.543405,-59.911476,49.645588,-14.587772,18.052946,-37.494,48.04723,-7.0128126
31.944984,4.90067,-6.92398,-2.5658398,-2.5813384,-40.64189,-39.848953,12.353753,-17.73223,-64.32741
-54.243618,0.7963457,-16.380232,-19.458527,6.071171,63.41885,40.432735,17.840353,3.4535034,-52.720825
51.04248,19.113895,-5.8280144,-30.87469,-3.2254665,-37.04069,-39.43021,17.362713,-35.215153,-48.53007
-38.995964,-22.753942,-26.868391,-25.93137,-5.595003,-14.90872,-9.031436,-33.174828,-52.39401,14.237841
-40.616673,-26.326668,46.992867,-31.308252,19.044802,-47.818882,30.412848,-44.54609,-23.852654,-23.276218
19.648012,-42.387703,11.318459,-23.954107,49.316082,6.479659,23.964966,10.117391,75.422356,45.162834
-22.677025,-33.201595,25.137037,-18.508553,7.5603104,-75.74612,56.73705,-11.696722,-59.78747,3.7112775
-29.44871,-35.959076,-0.13712507,-11.30546,-16.013765,-65.70973,71.930786,-7.712243,-30.807995,-25.302443
13.457823,-31.200834,-60.20817,-63.90361,-53.825275,13.679116,-31.657064,-32.24991,3.1559994,14.195028
-21.27591,20.152945,30.086294,3.36261,2.9040637,-24.185415,23.629726,-2.3671234,-27.361626,-21.616257
-24.45513,9.809937,-49.76055,-4.568842,6.6962614,40.195812,18.772781,-10.556194,30.481054,-33.77919
21.67057,-34.735126,-49.59705,-33.837833,-9.98223,17.546726,24.64618,-6.7989273,20.048954,30.157291
18.731936,-33.72452,-20.514856,-15.991249,13.6517315,1.1413414,60.813137,-40.87413,73.73164,33.380405
-10.093402,-90.049484,30.758722,-24.961792,55.72724,11.317736,33.23047,-77.4748,67.87503,-21.02654
29.998999,18.972403,22.720612,-3.3950183,-2.939093,-65.99078,-36.91876,-32.835636,6.6893106,-74.77596
-42.176914,-36.177803,34.042793,28.47946,-5.0937777,-55.962517,51.627964,-26.262424,-23.69258,-21.523672
-30.609798,32.164707,-48.186367,-45.541523,7.9958467,66.06453,37.688927,6.2215595,15.570965,-45.03343
-41.881313,-12.096993,-27.881422,-25.170187,3.7294772,55.80206,38.464985,-0.86031866,44.97555,-61.79749
63.916504,27.921476,-1.2111653,-18.08801,-6.629618,-30.776884,-59.545673,-3.3056128,-10.312003,-32.100697
-29.811356,65.25292,-63.490665,-36.01841,-3.0757277,48.06356,26.063013,-2.0950768,36.5982,-17.608654
46.497124,45.333416,7.764111,-18.182365,-8.332519,-39.175327,-60.313198,-34.95638,0.4300788,-69.823906
-11.350696,4.2147303,-20.410406,-35.926643,0.31963468,4.740264,39.715446,30.90968,-47.251755,-65.68801
-13.30358,-9.316726,39.43572,-16.875036,-26.508724,-2.9142172,16.753208,13.346387,26.12139,-72.23532
-15.575986,35.77204,-41.578136,-59.304016,5.096077,71.010315,28.060833,36.24639,4.083988,-69.69486
-42.066566,-11.572396,-57.526024,-19.077784,-2.8796532,-33.262444,-48.345585,-11.467012,-18.70916,36.506893
-37.577232,-25.844448,14.3365135,8.663996,18.292084,-44.05954,42.435463,-47.78267,-38.78139,-22.718546
2.5706267,27.258314,35.31586,17.220938,-16.589596,-71.85933,-30.792225,-8.582455,11.528145,-68.35403
29.347181,32.64693,10.930826,29.083584,0.13051963,-41.941444,-33.118294,44.097313,-18.010511,-40.57999
-37.102985,-24.012278,-13.975486,3.0600016,1.6566584,-2.518722,71.08364,7.9553027,-30.458364,-40.05907
20.8066,-39.144497,5.6913977,-42.18522,36.669262,9.592111,33.917934,-39.121834,75.38114,29.229704
-2.033835,-2.984676,-24.50442,25.47216,25.11356,-54.90371,66.69284,-39.97449,-31.276222,-57.71885
-3.644236,-27.451372,-51.620018,-46.28205,16.611288,13.372197,-10.483181,-21.87974,-47.44871,29.80969
-24.80479,-32.09731,-1.2265571,-48.168713,9.6917925,-2.2517416,46.547882,-31.170483,11.48641,29.06637
27.647932,31.736319,1.5418878,-30.036354,-19.00695,-46.551712,-51.55805,-29.556833,-23.066868,-105.199394
-65.28244,-18.916845,57.891796,7.9496975,76.610916,-44.461063,62.610397,-66.71194,7.277861,-6.675702
-22.736326,4.2363634,-29.243975,-26.632635,7.702649,21.668337,47.844124,6.3894563,69.5158,-50.58176
11.97069,-34.549614,-13.006169,-18.958635,-12.525044,-42.213768,35.026146,-19.933975,-44.4358,-30.539179
-38.276276,13.165898,5.0918317,-57.272438,19.85934,54.35081,31.602419,14.154896,74.91168,-57.20896
8.736681,41.03485,13.440636,-30.083923,-26.379337,-48.21752,-69.31742,-24.881998,-27.77244,-102.506165
26.144972,-50.403297,41.57696,-25.94085,-8.497176,-20.172516,-30.038435,16.359238,30.38391,-32.60489
-7.393347,-48.99452,-9.948378,-36.52251,38.553104,-7.5197716,55.1968,14.773782,57.17655,27.989431
28.034634,-18.468458,-30.563583,-24.669434,5.2967033,-19.210018,22.118994,-19.333878,-60.75494,75.61882
-59.76209,-45.75127,1.2448962,11.897792,-23.05436,-54.411053,56.330456,-33.19045,-12.162591,-24.345692
-42.627106,-68.80574,-27.617638,-13.054592,6.6909285,-22.017847,21.00011,-27.807676,22.227562,-0.7335358
-42.70327,-9.298572,-71.64794,-36.589832,-29.266968,23.05425,12.229582,-26.517014,-29.643805,20.141716
-13.03501,-17.336964,-29.794224,-11.642708,7.4142656,73.363655,32.345997,15.051383,32.651352,-64.58875
-37.868053,-48.5829,-14.372668,-39.323597,3.3824031,-10.294602,38.16974,-21.120226,-17.807655,20.616982
13.098053,-50.163227,-12.322154,-4.829293,60.17125,15.734429,35.05275,-49.54588,73.99223,11.3881855
-41.542934,-92.88204,-22.185545,-24.79816,14.514448,9.7593355,39.306843,-29.209095,45.802273,10.524246
11.183125,-41.351097,32.41219,-33.042477,47.83502,-9.691919,34.049534,-24.091482,26.862528,-17.142025
-21.25248,-28.047243,-10.451976,8.709626,10.526972,-62.049774,58.129196,-26.425333,-9.534863,-38.183903
-28.43862,20.397745,-18.974363,-8.366468,-17.6642,17.247015,2.6329184,-12.941769,3.9313405,-43.87398
-26.321533,1.0396533,-65.34638,-42.856506,-14.573843,33.415504,14.478108,-44.85331,-49.782894,41.750744
-13.68517,-31.286022,-25.85996,-40.33979,41.076283,23.258846,38.319878,-30.49893,69.28583,-37.973423
2.7647111,-18.261164,-55.33777,-75.20291,-28.47019,7.33897,-25.48716,3.9012022,-26.696404,-23.722807
-16.132977,-40.453148,-21.405449,-32.04306,30.127178,-6.665938,44.731216,-23.84984,59.417706,2.782771
-35.179413,-40.881477,-52.384087,-29.07002,27.156645,15.56948,9.776076,-17.332304,36.639618,-30.45305
-15.191201,20.125961,12.252295,-54.548138,-21.68788,-16.662302,0.23866159,19.047228,12.620156,-60.05583
-14.637745,-61.02871,9.009192,-55.707047,64.818115,-16.777037,45.16524,-35.15042,51.71895,1.7313075
-11.719636,-25.894371,-43.644997,-49.17388,-40.867855,31.372063,3.187743,-39.05425,-84.48547,42.814507
-48.862877,18.985378,-21.359358,-44.42003,27.742088,46.331314,36.880764,-4.6872516,45.698193,-47.973522
-43.85607,-53.610153,43.739426,18.289482,-19.551811,-55.93154,44.66664,-23.695778,-42.105934,14.937685
-32.426918,-50.157917,-19.153002,15.774608,-3.8481336,-41.20917,72.18257,-41.643654,-16.212627,-59.218735
12.859912,-57.921696,-20.925737,-32.47077,29.712393,1.8866861,29.37954,-26.845064,76.76935,-15.358945
-32.68935,24.113037,-48.640507,-28.827799,-4.1144185,14.778605,36.805035,4.408902,74.198555,-73.40151
38.93038,-0.98792654,-70.46467,-85.45695,-24.748892,-8.378244,-1.3102847,-39.656406,-37.258984,-7.9313664
-38.734962,12.924355,-24.80722,-27.730421,27.856504,25.61568,55.954952,-8.232346,38.727444,-54.679256
10.972787,14.726252,49.71999,-16.25838,22.834244,-52.629814,4.093644,19.38287,-18.191751,-91.50302
18.578495,19.959892,8.688779,-4.0480905,-24.539835,-20.29629,-37.50647,-15.791957,-46.4191,-16.896955
-0.98427105,5.359645,-48.7141,-95.20805,-15.2239,3.0583289,-9.253758,1.576077,-29.811428,3.81774
-35.37259,21.02746,-56.038574,-31.85846,-2.8255367,30.855759,39.210114,3.9209502,75.446686,-57.862175
-19.048082,4.500024,-33.79255,-19.789312,16.651814,58.37002,52.773888,-25.747679,22.015116,-54.267384
-12.302514,-56.362286,-14.0956135,-15.446193,54.721794,-0.5055537,12.405562,-12.729181,57.88789,6.528242
-58.86923,-51.801476,-54.075768,0.14766502,-26.463184,-34.958664,-58.299683,30.133127,-26.696236,39.22715
2.3845553,-36.420677,-23.407387,2.5758493,-28.668211,-104.182945,17.914661,25.00412,-18.787052,9.527725
-11.175045,2.1710749,0.16124254,-5.484498,-39.88002,-45.852108,-23.631004,8.065339,-14.843421,-109.07432
-33.892708,41.863605,-49.643795,-35.488174,-7.88322e-05,56.95709,39.16827,10.663374,59.18722,-45.285828
-8.8021555,-93.78287,10.003719,-25.629765,17.648552,-1.9338472,36.921524,-42.075584,96.19284,1.4755836
-26.503645,-50.416317,-14.461876,-5.8724003,6.6018906,-73.70752,2.1312225,-11.137687,-31.13971,0.46768582
-5.3575544,16.088459,-51.856445,13.995008,-17.781216,45.17346,48.834694,-43.042667,29.599463,-45.75636
-15.028719,-44.371414,-31.827585,3.338093,-21.541607,-68.418045,64.94834,-11.432214,-8.528598,-36.344578
51.478287,19.950819,-11.10039,-30.49842,23.723106,-34.426743,-45.50275,31.02774,-27.454561,-64.576706
12.303266,-5.2830424,12.85568,17.750156,-14.346036,-47.235092,-29.421986,14.508759,-6.6712055,-52.57841
18.455648,-82.92753,-8.199132,-41.715122,46.49382,17.854921,18.2083,-23.086323,61.388054,-7.4808536
-9.4817915,-31.939075,-18.233074,3.8718235,39.11587,-39.287086,35.72321,-36.75929,33.91974,11.566664
-70.704765,-26.755636,-67.0447,-18.032642,-0.86552984,-25.019419,-41.438,-2.1619942,-32.423252,34.749073
-13.661108,-80.56549,29.356216,-36.578056,71.215576,-12.211553,26.187092,-21.138933,53.669132,-5.0772114
-39.027996,-17.323288,-3.8834863,8.583126,0.5088625,43.004513,48.89409,-30.337639,24.58405,-37.145878
-23.435236,14.397397,-35.232456,-23.631926,4.6011705,47.48069,47.61621,-4.42166,46.609627,-44.769123
7.803185,-40.50775,-53.9529,-28.09698,-17.401344,5.732629,-8.408078,11.798101,-72.044014,50.013462
24.244564,3.3399158,-18.147629,-38.998814,-18.899597,22.900433,46.041664,-25.770401,-87.58892,68.23146
-9.146004,-9.427211,5.515731,-18.373415,16.111294,-43.506393,32.347622,-66.622284,-40.306087,-13.094183
-72.599724,-85.068565,-30.655672,-21.763885,45.970158,-6.691778,48.10924,-31.500662,93.92137,7.2920165
-28.025026,-62.445377,-10.297924,-18.204863,11.301564,-39.918686,35.391758,-75.20952,77.96088,7.460901
-14.988661,-50.107403,18.64301,-43.04381,54.92371,-2.8118634,32.550163,-27.579088,51.17346,5.8021235
-36.72561,0.10669014,-38.515533,9.071797,5.3083887,28.58548,56.31676,13.925692,21.734135,-47.966194
-8.377511,-85.814415,3.5408654,-19.044348,69.48714,10.346822,48.213287,5.487393,56.48028,0.10537481
-28.957808,-85.38805,-0.7328551,-15.621797,-27.700598,20.946623,45.016853,-61.585514,23.261354,3.6202254
-57.733242,6.158412,-20.750738,-46.061237,-11.925684,55.191402,27.403873,-8.391164,51.745945,-26.595245
-9.359787,-34.81153,9.212473,-18.142427,-9.952956,-73.64992,28.830421,-26.310293,-26.40255,1.9493723
-32.448616,-27.57752,-61.00381,-22.252743,-17.677666,18.167837,12.611679,-46.81772,-24.803125,9.255268
-13.877897,-21.441841,24.48617,18.26429,-13.402185,-50.821434,63.395966,-25.516186,-22.629293,-32.785
23.637175,-27.34443,-43.350006,-42.380344,15.272868,-4.4820004,-4.9450793,9.101382,-77.91407,42.95156
-51.44213,-25.548626,-15.901974,10.33538,-18.679386,-56.3857,30.616177,-4.222265,-37.42333,-11.003982
-41.990486,26.690088,-29.40157,-16.591845,-10.0250435,51.173,38.952885,12.387478,71.99516,-35.541306
-3.9254444,-8.68578,21.092243,1.10742,-15.137255,-43.520645,26.3822,-52.836468,-43.4971,-12.004836
-25.380974,-42.83369,20.151995,14.530175,22.06712,-54.378918,52.995663,-22.595163,-52.138103,-4.0993013
-6.099337,-34.401955,-26.40139,-41.295036,30.056873,-4.7817726,46.27363,-6.0338764,-9.24759,18.663244
10.100866,-48.491726,-5.380969,-23.959393,38.415443,11.881527,59.279686,-50.7528,68.70444,23.764637
-21.069973,11.498591,-32.364563,-16.62134,7.697276,39.77019,50.808155,7.726458,38.56119,-43.141426
-25.230585,37.420208,-52.889393,-33.86413,9.559877,53.63215,49.979603,-9.788926,56.557148,-67.88497
-3.303316,1.1615672,18.087387,16.674578,-5.199139,-75.5087,-16.844551,34.10333,-12.019341,-96.6379
-32.930027,-41.3436,-40.31345,-73.343185,-43.628353,-26.691128,-32.275005,21.83608,-10.801137,-1.0635548
-35.050995,-51.85754,5.486666,-20.59449,-12.128114,-87.1527,64.25626,-10.443197,-43.461956,2.980864
-10.554429,-36.908333,13.822215,-4.809206,39.780064,-51.131096,50.701313,-53.483265,-26.255337,-30.436071
-44.877613,-44.36194,-40.551636,-26.44849,-30.792831,10.176013,-62.714973,13.805883,-41.972813,10.28713
-9.061131,-37.586617,-4.3266006,-35.51037,-37.22662,-44.062206,-29.531929,-14.943795,0.42786914,15.871893
0.3633036,41.93946,18.791533,-44.818523,-5.9911013,15.19333,19.55017,-6.7025228,9.469484,-74.41258
-11.413283,-34.900555,-70.40101,-51.27244,-11.365176,-10.236235,-16.522833,-36.464268,-34.339844,25.585693
-29.855589,12.077292,-18.71931,-28.816414,-10.272982,-18.919485,-8.642818,-20.972166,65.5469,-39.97424
46.309135,5.12551,24.238384,3.6773736,30.788591,-53.369453,-26.958448,8.909059,-13.381401,-59.45295
-22.959597,-67.28612,0.6875014,-18.455564,43.29379,0.16015124,63.181385,6.1796155,69.6482,5.7829404
-23.761908,0.69878197,-3.7542067,6.963093,-5.0369105,26.559027,36.49651,-51.86871,13.054386,-50.059692
29.596407,-30.709631,-39.601334,-58.98769,-22.985651,-23.238424,-24.640684,-3.7979784,-60.698895,19.253244
-17.037128,0.4436986,-1.8981544,33.980423,11.935073,-53.5274,64.283485,-47.889782,35.87038,-24.568106
-34.55137,-20.160164,-18.471373,-18.690977,47.163998,42.600327,36.63569,-28.432049,54.521942,-31.114918
-1.4426854,-59.554317,-8.001896,-32.024666,69.51427,28.34098,29.761229,13.608321,75.18255,40.644264
12.887625,-58.75413,-24.687159,-39.86163,10.962942,-13.221101,-11.965867,-15.031296,87.26848,-9.4278
-54.724377,-46.71877,-49.36769,-28.827774,-2.037959,-40.78752,-44.258976,17.251497,-13.280726,28.32557
-23.787258,-55.583828,-17.729277,-16.481548,74.42153,-8.207476,23.81926,-13.0147915,69.634415,-9.584907
7.4914627,-53.50465,-8.620113,-7.1534348,72.1197,14.440595,27.453403,-24.983171,72.01897,9.613169
-56.908955,19.034126,-30.909758,-16.892307,6.8333206,51.337383,39.677795,-11.949489,74.682785,-30.263653
-1.8315437,-72.70775,-7.47913,-36.61774,52.36632,-6.3858666,29.504837,-4.930199,60.250584,15.844797
8.593502,15.358498,1.1083205,22.057344,-22.073137,-55.23302,-4.7289066,-0.89123845,-19.796198,-55.840424
1.969684,7.474075,1.5564857,0.65173745,-32.918526,-26.317705,7.8849773,18.086668,8.056676,-63.905445
14.149228,36.200367,49.870777,-4.314451,-23.390059,-66.76598,-27.579103,-52.836533,2.7388756,-66.49195
-31.12211,4.985775,-70.15911,-24.668966,-5.754253,35.970844,13.322753,-21.478106,-45.022343,30.806564
31.733782,24.268478,-10.689976,-30.531744,25.742495,-38.588173,-48.343853,39.17386,-38.126167,-58.45205
33.51892,27.032286,38.300858,7.1853876,35.6157,-55.95954,3.675472,37.205223,-10.772723,-46.48552
17.884598,13.391423,45.56591,8.715039,-18.72081,-13.609711,-42.814365,-33.847507,-20.85115,-79.92705
26.859138,-45.322216,-48.575394,-31.187305,19.910969,25.280996,4.11368,-34.52066,-50.89377,29.078403
-6.582814,-15.186547,30.061052,18.398285,2.3307652,-61.556904,48.62114,-40.310722,-41.63315,0.42865324
-41.396965,-87.680664,-8.470035,-34.952435,29.05578,-20.571806,49.790867,-23.445543,35.602676,5.7088647
-49.88722,6.0000286,-34.067165,-16.607075,-3.148466,36.8835,25.209206,-13.609747,51.185764,-47.046955
-19.351452,57.011974,-52.312183,-54.407715,-11.952175,62.54363,48.366512,4.517677,48.82559,-38.830486
17.721493,30.874165,0.54611725,-17.2298,-27.200747,-36.714542,-51.305424,-29.051409,-8.7911625,-116.86738
16.791471,41.589283,-20.191317,-10.630158,17.9659,-34.825954,-26.309452,-10.102487,17.36659,-80.06595
19.165339,-58.780354,3.9296584,-27.493532,53.34977,19.949509,46.45664,2.8246474,78.112274,60.03704
13.959614,30.490602,26.646225,-0.41695088,-30.899178,-63.965317,-18.00751,5.2078824,18.04194,-52.351555
-35.279133,-40.451054,32.779003,23.510103,17.870213,-45.941296,55.482456,-54.17208,-47.327198,-15.039224
37.756294,2.9420943,-18.067823,-40.068825,-32.105865,-32.08524,-63.754436,27.484018,-22.901182,-72.98634
-42.587135,-8.464672,-31.00431,-22.193562,-9.363573,1.2112911,28.217722,-25.748522,-53.656578,28.894855
-15.295302,-40.540424,-53.258522,-20.827248,-29.045845,-9.001766,-16.515652,-67.97592,-52.14302,38.2911
-31.337132,-17.748827,-40.405354,-14.688252,2.4518301,62.889393,34.619236,-10.634014,36.43089,-54.9409
-9.013841,-18.61506,-50.62737,-2.6008656,28.547316,-14.27645,44.03656,-14.657988,62.407913,53.485474
40.977272,35.753353,1.8336017,32.114613,-11.421523,-38.801575,-12.135521,13.281895,2.0919745,-46.185886
-43.86589,-29.053835,26.45156,-5.7486467,-3.2369657,-66.05396,44.247852,-7.0649734,-43.50104,15.270834
-77.66539,-11.167422,-27.00761,-12.029167,14.371004,58.96184,28.09013,-8.488261,75.78879,-26.752483
-21.30496,-41.79905,-1.4706445,7.1241226,31.856096,-52.73511,30.889318,-12.602512,-36.356445,-25.341026
6.263308,21.741873,13.141467,17.148079,-12.256308,-47.622776,-50.07366,29.750042,5.529603,-14.3521185
-47.332092,16.115335,-46.302555,-38.82656,19.258482,38.06526,18.699778,-7.6224513,32.033077,-45.151043
-11.25695,-45.21228,-3.3619576,-37.074593,46.58929,21.844898,44.34611,-49.76379,52.422123,-10.673641
-17.629532,10.818282,-11.353751,-38.383656,1.5388086,18.31977,39.936356,31.92303,-25.126122,-65.42215
-9.539431,-61.987156,2.130503,-31.974552,20.394644,-28.91023,35.859097,-29.508802,55.249718,8.938576
-60.15757,-25.321367,-22.201544,-32.928375,-20.136492,-7.294142,-2.0430322,-1.4774724,-68.75333,28.254026
-42.63519,32.671673,-15.242852,-37.18895,-15.101594,38.51723,37.732655,0.7166018,47.67092,-42.411114
-34.976067,-44.391266,-28.273626,-45.56764,-44.159546,36.364223,-36.78939,-20.769108,-11.715523,45.290752
-37.510616,-62.68728,-15.074876,-29.719997,-25.65524,-24.687408,-17.66232,28.522322,-35.719875,30.584887
-52.69001,-17.765575,-28.801472,-17.486425,-22.57104,24.38616,48.89256,0.14273459,-27.941355,6.800372
-57.47562,9.412751,-34.110847,-15.816888,16.565784,41.574856,31.798035,-5.969052,48.93645,-40.022232
-50.837154,-60.954605,27.459608,3.6953342,12.126064,-46.16293,38.626553,12.934844,-66.092125,16.655392
-21.932997,-9.442465,-55.179295,-56.190445,7.643257,6.596734,-0.44293427,9.307602,-57.841446,22.7548
-53.743053,-12.2353,49.26245,6.1368446,38.683628,-45.869938,28.959269,-46.658493,-24.396471,4.792979
24.177431,-23.875679,51.638123,4.751486,-8.417469,-8.675494,-27.040676,30.828732,3.7414434,-65.9191
-26.072603,-25.943789,-42.148335,4.6245213,-18.631435,-23.204512,-35.916893,-40.74116,-44.604733,1.5200782
-21.838974,-6.448931,-7.9901414,10.489712,6.102442,32.146584,32.55311,4.7709293,54.32806,-62.336372
-50.459644,-2.6808305,-32.390263,-9.028787,8.602413,38.227203,16.841366,-15.709486,36.36719,-43.084797
-21.773722,11.1767435,-43.75969,-17.1657,2.435799,41.552097,47.381462,-0.4316618,61.442772,-18.762712
13.099374,-62.22677,-12.496535,-28.989065,68.112366,22.796968,9.170415,19.423004,76.18352,34.417263
-24.027948,20.385561,-37.36014,-76.86731,3.7427115,34.204525,23.575285,2.9864793,78.84328,-7.013321
12.80814,4.8965225,20.182825,22.306274,1.270536,-47.2946,-57.136982,32.111923,6.5508757,-14.324163
-40.024464,0.31895682,0.5649168,10.445256,14.0515585,-57.76217,64.98758,-19.340624,-11.665435,-47.027744
-16.859642,2.7280354,-25.758827,-16.147137,28.551523,15.421052,48.357494,14.699421,-11.537828,-77.62093
2.939186,-39.45622,-25.611378,-0.29283336,34.11481,11.656129,45.484177,-50.4182,59.07574,39.483612
37.375282,12.004867,24.099768,-10.188429,44.24007,-17.063036,-29.37157,28.831942,-31.256107,-79.12246
-15.909039,-38.783443,-33.390224,-26.57089,1.7996185,35.608837,48.396236,-3.6945596,59.717808,-51.301575
-4.389701,-66.212265,-22.473185,-41.72179,33.914375,-29.043491,19.23137,-21.572517,74.46379,-1.5208855
19.114084,-22.22592,-47.598976,-14.014149,-9.50715,-18.8009,13.579074,-15.475464,-32.273933,57.76247
0.9556349,14.687421,14.398226,-2.8938205,14.08585,-65.61009,-26.708532,34.187977,6.860564,-57.33147
-36.51969,7.8987637,7.234677,15.0700865,20.904652,-42.93849,61.24392,-24.610556,-19.219326,-37.966114
33.33783,21.026072,23.66035,11.165892,41.168648,-43.456333,-44.032578,18.056,-19.258606,-94.97414
47.172974,-12.485243,-109.68742,-83.07415,-38.33946,8.515936,-7.1222863,-8.37766,-15.241957,23.757507
-37.862164,12.613358,-58.03216,-21.253325,8.762841,31.402367,52.821213,16.981783,63.97479,-61.99824
-47.56131,-34.76901,17.538889,5.6398935,45.571854,-60.78368,27.149286,-35.15104,-20.362705,-25.94552
-20.472534,-46.016785,7.102225,-38.51484,27.107151,-22.086784,21.409954,3.0456643,53.40378,23.302994
25.262987,1.3316786,-57.49686,-39.169136,-44.661186,29.626041,-3.7730527,13.94975,-22.93425,38.821716
23.880291,-18.864319,-50.245224,-25.150663,-14.340616,0.9665334,8.815108,-20.09876,-18.170713,61.06724
-42.794285,-10.484684,-28.248295,-45.134354,19.22719,43.193836,25.112616,15.527263,54.89633,-91.773285
-31.222536,-25.220186,-45.85108,-86.31797,-12.749952,-16.038092,-26.17801,0.48768693,-16.4448,29.064964
-9.546395,-53.154556,34.53651,-58.38918,61.147144,-6.563202,59.917023,-27.67801,35.236057,18.621351
15.912241,-16.460192,44.137722,1.0655332,0.35749793,1.9908032,-53.403492,14.262079,-36.520844,-63.749855
15.492166,41.55185,36.352818,-45.45132,24.321377,-26.752567,-19.568474,35.830864,-34.820847,-89.325035
-12.688881,-33.913204,-23.503672,-66.14302,-5.8352613,-11.428449,-28.192368,-10.509187,-71.05383,14.694605
-18.580189,-20.31231,8.410423,-28.176033,32.754074,-50.41121,41.272556,-33.47998,-72.918236,-34.14157
-34.42421,-50.390842,2.7402961,-26.441755,74.384056,-4.491993,37.590454,-19.556976,56.771595,6.804048
-17.299925,-6.5644307,-28.50543,-61.789284,-40.579803,-24.136187,-11.810295,28.557955,-18.53176,30.511532
-15.792354,-64.445404,-6.788747,-42.26622,49.131718,6.1549807,61.781273,-12.112487,34.29654,30.945326
-48.34811,-13.334146,-33.921276,-28.168678,-3.3967602,43.92063,30.816816,0.03278125,36.404484,-53.005974
-11.806603,-57.12596,-2.2194664,-47.741745,35.269672,0.6481383,33.52619,-5.9944506,62.157436,29.77388
-31.749474,-17.6925,-49.23148,-48.528706,-24.263988,26.354267,9.3221445,-21.702694,-45.832047,29.23846
-29.100681,-13.396543,-37.30467,-17.380066,46.619804,39.13491,42.202858,-37.107365,39.104645,-20.197046
36.34156,-6.2682977,39.643177,5.939664,-9.045548,-43.61654,-25.020725,10.465895,19.576769,-52.798935
1.4637189,-34.784805,-31.66983,-6.075009,26.28113,7.558978,65.52287,-48.523293,68.48288,47.770317
-35.813885,3.0484865,-24.258202,-19.323574,9.14453,20.05218,53.902287,-8.008476,10.693945,-51.378494
-22.150433,-54.062336,-7.7733154,-11.074621,17.415562,-7.6444936,60.002655,-46.38093,21.84884,0.6121335
5.2069454,9.113366,17.099142,-16.199036,13.934491,-40.393166,-20.063822,-24.632069,-17.081476,-54.33771
-6.1823344,-40.674274,-7.429247,-17.118618,-39.975132,-17.350447,-33.343445,-47.43677,-14.72279,10.321135
-36.94052,14.709273,-46.49541,-34.237823,-11.217562,53.347836,31.749947,1.020829,36.949493,-50.90606
32.054543,-39.460968,2.4731522,-14.01482,44.554237,3.3441284,3.4026923,5.9686537,81.62321,26.301983
-19.595453,-77.48897,-11.786487,-9.23412,37.13021,20.751741,31.682188,-33.460403,81.8241,5.2179065
-7.5698824,-32.678978,-8.693951,5.8132915,19.493975,-73.35377,56.479237,-23.383886,-25.276592,-38.151497
28.00223,27.41384,-60.30142,-77.69626,-4.0661964,41.452404,49.38288,-36.285015,-65.17692,41.635468
-29.501532,34.01724,-37.827545,-13.465803,7.4370394,49.227818,34.67272,-11.916101,23.880203,-23.78102
-22.659678,8.10948,-19.744387,-17.114265,3.6034625,48.839275,54.36588,0.5615622,34.981773,-39.358757
0.45083725,-28.012417,7.677835,-16.215752,-5.913544,56.298077,51.547935,-12.270754,32.003395,-37.829018
-1.3802146,19.089314,0.13729262,12.762282,17.469782,-68.66798,-47.65137,23.144543,-4.2111254,-38.312
38.532654,-43.368435,-22.370327,-26.952957,-32.274563,47.3621,34.911926,-2.4706967,-57.35743,60.746994
8.631844,44.246914,8.367951,6.1205416,6.5114527,-5.4506745,-6.1285396,13.129441,5.6661563,-71.4234
7.2410436,11.892031,17.524076,-9.039492,2.2828174,-41.553673,-35.271103,-52.497993,-22.58256,-61.838737
-38.26193,-55.613564,10.379409,-2.0372462,20.622908,-46.11357,51.35544,-36.31199,-29.229296,-43.071186
-10.812069,-56.14812,-1.2206957,-35.014126,-9.740054,-13.678168,28.683989,-59.927814,-4.1843734,40.149998
-20.501266,-4.970949,-65.2934,-70.18299,-0.53155,-19.06368,2.16418,-30.416481,-31.5237,27.528288
23.877289,-9.940799,62.858498,12.505362,1.1589226,-63.59811,-8.753595,1.1941359,11.652604,-70.00551
-17.45973,-30.216301,3.868981,-2.3062415,-1.3887721,-60.417286,65.077194,-20.88161,-51.03382,-18.098621
-31.333889,13.738236,-22.891226,-20.342396,5.231598,32.79488,43.122547,-18.21748,10.630115,-54.528976
21.293749,9.641217,-92.91706,-60.20342,-31.731462,43.304375,37.89225,21.236797,-88.338394,24.860476
16.649635,16.142992,18.755032,27.690218,-6.857679,-37.814667,-44.588802,22.087425,-3.5754752,-34.11355
-17.698156,-63.696182,10.310884,-0.42134115,42.752438,2.6435704,59.188232,-44.443672,79.85573,24.854126
-26.806229,-43.720325,2.0749123,18.934072,16.521385,-23.393766,43.53604,-26.606277,-30.696087,-39.558002
-33.317764,-57.633377,-33.128605,-66.24844,-18.90731,-20.209837,-29.228945,-8.7271,-1.4712337,22.232862
24.967747,9.483852,-76.36764,-95.51,1.0392603,14.61784,77.76926,3.071628,-47.805466,37.936016
-37.7597,-22.090813,-22.3398,-20.7473,3.0022023,-10.054458,22.384377,-26.87977,91.87626,7.8541427
-22.49994,-17.708403,29.442484,7.3069572,20.254656,-59.529907,60.639175,-35.857998,-78.51413,5.414406
-48.27414,-11.696096,-19.317303,-39.74828,-19.611876,1.4814148,24.734756,30.621809,29.000666,-64.31584
-37.719612,-38.291225,-44.43419,-70.59865,-24.495173,18.708677,-36.37766,-6.9797883,-23.763138,25.276293
-5.3003883,-33.677486,9.893585,-1.7819519,17.37285,-88.36493,45.281906,-41.13679,-30.73344,-15.074721
23.784876,-16.55489,-29.330616,-22.618366,-25.45894,-47.053654,2.3978043,-5.265022,-66.43887,55.51048
-0.20727639,-64.85135,-32.853325,3.4435065,-18.287912,-62.91057,74.48001,-21.897816,11.680308,-47.1154
-27.028284,-65.59506,11.5870075,-52.03851,51.676006,-0.5224241,26.899834,-42.204647,72.699814,15.4837055
-36.211994,-26.711693,-6.827744,-20.890207,17.193272,35.20836,25.762516,18.559929,11.786184,-78.41494
-22.56437,-73.6343,-21.202797,-11.963673,46.011543,2.2390087,57.20392,-1.3131534,63.288914,6.8475976
-19.648138,-7.681926,-20.83812,-56.078907,27.338888,25.611414,27.118406,-36.034542,87.52792,16.24418
-18.03807,-29.116781,-24.469093,-40.554077,21.592905,-6.2234964,46.509544,-6.329768,14.231529,3.3537993
12.928195,17.228346,21.353392,-30.63955,32.491673,-37.975067,-44.809113,48.65216,-18.001154,-90.33435
-3.113944,28.258087,-14.9115095,-14.936294,-8.501909,-72.4529,-28.681019,21.513586,-6.776028,-82.39502
19.015303,30.21716,12.168128,17.438122,23.986849,-45.781696,-53.398895,19.727587,-27.851244,-75.586395
-36.07926,6.9542418,-36.741894,-37.960922,16.099577,57.74416,43.890846,-7.7997575,27.042837,-67.04019
-25.089523,-25.89277,15.139513,-9.040089,28.972609,-42.480427,27.439255,-31.9766,-50.942787,-25.31091
-3.967495,9.812261,30.795074,-20.344536,-24.800432,-19.174873,19.384562,8.539145,11.623538,-78.48947
-46.08736,-7.5140924,-20.59448,-2.6104565,-8.43646,-28.456528,61.560276,-4.825226,-31.817173,-31.399897
12.6799755,-62.33966,-23.069838,-33.080658,40.229824,-4.965391,39.02079,-25.522203,78.97502,15.145384
23.030718,14.260643,49.905132,-31.704388,6.9814587,-30.185677,-44.882767,0.124649696,-37.602646,-56.32096
26.270313,-57.334183,2.1223104,-54.8982,-45.771393,-6.3251343,14.3544035,-21.974745,-12.793626,59.37758
-40.988426,55.37139,-53.97028,-35.97242,-13.2732115,56.583252,24.88859,-4.517252,56.555813,-21.923435
-42.776524,-1.4067254,32.20325,18.877562,-29.575312,-57.590763,-27.312693,39.474846,-3.9780452,-94.11478
23.742321,23.140802,9.910819,16.246416,18.054895,-24.23402,-32.579453,9.072785,0.6991318,-87.77262
-21.098785,-58.49778,-17.759497,-32.795506,38.007668,-15.001964,54.24011,6.0056977,56.96916,1.2541096
-25.95565,-59.17415,-13.378617,-34.965286,64.615555,-9.334126,28.937641,-18.777538,74.00128,8.743921
24.22792,-3.022875,31.11251,34.415283,0.69275653,-67.120255,-34.248154,22.668785,8.558506,-44.32314
11.372527,-43.36035,-23.561691,-61.809757,-70.61806,7.8763638,2.9405386,-40.868484,-22.656475,60.538193
-35.690903,-4.011662,-56.226116,-28.957653,21.867828,-56.76348,-11.996252,6.6865025,-52.999363,35.33046
-42.104553,-46.216,-13.582724,-36.262325,-27.817432,-54.72965,-19.38653,43.363346,-11.462687,33.186523
-0.38309395,31.247488,20.365175,-13.38378,-19.729029,-27.749027,0.7822131,-14.46807,-31.610575,-31.28421
-57.679874,3.4922931,-37.11971,-3.4637961,9.005973,52.44389,28.550634,-18.008568,49.667297,-35.97918
-2.8612413,-13.028422,-45.671486,-45.074615,7.930931,8.4005,-1.3239579,-38.58084,-69.76755,29.39957
-21.174767,-29.878916,-81.616844,-60.856518,-11.159758,-22.34011,11.1402855,46.761448,-37.402077,19.613823
-6.959509,-67.29584,21.822567,-33.514194,40.76971,-28.059364,45.531677,-16.66312,50.51079,4.7973638
-7.0504303,-44.731297,-20.047491,-25.292816,28.292952,16.810287,55.63847,-54.083794,80.088745,23.559298
-16.789593,28.544426,-68.62831,-23.773273,-19.286633,63.824535,35.655697,-23.108547,43.828148,-34.62743
-50.920048,-43.85929,2.4967723,-14.997664,-13.007662,-78.486824,41.738186,2.1761968,-54.73961,-15.554752
7.9143577,4.0551667,11.201685,0.41782272,-0.4304257,-31.676273,-6.5475035,-6.521754,-23.78998,-66.63038
-32.914433,-38.32865,-19.584663,-20.512377,35.204865,18.527948,55.222557,-6.569031,39.232784,-30.679037
-16.681293,-41.191505,-36.282455,-47.9578,21.828865,-10.45788,20.229916,-19.152164,48.43322,23.1865
-40.88097,6.9931474,-21.95728,-56.311794,34.658604,18.209446,57.3838,12.610164,46.577595,7.534551
-32.102604,-17.312092,-19.234,-49.252186,30.645311,23.709568,24.329933,-18.614815,64.41617,-13.651167
26.614592,9.080875,-34.988026,-102.29213,-22.477118,-3.6391387,-3.7357552,-37.29477,-62.03606,-6.3032265
-22.607748,2.1393569,-11.627576,-11.403567,43.16116,53.761765,30.331253,-11.589329,48.074207,-36.810696
15.045468,2.2430906,36.85016,27.39744,-16.196999,-54.888683,-34.16459,27.950754,11.224851,-57.549175
-5.2686324,-84.77008,-1.633334,-11.895474,25.978918,-8.25292,43.524902,-14.159048,77.2411,-22.451796
-39.608074,-63.965805,5.0241466,-22.465214,54.550106,-0.921762,17.57678,-33.986492,67.27688,1.5864935
-55.224308,17.55265,-49.0601,-11.560136,2.2825794,67.47991,27.286432,4.165365,43.78731,-35.887928
-8.745805,-10.19784,2.7551608,11.32992,41.78127,-40.401978,49.81345,-72.54954,-47.681454,-46.985447
-3.0778077,-5.087044,13.896216,-12.836873,14.929485,-21.174864,54.366444,-62.318012,-44.28244,-21.421558
-3.8893342,26.116943,-21.466871,0.8871579,-8.998463,-56.488182,-39.307632,-13.206318,-27.564896,-24.941711
5.945473,1.692574,22.469389,4.6008415,2.8775268,-30.46042,-3.507824,-18.958416,-24.338827,-76.66989
-10.366822,-2.8295286,10.414085,-15.623541,19.418758,-63.884224,-61.0667,2.9154086,-16.601984,-78.879036
-44.054375,2.006013,-49.71258,-28.730743,11.330909,48.64879,34.807213,-38.437298,76.08764,-9.916697
-40.075325,-55.79453,-44.272697,-57.495293,-32.19261,28.397232,-33.48848,-11.234319,-20.255108,41.28271
-12.760761,-70.62088,15.702635,-32.309692,35.331352,2.5172548,38.552467,-64.38596,49.499496,-2.9801593
2.3548725,35.22809,21.952967,12.312946,12.158254,-33.78603,-12.9155035,24.57472,-10.050169,-81.29513
-20.790203,-22.451395,-46.11299,4.931656,-29.489916,-24.142954,40.214222,-32.320713,-24.075157,-0.9612334
-44.994843,-22.548223,-67.290215,-39.68836,0.27288282,-6.5659156,-18.158588,-6.957876,-49.18335,31.72262
-6.8369074,21.575659,50.076714,2.9471056,-13.831238,-58.62139,-33.378525,4.885695,2.6028202,-61.5223
-38.545116,3.4298904,-37.484158,-18.844955,-9.96954,47.67296,36.875755,-10.376453,39.327374,-28.47752
-35.043533,-3.2282765,14.873956,27.457458,37.99705,-29.271929,58.29895,-54.721794,-41.448555,-57.35159
-14.962376,-13.159552,2.4945154,12.45211,8.520601,10.071348,9.580686,-32.854607,14.622665,-59.32537
-28.655943,-30.023415,21.534168,1.8551993,48.825893,-61.905796,54.000904,-32.219402,-21.892895,-18.396395
-41.46303,-0.6825271,-18.40604,-50.116356,0.6433245,19.580051,29.982193,-15.116662,54.339138,-11.526036
59.03837,-3.2163775,19.793653,-15.765602,39.040134,-24.548244,-32.70323,9.146573,-23.34575,-72.03559
-15.227619,25.367594,-5.9748597,-22.319696,-2.053843,48.915222,25.866732,-5.1738005,33.102924,-37.793865
36.2965,25.896479,-9.480219,-9.751918,-21.10835,-43.354755,-32.45683,32.86187,-24.709963,-46.3205
-24.172009,-13.750586,1.3384709,-46.239178,47.795902,50.574192,52.134468,-16.224693,44.676064,-87.54571
-25.918743,11.242934,-64.97277,-53.340084,11.017717,23.717941,17.405066,-11.254145,-2.7714415,-10.013402
-23.637655,-46.423615,-10.081202,3.3760602,13.372392,-67.572754,51.158768,-14.376272,-14.823344,-41.92064
-29.026737,-18.238277,-15.992665,-44.666824,16.867905,-5.4519897,32.815243,16.241037,8.088387,-1.1684602
3.3113775,-59.84615,9.578909,-44.959534,46.530174,-14.129476,63.548264,-38.661118,68.673035,16.36668
-25.523455,-18.546501,7.744413,-19.079771,20.004217,-81.80495,47.10463,-4.5984764,-12.425786,-15.353902
-23.833971,-35.353622,-58.538315,-59.362885,-39.55247,53.920193,-7.1230288,-14.712466,-20.949121,42.351753
-10.392464,45.0217,-59.302025,-67.875595,-3.3920064,36.817642,35.935356,6.6114564,28.53157,-17.173088
-33.776978,-42.17679,-18.225857,-24.930624,-5.9794054,23.599567,50.093185,-4.700788,23.992994,-32.010002
36.26548,-60.8472,-50.9889,-31.539232,-3.8937297,31.164177,11.036803,-49.35883,-59.940357,42.404648
23.099522,4.3753457,3.4255066,-18.54217,19.88706,-49.492786,-33.793716,43.072212,-10.244142,-90.23105
13.502632,13.070806,36.198696,3.3842638,2.3365304,16.754976,-28.479033,-24.565035,8.651681,-81.9184
42.06401,17.139606,3.72126,-16.520025,-7.1635227,-25.245296,-44.58886,33.476715,-22.935457,-36.250175
-43.423485,-17.800604,5.651496,31.026432,-0.5819704,-39.187298,60.68141,-32.041782,-20.534714,-11.33896
6.6355824,10.151535,-55.901848,-100.39746,-18.314526,-2.9718256,2.5531082,-13.055209,-43.634075,0.059116602
-18.664228,-52.832607,-8.279455,-24.943237,-5.593204,-62.847916,38.427948,-5.7297163,-92.857895,16.536997
-62.49869,-50.90118,24.595816,0.817353,-29.016296,-44.849197,49.21176,-32.572678,-34.68013,-15.715432
-7.272701,-36.513176,-12.700805,-0.96167713,-15.6234865,-33.02933,48.953476,-25.194914,-33.416405,-17.56717
-18.20692,-49.408535,-43.97084,-58.54302,-6.124271,18.15862,-0.5554377,-13.600644,-30.799356,7.852384
20.05942,34.33272,-5.8147154,-17.737555,-29.193857,-65.816475,-29.6365,3.1516376,-4.020605,-37.61135
-14.637183,25.048115,55.820835,10.345324,10.840695,-74.3606,-39.22662,-19.974972,-1.1681006,-55.40189
-4.0125475,8.422752,-52.15315,-77.0517,-24.251234,42.642326,28.358086,-19.118982,-47.49836,12.692589
-17.284636,-33.402718,6.8672237,-42.87208,20.100082,-22.237667,24.401508,15.099175,33.993526,-0.24264394
29.44421,33.27057,8.017389,7.7230253,11.638183,-55.55193,-52.26749,-22.604193,-27.908411,-89.893715
-11.539975,-26.29382,18.986353,-13.180346,-12.317989,-39.31762,49.753784,-68.48448,-25.715515,-6.9507875
-26.499245,-68.43175,3.9342413,-26.151388,34.639538,-9.425795,49.015938,-8.544587,38.257732,6.608012
-9.663563,-70.151886,8.138325,-22.002218,23.727314,-4.358028,64.65684,-5.624743,56.92101,-1.943026
65.98552,-11.459828,-2.9104214,-11.44986,7.3270893,-7.5774,-51.030937,15.094078,-20.855673,-53.83277
-32.09114,-29.21555,24.862879,-8.390085,41.491814,-36.669758,39.190254,-51.490925,-53.212803,-28.418211
11.452992,6.880299,25.557585,33.161846,-4.212275,-84.59243,-47.356255,13.806,2.1354969,-31.542116
-40.403564,-45.0264,10.157014,15.617885,15.199554,-35.196095,50.681892,-31.139875,-35.167995,-17.892286
11.582876,5.102741,47.73986,-15.7754345,-44.864105,-1.8571374,4.3970685,19.957935,-9.502513,-64.25035
-39.04512,-27.307442,-4.278184,3.4612677,-11.233719,-39.723854,61.937477,-29.818535,-6.669195,-14.161258
-20.771442,-27.07417,-45.363895,-81.180664,16.493246,-23.539347,-3.2921216,-9.789546,-55.010864,-0.36581784
-46.319374,40.690285,-47.765545,-40.099464,-0.42853436,55.16283,9.235416,-33.165882,19.47442,-33.88204
36.074287,5.4576554,1.8566804,13.835434,16.15186,-15.802997,-48.38969,40.72098,-10.853085,-57.574726
-19.861813,-12.653734,-0.51552296,-31.50354,1.4427382,-32.745716,31.320438,-55.37531,-31.03958,4.5711236
-1.840634,-18.527763,-33.721027,-9.948694,-27.815573,-59.950348,36.282883,-2.9239604,-55.98797,-50.815125
20.583984,29.874586,9.682053,15.698735,1.442533,-44.382256,-33.866547,42.442947,-5.5786557,-29.766357
18.994894,9.355536,-7.197505,-27.607725,-17.478937,-25.14985,-58.605556,8.467105,-24.57764,-91.34608
-21.716454,-33.110832,-12.143203,-15.806165,1.1240332,-62.242287,64.91494,-2.9306502,-35.33069,-21.576696
-11.64819,-22.736345,-21.284966,34.10467,-9.779273,-28.15658,62.495766,-31.588335,-66.65393,-10.133797
-18.80892,-30.94515,-2.4229748,-2.3405557,1.882054,-49.71267,49.10601,-24.030743,-41.589714,-21.085638
8.421555,-12.056137,59.936607,7.641341,1.6123577,-37.31507,-9.775626,26.828815,-1.4410598,-84.71195
-32.788433,-30.056505,-21.971905,-0.7251741,-34.427162,-34.733345,-5.152691,-41.193684,-10.105466,-5.666698
10.28918,-59.972794,9.358816,-51.136818,15.100702,-7.4149127,41.897057,-27.133043,75.701675,38.60918
-36.46516,-28.669521,-36.231956,-55.24488,-15.712796,14.151459,0.13391256,2.0066738,-65.682945,54.98977
6.000109,-17.353188,-45.30689,-57.77804,1.8699796,32.67897,23.51478,14.404888,70.82127,-68.039
19.631748,13.505784,2.8973477,-24.439789,10.000124,-40.60825,-39.32268,2.179471,-7.199069,-89.98602
-50.3112,29.593758,-25.263447,-14.793079,-18.222351,72.47505,38.419666,-14.565566,67.51494,-22.97793
-26.866562,-35.088142,24.457195,7.0737114,1.5808835,-66.846504,64.70172,-23.416492,-11.7503395,-0.5141549
-41.946163,-31.865166,1.6852663,-53.52111,2.5195153,-42.870125,12.871546,-13.954881,-55.62505,22.4652
-22.905157,-86.373436,-9.873348,-21.208967,20.353716,6.222191,63.591476,-7.4366417,81.33561,27.01608
-14.728081,3.5977051,-4.236608,8.935563,11.694898,-73.71243,-55.083626,33.911808,7.198301,-63.351368
-1.9528278,12.109007,1.6687565,22.316263,-41.33081,-41.200752,-33.762962,13.850612,-1.9663348,-34.80266
-41.815464,5.921273,-0.6143907,-1.4078076,11.833768,5.408929,52.432957,-47.197933,-19.524637,-41.164265
-9.924696,-38.7284,-9.286234,-7.426604,-24.581125,-56.72817,62.52375,-6.8948917,-68.52697,-24.086475
-16.869762,-40.849598,-24.375135,19.4236,22.101856,-47.954773,37.722313,-17.228354,-16.899124,-41.541836
-16.680513,-25.933979,7.740051,-32.394802,4.3128924,-42.320107,23.75995,-49.76359,-42.44323,5.3790708
9.040627,0.3300626,19.30202,0.15788245,27.48976,-53.47719,-45.437923,33.76772,-0.8059712,-61.810284
42.142227,21.343897,-6.5475235,-5.7311587,15.035265,-43.06877,-41.415142,5.7195363,-9.092701,-92.830826
2.8536453,-45.622936,13.911922,-20.209835,54.376713,16.17052,38.13325,-49.610573,58.462547,8.376139
35.060043,17.675379,4.4074144,35.5801,1.7294635,-24.148697,-29.4134,24.339338,6.109513,-38.888153
31.48097,-17.746609,50.803207,-18.167562,14.290581,-9.467443,-12.441649,12.407205,50.923313,-19.75278
-4.318498,-62.111393,-32.225105,-15.139304,37.07129,8.069024,43.87625,-18.201996,108.83337,35.106976
-48.442272,16.25421,-16.4839,-61.920452,-32.29789,46.33059,62.774235,6.1435633,42.905804,-44.741257
-44.547943,14.523429,-40.760105,-18.804884,-0.18626322,48.692707,51.113453,0.16592702,84.70384,-21.852604
32.449265,-37.82588,-19.124828,-5.7425394,31.053879,9.507533,64.45596,-59.296864,60.04091,35.695538
12.086489,7.767112,44.40418,-47.825016,-2.3679965,-17.796265,-54.04642,28.97688,-15.285732,-57.350872
32.182587,-14.313533,13.81037,6.317503,21.060926,-9.463201,-43.660103,33.2814,-16.48574,-65.5786
-6.4447036,-62.959297,-23.296347,-6.8488708,28.485676,-50.36601,62.7405,20.453022,5.5971,18.150343
-20.403595,-5.8979073,-1.8667552,-56.281204,7.7494707,19.149536,29.705917,-22.220863,33.731243,-1.9088737
-24.517578,8.273241,-49.464306,-31.878555,13.249139,29.260761,55.426697,-30.563227,59.23818,-39.53326
-14.949882,-92.51311,16.58272,-42.457542,40.288795,6.3095675,27.037113,-83.22056,90.854416,-1.9991639
-10.099061,-58.750343,-19.473227,-9.236308,75.2583,7.4127913,36.5784,-29.239353,73.14588,5.488752
-32.85563,-24.77508,11.4126215,1.2675955,29.79462,-54.143867,54.18708,-36.769337,-19.190378,-19.146465
7.708214,-60.923744,-15.355099,-32.661972,11.202481,-23.213177,22.261477,-4.8852777,-14.711507,61.730076
44.885857,23.92478,-6.0679913,-6.008773,-16.011784,-29.397274,-53.551773,6.3910174,-28.449926,-27.515469
-56.018044,-6.290866,-22.55551,-26.229979,6.6184235,29.653746,27.895815,11.83924,42.867207,-54.399128
-30.48839,-40.062344,-13.860683,1.5764606,-12.088488,-55.602776,55.448635,-39.062458,-20.537313,-39.289703
-42.77014,-29.825424,-42.610233,-85.28603,-7.851373,-9.6927185,-18.423027,-3.641339,-45.695736,-27.80209
-8.913175,-14.8722515,-30.148659,-26.041977,7.369319,-10.093129,1.694783,-45.880394,124.16417,16.901213
33.102272,2.2434828,34.962807,14.091976,32.90354,-21.403687,-25.428911,0.9793392,-10.18911,-95.37027
-4.8792157,-22.814383,10.754811,-15.609044,27.008541,-57.880466,46.657738,-52.19115,-46.294304,-5.1664295
11.824909,32.076416,22.86723,16.7271,1.7013481,-43.5644,-54.04846,8.909162,-43.73095,-63.585106
-58.029846,-54.25675,9.970043,-5.147547,76.089615,-13.0639305,30.346748,7.9460697,63.657543,9.668354
26.81935,-10.858195,48.749397,14.735303,33.04417,1.3584757,-13.118578,5.8085675,-3.52428,-85.10712
-20.844728,-21.268787,-71.25038,-47.872192,-4.287554,-8.079851,-7.926381,-34.115364,-42.320747,24.804852
-24.781916,-40.113125,-15.85216,-4.3461576,5.3832293,-64.71452,67.91033,-25.657433,-18.25526,-38.09632
-27.67539,-35.278255,9.936519,-0.86868876,-2.6140633,-44.386295,60.581276,-59.997326,-10.218837,-38.356995
0.17026144,-31.009333,0.455023,12.720662,7.7798357,-70.14608,57.309265,-27.097544,-2.6290064,1.1200995
-24.422243,-53.89318,2.5671885,-3.4064555,32.86069,-46.783134,58.36714,-26.360594,-3.3868966,-34.429626
-26.271027,-15.289435,-53.26331,-0.4443537,-12.960131,69.27453,32.357983,-16.41756,49.293297,-35.83733
-13.098472,-75.324165,20.122375,-27.379745,71.47864,-17.087734,45.699467,-33.624817,56.987244,18.46362
-31.40966,18.036278,-66.91623,-43.59113,-12.443398,40.598248,20.949936,-3.3765254,-45.80434,39.404827
6.6957135,-13.749276,-12.396315,-65.13094,16.492582,61.58786,-3.8265219,-9.991043,68.147514,-42.156265
-28.055544,-87.50064,-11.53127,-18.29374,18.11704,14.239161,70.48721,-61.052677,44.793472,16.087917
22.862581,-6.170326,-59.19291,-32.904816,-25.074074,16.778454,15.128698,2.0521636,-30.931211,39.295807
-8.266558,25.449366,33.067715,11.106028,0.88391185,-37.43069,4.3075075,25.99741,-8.749885,-69.846245
-38.31462,-57.017582,12.92828,-22.513454,20.17349,-49.94482,38.881367,-25.900326,-39.43349,-10.126583
32.70024,-26.747307,6.344607,-51.38434,20.85279,2.7832525,52.390903,-36.219048,7.5411897,59.93413
-7.6654086,6.6649237,21.329798,0.9622009,23.484198,-23.525337,8.677088,19.104425,11.623625,-88.70694
22.810148,10.879894,19.835972,3.4794652,-4.925745,-56.782738,-29.129692,-17.497816,6.9836507,-66.323235
-15.391429,-63.22838,-7.1589003,1.4360712,34.56357,4.082527,37.381233,-46.35959,26.02456,33.14698
-26.304264,-39.14465,-22.216879,-29.59157,7.05303,1.4209964,18.07556,-3.5329494,-21.277792,46.50404
-2.8910582,-70.604546,-3.9614599,-21.079185,7.7971764,-5.80477,41.643646,-47.380295,79.192825,-20.543068
5.289178,-53.843456,18.367363,-23.604458,37.039074,-11.358772,45.22261,-52.884144,54.07764,5.4938254
67.302155,23.324871,2.1755276,-34.3867,-5.2773027,-14.755456,-54.077507,-18.338947,-30.556335,-77.8017
-42.33954,-67.99304,-29.257774,-21.610138,22.685751,-38.119434,31.33484,-21.10673,42.299732,4.2859225
36.917908,30.393198,-69.34801,-81.00385,-27.70566,19.873184,58.971542,-16.032158,-69.04887,43.331894
43.735695,16.409134,52.140934,-10.160346,8.561133,15.246432,-21.123514,11.796312,-4.114868,-73.55432
-31.80085,-20.950474,-14.906335,-54.558487,-24.87245,-1.0960208,18.196787,-26.916147,-40.92113,34.912983
8.219448,-29.458471,-35.612152,-12.070691,35.975883,1.6764488,53.02651,-44.97694,62.017498,34.492783
-2.0962386,5.114157,39.383778,24.847475,7.367772,-83.08366,-32.260612,-0.004393332,13.123843,-39.78524
-12.345257,-41.772144,-60.960777,-56.81658,-6.2629037,26.783955,-16.39998,-21.57105,-15.028196,27.188044
-31.858952,-36.31998,-7.1657066,-16.246998,25.93667,-42.457253,27.116583,-47.237247,-8.871927,-16.827036
-43.741676,-58.78013,-27.74561,-16.162954,-30.255646,35.908997,-43.393257,-8.89246,-18.123938,23.335459
-47.96884,-32.994873,0.3545922,13.210719,-27.744936,-21.36989,53.527245,-44.251938,-8.786238,-29.015242
-30.699528,-6.0131316,-34.528168,-9.172539,13.367278,53.467133,47.429928,7.0906796,39.30427,-47.71452
-8.548293,22.617208,-61.173218,-94.57432,-0.89337516,18.128218,14.676173,-10.330868,-81.49447,5.01002
-16.395647,-71.04617,26.39387,-35.061302,54.164185,16.673496,68.16461,-42.63592,44.813976,27.856398
29.24391,-23.962305,-61.507156,-54.77778,-28.011463,4.9548874,-3.469755,-14.609932,-46.609688,18.824568
-36.230656,31.874533,-44.025383,-45.90087,25.996632,46.076225,41.4457,40.43793,55.036957,-72.073654
2.5273194,-10.159411,-55.61526,-38.83611,11.134176,-2.1376476,12.7904215,-22.541716,-22.177433,6.8639426
0.9221953,-65.092575,-4.036931,-27.695778,48.710155,-23.309233,49.882088,-13.318095,79.036194,26.867197
-6.391956,-39.90906,-10.343532,6.766197,-21.49051,-62.090183,56.287262,-21.606365,-12.330037,-31.76896
-19.016317,48.589527,-51.71189,-3.6021993,-0.10705758,35.097187,13.196535,-17.163885,44.997097,-33.899387
-22.017601,-63.416954,-9.449289,6.1545944,0.23684204,-36.80068,41.11784,-20.498549,-18.142447,-44.12446
-20.53039,2.4104025,-69.42284,-47.294212,15.377983,-0.8912929,-11.731958,-14.971818,-86.904015,47.00293
-21.782328,-12.729126,-35.934147,-40.263664,-1.213229,13.026051,0.62955856,36.170246,-43.571117,18.882463
-15.855585,-45.66204,1.4303565,-37.82069,21.526733,-3.5623775,45.204693,-20.616907,7.5295143,52.87894
-21.684488,21.426537,-58.999077,-28.633553,25.098577,27.7382,26.705162,0.5014412,22.062933,-45.35178
9.688365,-53.529736,8.110403,-33.869225,26.00616,21.930168,53.771694,-35.103924,85.37742,45.054863
-11.806302,24.977304,20.331524,-6.433469,-18.354475,-41.60838,18.555128,-24.901566,-32.84425,-31.631622
-0.05715688,-21.581142,-52.450233,-55.768513,19.072508,-14.603476,-2.0425076,-19.101051,-45.23617,23.899946
-13.935465,-6.878489,-23.544935,-17.604519,58.753895,39.97068,37.768536,28.116962,35.27276,-38.1805
-19.594164,-11.147833,32.369236,-18.605646,10.165514,-25.429928,23.068615,-68.39462,-59.166,-52.560623
23.41154,23.72849,3.9841404,-12.440322,26.788368,-44.59938,-35.710148,39.537205,-38.736046,-86.534134
-16.16572,-48.921505,3.8737435,-21.51024,8.7832,-58.347668,38.685516,-46.744053,-22.79587,-19.710632
-5.871509,-27.769705,-20.314882,9.233844,32.324722,-40.32024,50.47055,-42.29536,-36.561546,-50.998432
-20.281645,-63.993626,-7.893968,-34.04764,39.334827,0.053576946,51.983635,-38.41923,66.81496,22.637915
-32.214718,20.83364,-38.237015,-36.46127,1.715132,69.16811,46.449852,-12.740803,17.168482,-25.414562
13.002937,41.230484,16.2934,-3.0800307,42.465103,-77.31266,-16.307503,24.880716,-31.77295,-73.416534
-42.170773,-46.40105,3.739922,-11.181263,1.8605947,-78.36489,38.17882,0.18999898,-19.405504,-8.775683
-3.7925458,-51.83764,3.967752,-25.281517,47.094807,3.8102663,46.702343,-47.292892,62.88395,14.320879
-28.970608,21.923935,-35.993176,-15.112799,-17.442562,75.24401,42.11781,-28.72511,44.012287,-34.98373
-61.683186,-12.018735,-50.640575,-11.927381,-26.978552,14.276448,7.935607,-30.435549,12.229824,-10.887723
1.4154131,-71.29078,-30.0365,-68.96942,52.676777,-1.3461547,0.8786373,-7.2904716,77.682526,18.020128
-11.636199,55.971004,-47.804325,-34.53607,-16.049984,50.861076,51.850533,-19.273973,59.21096,-36.45388
-8.993791,-66.525,-17.106281,-18.645155,28.175493,20.902172,83.09597,-31.595556,73.23976,54.151154
-32.70136,-25.121683,10.908726,-13.744315,-0.81796634,-9.831693,39.328125,-4.1364255,-70.28067,55.67946
-18.288034,-17.563278,-19.550398,-73.01195,3.7116601,38.771454,-21.699701,-5.691004,-63.219387,32.89432
-43.124077,23.247185,-41.44005,-23.42896,13.716724,43.89065,63.800243,3.927948,33.15392,-7.885935
26.515263,44.308304,17.670742,27.939613,14.381612,-5.806117,-25.932655,10.123315,-6.9554386,-68.60211
-21.443638,-15.470673,-39.62429,-39.387455,-21.07146,20.044022,30.83574,-3.5966682,47.913143,-72.18592
48.753075,-26.480211,-58.23126,-64.08356,-31.155157,8.200709,30.95494,-22.015131,-66.557175,17.320892
-1.2345848,-51.23258,-26.14769,-2.2686906,21.16659,-6.2287164,38.94052,-30.509407,72.22777,26.991385
-8.1075735,-38.329086,-1.1756831,-30.837297,28.014889,-1.5996726,51.089,-30.62961,13.830883,46.088234
-21.502312,16.091593,-5.379074,13.978847,17.523928,50.87101,33.872963,-48.744827,30.754642,-39.031822
-41.147835,-12.425714,-30.076933,-9.649905,2.580252,23.16255,52.12965,2.028852,65.19945,-18.263565
-34.693672,-62.442226,-21.819937,-16.905025,18.770155,1.7890222,49.95417,9.737425,59.90517,10.993879
25.615553,16.77724,36.660313,-9.195422,32.948055,-38.985317,-18.767344,28.297972,-18.275705,-74.7565
37.224564,7.629122,20.736565,-15.141932,46.852886,-8.163374,-31.627195,28.443874,-27.938107,-72.10204
7.4177046,0.5141008,-5.9301605,18.071995,-6.941741,-53.185734,-38.1701,17.5161,-12.758312,-56.72849
13.338086,28.28128,23.309698,5.1276493,30.413216,-64.201836,-8.693587,14.290107,-13.346941,-87.48617
-30.950943,-67.60286,-12.273366,-2.3834786,31.160334,-48.252712,43.157017,-14.502999,-34.19414,-43.999542
-44.442425,-1.1362545,-37.773766,-17.36502,1.2482072,43.85607,38.196945,-14.104005,49.249187,-51.240295
-39.669353,-32.64544,2.1274328,-5.996143,51.773582,12.531597,47.994694,-11.893346,63.173687,0.50548434
45.078766,14.843367,12.281543,-17.478973,28.82613,-6.955358,-34.445103,26.590588,-23.85878,-67.64751
-35.337307,-81.240555,-17.44601,3.8730834,56.460938,-16.384493,48.09991,-53.47685,104.92107,11.507032
1.5802765,9.504134,-60.701416,-27.09909,3.963757,77.634834,34.451595,0.61118037,18.491365,-57.341087
-34.161396,-54.020958,18.64145,-27.909071,7.4849443,-38.58545,46.049377,-11.150029,-54.18266,19.443872
-3.7534215,-57.417877,-27.139719,-9.164834,57.99072,-4.824476,33.458385,-28.574457,68.33712,9.800119
-23.717657,-23.847298,13.050019,18.96855,0.6723474,-39.75213,68.224655,-31.553114,10.611843,-28.092798
5.178274,-80.43118,5.523023,-23.794836,52.184696,0.31941962,29.407587,0.90683275,55.8496,0.6197984
-33.857414,-19.927204,-25.09591,-76.591354,-54.388985,14.23961,-16.193687,6.7783337,-28.144186,42.94055
-16.809595,-61.53905,-31.623915,-26.16029,-5.193399,-13.876645,47.960716,-16.301357,83.94914,38.128338
35.884407,21.3859,4.2863107,-9.831722,0.15033925,-41.273697,-46.27335,-12.425358,-7.4598546,-55.8313
-36.36371,-24.71085,-10.497031,-16.476036,-3.701765,-53.968803,16.830635,20.679068,-76.70418,28.82458
7.79987,-56.203537,0.7573115,-36.06744,39.426113,7.9228945,33.28591,-24.144716,71.557686,51.756622
-0.10848033,7.2414155,19.143856,-1.2941962,-25.42142,-44.68033,7.931902,-5.8261385,-13.22848,-2.8871322
16.130383,-51.2697,13.433477,-16.000738,42.42187,6.4049892,53.120934,-41.627064,51.305893,30.769604
-9.848633,15.913091,-28.705137,-10.624053,9.229523,19.350824,53.82754,-21.032005,-2.2455006,-70.58408
-3.7739964,39.176003,-61.691845,-72.58177,-2.9360425,21.570011,26.572847,5.8258204,7.9574475,6.4121675
-44.270527,-22.542461,-29.899261,-7.196258,-1.1475945,78.18424,29.3641,-20.080473,67.01795,-21.307384
-6.101718,-60.219467,-17.842709,-34.38921,43.8302,-2.6295972,31.381695,-15.674282,75.0345,12.984507
-28.644556,32.50412,-35.14156,-24.584885,19.806723,57.015835,57.099377,14.900955,8.372017,-66.885155
-21.161566,-21.988161,-16.806238,-23.381372,28.20813,6.9312553,54.497375,-5.446419,71.77243,-27.102915
9.021692,-82.55222,-2.4808898,-17.649172,28.971472,-10.893066,36.45036,-29.115269,67.035324,9.871897
0.7047944,-76.457436,10.69837,-23.44801,65.94559,12.355546,15.405491,-58.73248,58.288586,18.923172
-9.888018,-9.49,13.234139,16.288628,9.886728,7.6508074,28.24843,-49.16584,6.4332433,-45.105103
7.9318285,43.62662,30.484858,-5.2295446,-5.780414,-50.016594,-28.002413,-0.52079874,2.2275062,-49.708652
2.1137393,-48.441715,-13.506271,-33.37414,33.48638,13.138589,50.283943,-39.162834,77.564445,16.977894
-19.655394,-38.729534,-44.171314,-70.73638,-35.156563,-14.522357,-17.616009,16.445633,-35.751564,27.698122
-56.921535,-9.751579,56.67553,-3.968663,65.29582,-22.90016,80.29798,-43.602737,-21.713308,-23.845943
17.78413,24.728588,33.1488,-14.8720045,9.952558,-22.201473,-41.571674,13.710599,-15.619953,-94.32565
-4.411322,-75.17519,-34.16672,-16.431198,1.0006716,-11.620501,26.048018,-18.680151,29.406506,43.971676
21.9688,16.798857,18.583054,16.64568,33.3281,-37.631104,-50.448116,25.45711,-28.66687,-81.351395
-9.9092,-5.97908,9.976268,-6.815372,6.484331,-62.260464,62.18918,-39.499374,-41.016457,-21.18062
-40.876545,23.271723,-38.787903,-27.249357,3.0556753,49.37474,26.304504,23.689226,64.08076,-51.55802
-13.097779,-19.774044,17.462162,6.8603735,21.824741,-40.02303,11.285284,-17.055462,-13.625644,-36.058502
-32.390415,-49.146408,2.0252888,11.683141,-21.15164,-62.994446,-2.7954597,-18.87343,-44.537483,24.786512
0.74744695,-42.396393,-48.019997,-36.61507,31.315939,14.343596,19.801096,-28.803913,34.169254,-1.6086047
5.261313,-61.00722,8.842849,-38.637974,43.96957,10.399152,57.26898,-46.569176,60.443066,29.490246
6.2148957,33.316628,22.607672,-5.5785522,-10.31023,-18.10737,-45.918568,24.084263,1.7768028,-28.36787
-12.236309,-56.835537,4.829255,11.554826,-7.5335655,-68.92003,35.730488,-44.866474,-60.190296,-15.538797
-13.350755,-29.099314,-23.065453,-25.911777,36.66371,11.325905,30.86842,-38.562828,60.848083,6.1472855
-28.035843,-8.815253,-42.97435,-88.07555,-40.160767,-10.519173,7.025094,8.355635,-34.649582,17.565634
-13.099587,-15.240785,-54.98869,-82.29047,-51.674057,-5.7903275,10.602535,42.035477,-12.718519,45.779133
-46.360138,-5.4886017,-16.764856,-49.105255,24.915737,43.72929,26.334036,10.492084,30.134436,-46.5191
-31.45004,42.820942,-44.2479,-43.406784,4.987811,50.68856,27.188423,-9.623818,34.002083,-49.052467
-12.384475,-25.538193,-17.357798,-39.1461,-23.31646,-46.37378,37.775505,-54.06356,-21.040373,-0.23430689
13.623681,-25.452171,-7.4914165,-37.429165,-25.844112,9.900138,27.056452,-34.528522,-26.753267,76.229706
-8.19066,-17.828169,26.043144,15.0903845,-9.140037,-42.81809,62.239437,-32.116196,-21.074802,-15.105792
-0.640117,18.292986,-45.692127,-41.903072,9.270184,75.3818,33.394356,21.992826,7.0785775,-66.8464
19.139532,-1.9368755,42.582214,18.878277,26.81458,2.6978934,-34.494274,-2.5944533,-9.435363,-83.02493
-42.552605,10.828297,34.584282,4.688463,-30.395918,-59.622093,-18.093712,6.6337585,-24.756617,-109.38018
-20.419018,-50.701603,-6.311259,-12.190185,29.188982,-19.932442,51.378963,-25.301064,79.76062,8.720242
20.492722,40.7624,33.43516,-0.43049794,33.48894,-49.21333,-21.761637,44.0444,-44.91068,-73.50799
23.170958,21.442959,29.126719,22.919672,-21.279224,-52.945553,-43.014854,-19.821882,-8.430477,-34.390755
-12.461935,17.65401,-92.50575,-46.816437,-20.751152,-3.4767041,7.567621,-19.029364,-21.67806,34.40003
44.37436,-7.582043,11.007872,-2.1707714,35.951443,-17.16217,-34.317677,31.198606,-13.171288,-79.00843
-8.907419,-5.3609514,-73.95455,-67.32575,-11.046472,15.573258,18.13823,-13.105039,-44.644936,2.8582516
14.8930235,-29.009033,1.348675,-36.48588,7.599971,-44.88168,-11.466329,10.124938,46.876682,-31.81121
-47.75323,38.579296,-39.64983,-60.366756,-7.0439982,20.366253,51.25945,18.85449,51.611027,-58.898853
15.892014,3.5967758,-18.095167,-82.48044,-17.577173,-25.717518,21.431284,-32.43651,-71.38749,15.445744
-15.302564,-4.172235,0.060688913,-12.918886,0.6686475,59.241913,49.04609,-11.134312,38.20526,-34.840847
-11.064429,-32.86721,11.62768,6.4277506,15.126194,-60.576347,52.213303,-22.399586,-59.664906,0.68434095
-18.947886,-14.37487,2.6977608,-6.691591,-36.294884,-61.14514,-30.764065,11.59632,-2.2353492,-104.3603
-26.149406,-56.50544,14.544932,-4.455739,57.61826,31.234058,54.901646,-58.69359,59.841698,0.7926583
-10.416383,-37.931095,5.5212326,-7.5057287,-2.0341523,-66.4668,66.36945,-26.7624,-31.27932,-40.18434
-51.715088,-16.542732,-28.333189,-19.455748,1.3199399,27.51086,26.373129,2.8661883,50.322887,-60.936234
4.3382406,-2.718049,21.01868,24.494684,-0.4133254,11.383858,2.313861,-32.780678,2.211365,-57.92137
-65.20304,-66.14572,-24.352684,-22.939756,44.55513,5.9910164,39.539913,-34.558434,49.566685,-3.6811132
0.18324775,-13.06881,-65.30088,-34.31374,21.282825,-17.31821,4.070814,-11.461697,-56.08605,42.89202
20.88054,-33.33528,14.491152,-53.371174,26.373796,11.215348,33.0548,-2.8773832,71.428,32.27814
-15.971523,-83.53505,-17.891535,-13.857086,4.519717,14.0335,25.594118,-79.03496,95.87642,-3.489565
-41.783924,-47.38506,-33.626877,-22.820469,5.6779194,-16.51941,73.15368,-21.703934,50.215965,26.000904
-17.817936,21.076235,-27.79308,-24.319546,9.636699,20.077684,52.09043,4.936906,53.10538,-62.525223
1.9524024,8.552278,28.728619,13.845281,-5.2117786,-68.98974,-47.801147,12.848709,3.291913,-22.3384
21.646168,11.650411,32.78513,5.8847227,20.847673,-35.446697,-31.968195,13.139138,-6.8835154,-92.64928
-46.663204,-88.49698,-38.5194,-27.436268,10.324452,-55.843674,27.280828,-19.425072,38.36886,-7.848244
9.69588,38.113033,34.591404,-23.141506,23.246056,-65.145615,-3.9812155,37.036446,-22.227524,-89.860855
5.4378138,16.335522,-0.28596357,-15.70229,-26.155085,-38.06474,-35.264366,-10.317605,-23.997349,-109.936584
0.032933056,-36.536667,-36.296135,-61.706253,-26.585222,-48.977562,-10.512132,-18.519583,-7.1459756,27.924875
46.4198,37.66753,8.724261,-14.763922,-9.012645,-48.37488,-51.723145,-42.267376,-2.862836,-75.72767
-28.940882,10.532647,-27.73799,-18.645,10.885944,54.90296,50.01045,-4.6069946,33.70799,-49.45794
16.65558,-43.40699,-33.784405,-44.01279,-9.434382,-61.737755,8.004903,-53.92947,24.215195,34.00904
5.779469,15.534238,49.062527,-3.1484416,10.645149,-57.79029,-7.289006,37.412224,-10.669203,-80.85265
-51.05803,18.534859,-16.907999,-18.469034,-4.61492,39.517303,39.525414,22.090248,53.81975,-36.919277
-12.784955,-66.773155,10.693506,-52.577194,38.320057,-8.562138,64.41626,-25.893623,60.377197,31.533384
-21.041729,-16.071316,-49.030266,-69.99591,-31.062407,-13.246165,15.624536,25.608633,-44.67033,48.741375
14.34869,4.585019,1.4449773,-13.938924,20.985573,-52.727238,-4.9075084,-18.52452,-16.44222,-42.94633
26.686222,-11.907548,37.79134,32.431507,7.284234,-49.62132,-38.31696,30.649828,6.2502284,-51.65839
-4.1021533,1.3295166,-63.70846,-21.714523,22.243927,-30.212088,30.788654,-19.665583,15.410895,41.900093
-54.260815,-69.20542,19.412838,-39.93493,89.38951,-3.232347,34.05758,-25.43011,46.301342,-1.0222602
-28.018198,-22.911873,8.628596,1.9545877,27.597816,-54.804302,58.740982,-76.14515,-30.912973,-33.11148
-15.81563,-73.23203,-16.33849,-43.182117,-30.128227,1.7462533,39.816654,-21.31423,55.838604,-18.851665
-9.803374,-11.902441,45.999584,-35.73732,-24.913668,-25.376568,-1.9919078,28.290224,-36.318497,-63.148304
-19.52843,-20.820642,15.166923,-11.036499,-10.358274,-62.87049,14.747008,1.5588758,-16.517334,14.710737
-56.739624,-75.264786,24.665218,-55.968567,80.368034,-4.216789,49.42928,-16.91249,26.800627,4.949632
-3.2079623,-40.33986,-40.251667,-30.464659,-1.1900713,-31.1077,-2.5714424,-16.343742,-7.2602315,42.79907
-33.29325,-10.8124,-19.167263,-60.137714,-14.3795185,22.109861,6.362028,-37.960724,-55.93679,20.757051
18.435114,27.228716,15.460003,-11.155885,7.832217,-34.122784,-43.016945,9.276904,-23.169603,-75.396454
-34.443886,10.896021,-36.648647,-25.210129,23.708574,41.125813,42.84928,-16.411152,44.203144,-67.86658
21.02928,-19.678354,-2.4126601,-17.65998,-23.396296,-27.471472,-42.61841,31.265446,-30.207657,-57.65261
-37.065422,32.696247,-38.24789,-46.563934,19.247635,50.94089,25.513744,49.35711,61.267464,-58.846756
-36.522762,-22.206696,-18.666922,-82.46135,-6.4727855,28.749668,0.24663424,1.0092509,-65.95958,35.560795
-52.864174,-22.650585,-6.0961356,5.7167845,7.828993,18.46488,65.58428,-20.209332,6.485253,-11.6536
-7.2228775,-17.961443,-16.207659,-49.441376,14.701884,-9.819247,42.67825,-31.06904,-1.864031,43.22808
7.4493494,3.1127536,0.94537324,-15.614127,19.00705,-51.80374,5.6024046,-45.65656,62.355755,-6.2458863
-19.487268,-37.386875,2.202132,7.38505,-1.2942352,-59.833893,68.009995,-9.350934,-4.836352,-19.499655
10.70347,12.931084,2.1954362,17.240952,14.090901,-25.645327,17.922638,-37.90559,-19.010706,-75.37708
-21.82754,-32.45791,8.705758,18.64508,53.515083,-63.576283,21.175083,-43.65829,-35.108536,-23.115835
-13.631621,-46.877262,-8.962614,-22.82158,1.6401877,-62.952538,65.06393,-12.552572,-47.267788,-40.56299
-37.25902,21.184565,-20.51693,-38.525112,36.089294,39.447044,52.185207,28.102531,47.18887,-57.471127
-37.545517,-46.259956,29.38553,-11.3277025,14.5798235,-39.792393,39.118366,-36.5831,-64.46474,-24.62293
-39.962307,-26.316444,10.0826645,41.801804,26.864199,-39.808823,59.89446,-1.7880626,-61.326023,-13.740454
-44.580166,-10.615768,5.6621675,3.6152804,-19.485806,-49.44131,45.994423,-19.287577,-51.776196,-14.775375
-2.4016263,-27.210592,0.115290165,-4.89413,-8.50804,-64.84055,47.310886,-64.64219,-42.921837,-23.882288
3.0948725,-44.95355,-35.491627,-24.361128,32.515457,17.725073,34.23336,-49.774403,49.278645,21.954283
-46.355244,-42.533165,-12.72611,-29.098732,8.660669,-51.46208,-4.2014437,-4.2348733,-15.133659,13.091974
-16.566147,-11.142385,-45.581085,-46.2489,-44.51779,26.592545,33.136593,-43.93537,-65.712234,50.5812
-4.721605,-40.317966,-37.678608,-7.1134043,-11.891273,-60.71292,70.732506,-56.118668,-40.43986,-55.53032
-17.052856,-63.107777,-29.751719,-13.615218,68.264114,-17.885395,33.169136,-25.501844,63.95776,0.42059803
24.87264,-4.0291142,30.615074,26.031343,51.128826,-28.103184,-34.446045,33.485245,-7.214328,-79.55353
30.988228,36.541515,2.9876838,-19.969118,-23.515326,-32.388237,-49.844753,17.390419,0.6010439,-36.83557
-33.15489,-43.286785,-19.92628,-34.43942,-4.3819866,-18.563694,0.84778976,-35.467434,0.97142965,7.8902097
-41.96671,-12.51815,13.161578,-1.0315696,4.384595,-36.67415,39.642338,-6.9011,-58.452164,31.930395
-31.762938,-15.777825,-59.134033,-53.349865,-14.5653715,26.25847,13.487668,-43.571648,-0.41733727,7.9966855
42.764145,33.93732,-8.028967,-17.177706,-9.856828,-23.56788,-66.53662,-15.802532,-25.077633,-64.14824
-53.376938,-2.2318687,36.891598,-0.66933215,46.3828,-61.39473,15.404768,-33.743668,-24.67298,4.185263
-30.163712,-20.386097,-44.63634,-63.91399,11.937137,10.226688,-21.058754,0.068436556,-53.15608,25.276537
-21.618776,-66.86272,12.7639065,-38.80439,44.413033,-5.86386,55.94503,-25.51265,44.08904,14.476032
-12.164775,-55.422676,-43.90669,-31.47951,-20.063065,22.063555,-4.1118274,6.114731,-28.14885,22.313795
-13.912477,-6.329849,-47.457405,-17.73652,11.82669,74.0913,37.904415,-0.7374886,37.259502,-59.928448
-7.4586034,-5.3547635,21.761618,-4.0960937,-27.18125,-41.266056,19.243284,-29.299496,-44.430206,-13.921749
8.19961,-34.28861,-34.668907,2.3032966,-4.184265,-83.02157,84.33968,-47.54901,-21.323523,-42.94358
-51.100815,5.3522615,-35.48561,-40.971592,21.178526,44.825573,35.296944,-1.7251277,76.13783,-37.210976
-25.557884,-10.745139,27.21122,-7.1707993,-25.47373,-27.548033,10.852828,-0.21418653,-13.01502,-52.916153
-19.459099,-46.047974,-67.38225,-27.537857,21.758926,0.656188,8.50038,0.79135555,44.810493,-28.370975
-36.97149,-31.574368,-13.726396,-61.76418,-34.79574,-8.193928,-26.180122,27.464388,-6.520965,42.360657
-32.042046,30.612518,-45.20116,-51.182724,12.229022,56.628014,48.109695,6.10548,46.607983,-60.98128
-42.237736,-26.751465,-23.977459,-78.33153,-18.598064,-34.236584,-16.383682,23.116482,-37.784866,25.655851
-31.627567,-17.48184,-33.555664,-79.61085,1.7276094,-14.916181,-11.064556,-10.161033,-67.5402,-30.746405
-16.835775,-58.806877,-13.132517,-45.195694,19.157633,18.61106,66.67444,-64.462296,78.07933,26.072252
-18.42034,53.400932,-47.77731,-37.836224,-5.3490252,53.94124,42.808594,-11.984086,63.5023,-28.99998
19.733452,-6.2586756,38.165825,15.521882,44.287483,-16.156485,-6.7609243,7.8638716,-4.8180246,-94.82909
2.6086855,-72.415886,6.9731655,-21.512617,62.882465,-5.041644,26.767935,1.5061913,54.0309,14.378288
18.501076,21.640493,37.305546,11.210043,-9.878922,-46.44545,-20.798712,8.903609,-2.9543462,-77.70815
-15.063228,-46.1198,-27.865107,-49.43275,-9.2120495,-46.966705,32.033936,0.9678758,2.3485625,32.173267
-37.069435,-44.29026,-38.1545,-78.125854,-15.583313,9.089955,-13.448041,28.1734,-66.24011,29.156595
-43.42507,-68.44692,16.053722,-25.755682,19.758055,-8.113026,37.46467,-43.89841,105.77984,37.18189
12.730758,-40.781605,-37.94526,-65.920586,-14.61007,-19.78216,-25.591965,12.798221,-88.86902,19.705393
4.0156217,-75.7024,-15.821405,-6.2820005,11.225571,10.878174,50.5401,-30.09649,18.641537,32.963627
-35.80536,-53.310963,-14.384306,-27.76597,30.779995,13.311138,59.00441,-26.575064,53.102535,37.626022
30.228962,28.67088,23.30711,12.458696,11.142672,14.979884,-18.611004,-27.771507,5.623553,-72.20744
-42.106678,-45.44857,-24.938465,-25.911516,1.9446743,-2.301498,55.08887,-6.5054073,28.56302,17.243494
-50.54724,-39.66678,-13.753982,-44.792244,-49.42776,31.680626,-31.585966,-20.58413,-20.541395,46.54397
-31.27304,-6.5101237,-28.699556,-37.18851,42.414593,40.549725,24.773527,-24.23039,62.36881,-14.607472
-17.775946,2.124768,-31.482618,-25.201044,-0.34194607,16.047548,4.743699,18.347122,73.6696,-67.82747
-6.545734,-38.155922,10.344019,-21.115936,30.281618,-46.99616,59.27074,-24.768044,-54.354458,-20.365273
26.693653,48.495556,9.249072,-11.464995,4.5596466,-28.007607,-33.47988,10.7378,4.389152,-45.295547
24.410427,54.21112,13.546728,-10.354304,11.986397,-36.728813,-32.862946,-3.6563895,3.0876076,-52.940453
-19.258888,12.229977,1.8693476,0.17768478,2.1472087,1.725163,-3.0498598,-25.60554,23.997776,-63.471447
34.49308,4.697474,6.773374,3.7922766,1.1983275,-28.472078,-45.39223,21.489143,-8.204019,-75.64022
23.665834,8.00858,-25.261055,49.849506,14.605447,-33.380054,78.64031,-49.350636,-23.82231,-30.602299
-66.83679,-37.158195,-82.44532,-48.644524,17.274788,10.662579,-7.291653,-2.8926103,-57.590324,12.9306965
-73.71392,-21.108044,-54.244217,-72.22013,-14.003465,-40.78646,-2.759193,46.998837,-38.301582,32.50078
-8.826056,19.136446,1.1073337,21.532324,17.015705,-33.52662,34.178844,-44.65355,-31.536114,-44.013645
-20.180082,-48.550636,-16.5071,-41.83862,-9.147406,-53.215954,-5.299271,-32.231014,-26.534355,-7.133473
-35.068573,-39.662678,-4.078227,-7.136808,7.3862724,-51.23263,44.05422,-44.036602,-61.19754,-9.901032
-32.204147,-9.356563,-3.6497762,5.52425,-3.547872,32.23383,17.04901,11.236321,49.353752,-54.491096
-47.006695,2.9076443,-64.65426,-35.277344,-13.441698,35.81155,42.28245,-4.114419,40.362774,-45.499443
-26.007072,26.33129,9.148887,-64.141,4.303026,24.395521,7.231909,-22.75947,16.268015,-43.541294
38.13285,-0.3723669,23.514523,-37.80943,1.8090699,-44.78775,-5.3227625,13.823004,-26.944252,-119.91144
-56.106636,-67.38698,-40.52755,-4.965257,-0.54684013,15.908559,14.994211,-50.362408,29.21918,24.302425
28.271698,10.601703,-7.2912493,-43.272903,1.5877068,-36.166924,-43.603664,19.749826,-15.204414,-82.80217
31.143791,56.474255,12.344038,-14.1413,-0.94845843,-41.77662,-32.14193,-32.978687,-4.0573454,-97.27045
-27.025785,26.24984,-47.22583,-22.971252,-2.8992589,71.5833,41.33269,-16.220797,41.00658,-38.81257
45.987038,6.8202686,-77.31692,-74.2116,-5.382062,1.2488067,27.401686,-45.580635,-63.02086,15.019453
2.0160677,48.328968,-9.933887,-38.637928,9.254105,-8.638204,-8.493148,11.953649,14.067808,-67.95611
-15.522072,2.4923592,1.5180042,33.27896,-8.228858,-54.55656,49.51111,-31.30714,-27.05288,-9.45237
5.7720785,25.872229,0.6307892,21.080835,-23.131657,-25.771152,-45.407658,16.76223,9.567521,-8.68855
-31.464964,-6.6830573,11.583285,30.525661,41.252853,-35.857254,62.69779,-44.837353,-35.185467,-43.588776
-23.328814,4.743178,-31.802626,-31.16814,-3.0461965,42.708397,49.737446,-6.74326,61.412247,-64.79076
-29.59604,-61.789898,4.692147,-27.407228,49.382137,-3.9435682,14.132411,-28.059662,80.704834,12.025549
-47.805393,-46.417423,17.91603,-31.445389,21.341955,-71.0023,13.679334,-3.0230157,-10.810802,3.4193578
0.6462102,14.556252,23.957764,-30.89788,-0.9876924,-48.35865,-31.680897,34.939346,-4.2141714,-89.17002
-22.247547,6.5011473,-41.925865,-43.255466,15.655237,26.693216,55.108234,-11.892076,68.793686,-54.206474
5.7566915,27.378855,-49.718426,-94.71162,3.373212,17.716763,33.600655,-31.923538,-83.21586,10.321234
-44.03598,-20.567217,13.690469,-35.28386,13.709107,-51.362766,15.351644,-22.509949,-87.064445,11.243839
63.799652,20.492426,-10.751647,-27.329456,-23.172857,-32.820057,-66.71838,-10.682197,-15.466252,-70.80754
7.1946964,-35.785206,-42.98992,-77.034195,4.779784,15.032531,21.898512,-36.72871,-42.08696,16.548456
-45.716938,-16.948284,10.526406,7.0831585,0.10730791,-32.6969,70.390724,-17.590841,-23.28466,-31.145966
31.696312,32.456116,9.091995,-13.081965,32.055454,-38.581432,-26.117077,30.71684,-43.118435,-61.362823
-18.722183,26.254925,-61.473015,-41.6366,8.030326,70.969536,34.680313,-13.242459,17.19326,-46.23836
-8.694498,-64.09354,-18.383696,-33.480732,8.9146,-82.70126,60.21706,-9.725192,-17.96985,-68.24384
-29.654007,-8.421221,-37.03501,-25.755676,39.914986,54.90764,36.908833,-14.288603,47.629467,-36.147293
-33.86043,4.9853077,-75.68681,-43.324604,-37.590767,13.414079,12.36487,-38.25858,-29.326672,50.328987
0.72872806,12.290307,22.5175,19.51013,-4.500882,-67.10809,-60.06311,29.986,7.1738496,-8.946909
-35.80575,-38.53157,23.978811,-2.1422641,29.886385,-67.1026,40.16142,-42.83558,-28.833168,-28.596357
1.8142638,-35.613045,-51.564735,-72.67744,-0.25365987,2.4191782,19.134295,-4.703765,-40.01952,0.8968792
-34.35608,-20.982813,8.055423,-39.04638,-35.438946,10.017277,33.011284,4.866334,45.735893,-67.40806
-22.54829,-72.397995,-8.966126,-30.690191,9.033989,9.039672,66.08163,-16.716963,36.986744,44.340042
-20.410847,-33.54936,36.16364,22.82631,-1.1543007,-48.63169,52.958557,-28.102072,-9.625232,7.6624885
-34.638264,-49.176025,-63.147987,-14.536367,-17.533022,-49.547337,16.820877,4.1402774,2.9529364,-12.414866
14.785312,4.995283,-0.5667056,9.35251,-17.295624,-18.59744,-60.163666,39.726807,3.018245,-29.183298
-6.505527,-3.4010692,-26.294464,24.117785,-10.598989,-53.551594,59.795937,-24.467844,-28.099598,-16.136349
-5.4012494,-48.7635,-13.133492,-10.773733,-5.774786,-70.00913,5.356819,-42.088326,-27.362007,-5.9113464
-45.462845,1.4327506,-40.23632,-34.205727,-37.336124,30.178333,20.16429,20.393034,69.23672,-31.138367
-20.144226,43.908516,-42.78008,1.9571083,0.5002723,40.192516,25.077425,-15.572381,68.48822,-29.691916
-43.29284,3.872351,-34.482838,-36.527973,32.889153,32.922928,35.932285,-17.721977,51.58435,-8.594775
8.675099,-75.80037,-14.473596,-30.13295,60.823338,20.612652,29.836004,-18.81324,60.036247,16.800213
35.80741,28.180681,41.201786,5.014227,25.004528,-53.585842,-15.077611,58.43863,-27.115854,-69.84702
23.33702,35.46389,-5.964323,11.567712,-8.880763,-33.377724,-45.309124,4.0569396,-24.269625,-24.32422
-31.079075,-67.03039,-6.743491,-28.656189,45.70218,-4.563687,49.28896,-34.165417,44.87351,8.858986
6.9095902,5.1976786,1.8856506,-23.024984,-11.21869,-53.227695,-27.820896,-6.166121,-16.531235,-127.0663
2.1559222,-96.828285,17.807661,-27.832628,40.448246,-10.434983,22.384653,-16.550282,62.200066,-17.740746
18.754465,9.341565,25.134052,28.782393,49.19376,-50.87198,-24.846964,50.59086,-21.404709,-55.620773
25.621899,22.998423,-10.82869,-17.8741,-18.967474,-50.59727,-45.37206,-6.2749734,-33.26143,-47.553856
23.952713,-55.474358,-22.623938,-22.120825,27.190174,-4.9357653,58.556847,-46.450577,31.487913,37.55999
-30.486471,-19.989351,-61.684116,-61.23067,12.411297,-34.036457,-13.48394,-24.602282,-12.66867,21.986063
-47.18322,-8.154681,-73.36165,-47.80034,5.120652,-27.079847,-18.129416,-22.793993,-40.773582,20.183529
-59.49839,-34.620144,34.51952,27.251364,33.944386,-38.04625,51.20102,-44.032967,-44.72662,-18.88187
48.135147,26.658537,-7.4148993,-23.338083,-13.596165,-21.092878,-48.227577,9.690571,-14.995181,-34.92456
43.83268,10.514604,-3.754537,12.089585,-8.990125,-32.65617,-43.135532,8.621869,3.1953194,-79.8102
-13.225809,-45.487175,3.6987414,19.554049,-22.033403,-71.717606,63.960968,-6.4948378,-47.93316,-29.71461
16.01223,-1.7113361,-58.90843,-41.960083,-8.836527,-4.8190475,-4.3426814,-17.957006,-7.336639,25.313227
-42.730988,-1.2217691,18.219635,11.962022,-25.272795,-41.599243,10.254324,0.53674227,-26.871199,-9.28914
-23.577955,-32.902245,-68.46768,-51.7409,10.022191,-7.133344,-28.217377,-11.729034,-34.594284,28.377066
9.295927,-47.69865,-27.688278,-5.45929,7.1948233,-15.034333,5.9553976,-2.756091,-72.02946,67.05156
-38.85673,-39.045372,-68.287346,-55.477467,-22.140558,18.165907,-4.522514,19.36007,-55.96873,2.2122176
-36.105953,29.596884,41.635975,-0.46795657,45.491375,-24.052563,57.742615,-30.996105,-20.5229,-18.73062
-60.696365,20.69579,-39.345478,-44.39037,20.21309,51.06532,31.27241,-9.931014,36.36967,-48.714306
29.837442,-44.225918,-59.733246,-30.206194,14.084618,28.76238,6.3219337,-36.48419,-53.530907,38.172882
-51.21464,-25.602234,-33.884884,-60.609715,-36.040432,13.22952,-31.576912,27.348587,-23.08426,21.229982
-4.618939,-35.10109,-23.219439,-60.71328,-7.274775,-50.4269,38.706642,35.01857,-15.362872,26.17233
0.68946636,-70.231735,6.3386188,-50.148415,18.244656,5.703807,53.333622,-19.498713,64.7799,34.050514
-10.359462,-63.323254,-31.096722,-15.339795,48.10316,6.0893154,59.744694,-26.678743,61.92504,19.187405
-18.060104,-35.167534,-5.238183,-37.614624,27.536268,-0.8091469,55.3729,-39.57083,27.207035,22.234953
31.818695,21.385328,11.224289,47.641655,12.308398,-20.986006,-25.77131,21.216331,-11.472944,-43.014126
4.9123025,-39.76506,-27.643427,-49.56302,-7.5545692,-28.696394,7.2453375,20.02895,-62.382904,42.901623
-9.04939,-17.259678,-42.9612,-16.868631,6.1511297,-9.844666,44.749863,59.693783,-30.56567,-9.237718
30.511854,6.943172,-18.021563,16.034243,-20.535585,-44.290768,-42.552895,12.268536,-5.7374663,-61.787685
65.92322,4.5827103,7.7104497,-1.9352068,-3.887272,-27.071617,-53.52512,16.676521,-1.0599129,-33.074387
34.272278,-51.540554,0.5227286,-32.21934,41.39148,6.843363,27.6093,-35.891277,69.707,17.495138
2.254362,-55.93341,-6.129875,-47.823845,28.626812,27.84876,36.07868,-21.932878,48.133316,-37.44056
-28.18741,-11.0686655,-45.761776,-41.918324,-1.5652444,38.0275,25.48562,34.433586,58.590927,-93.221924
-75.54052,-74.91249,-34.628452,-24.499037,71.90056,-41.738598,10.821553,-7.984851,73.42529,-32.399868
-27.984798,-2.6730566,-35.59423,-46.101562,32.695114,43.12364,25.107864,17.964584,38.80682,-73.17458
-2.3361433,-22.904423,-0.9615997,15.761138,4.6384487,-40.74981,-20.156727,-4.694375,-20.377958,-48.91518
-2.3777406,-70.520256,19.746452,-45.29911,40.901375,8.757522,59.038857,-57.15493,47.996452,10.798969
-41.35383,-38.427494,-26.341091,-27.246649,13.414431,-10.52251,24.86767,-3.6048243,22.539764,47.102707
11.275506,-52.54333,-19.096098,-33.358356,47.805927,10.112902,28.734844,-12.448448,70.27246,18.996462
-40.940876,50.167343,-51.042713,-55.232014,1.9273493,61.721813,33.032307,22.64111,62.787407,-46.986286
-15.783911,-39.144627,6.1030173,-7.786237,-2.912726,-71.47394,38.051094,-53.89029,-39.46017,-11.124751
-1.7105838,-59.723057,12.574235,-42.032913,51.254177,0.05846429,55.569675,-9.903823,64.06361,39.29633
-37.102238,-11.615317,-60.331707,-47.63931,-8.222339,-6.662362,-6.6373935,-18.500153,-36.979115,30.196089
-55.394432,18.931107,-25.117771,-52.00025,26.555214,48.457726,54.045563,-16.165848,26.846128,-48.96685
-36.254143,2.000778,-5.8128448,8.189352,6.300479,45.49769,10.235818,-12.478139,63.103863,-48.13488
-8.315058,-27.619673,-28.569286,6.7477083,-42.65375,-39.178394,-37.263508,-50.764008,-32.075817,-29.352428
-0.05998895,-31.696959,-24.449509,-40.834156,-5.517294,-30.0787,8.3450165,-31.0593,-29.812641,57.39666
-3.613102,-12.57241,-15.474814,-10.27321,50.777092,36.912483,11.38642,-5.9650993,58.139793,-31.840206
-30.286331,36.379982,-24.714848,-6.0669537,-6.9539294,-37.702873,-28.077707,-4.335518,-2.1481862,-65.843475
13.184003,41.90604,48.815662,-14.757033,-31.304071,-44.17518,-25.581625,-46.193672,-4.085827,-63.5982
51.461136,21.24891,-13.436873,-38.056255,-18.020111,-22.786016,-54.833794,11.605704,-21.727596,-45.59826
-43.160347,6.157852,-8.925239,-64.39892,-15.978341,29.58763,44.878784,-9.585531,19.81964,-55.106136
-41.575634,29.722532,-38.85158,-33.72743,20.862505,37.53654,41.180046,-7.214229,23.814417,-42.158646
1.9303923,-31.386513,-3.8254778,0.09345567,17.7671,-49.600437,15.926453,-11.734678,-19.15896,-51.664753
-10.464335,-29.966734,-39.185585,-68.47593,-21.888268,-0.6204152,-11.026162,5.753424,-29.788826,11.368259
-20.508926,-68.16355,3.3335567,-29.302668,35.67311,9.338417,69.13677,-35.283306,42.139065,27.514273
5.26824,9.986847,56.62038,-8.20671,-16.236185,-44.330902,-5.4317975,32.683655,-25.154037,-70.37971
-45.968758,9.167234,-37.20202,-51.980896,32.391865,67.11418,39.009052,-28.900457,53.19559,-27.776741
13.489697,35.822113,30.726305,-38.43944,11.207218,-32.6995,-12.545173,37.195976,-31.819973,-97.18198
-30.522383,-27.419477,9.609563,12.739609,44.93799,-43.756016,17.15692,-48.194798,-4.42651,-41.888447
-26.61677,51.397617,40.39645,-14.672449,40.038788,-46.470478,-7.918622,-50.23165,5.0190454,-99.750496
-23.804821,-48.40486,1.7209816,10.239049,-13.77968,-66.37312,73.476295,2.9327343,-39.505634,-38.24958
24.431509,20.422886,55.87722,-41.409725,-25.663681,9.349152,-22.231562,25.58966,-18.230947,-58.148674
-31.195307,-0.5624058,-29.639174,-62.284206,12.240386,6.187114,18.826948,-23.389307,-19.625526,34.94493
17.885674,21.797623,46.242237,-5.5706186,2.7810884,-15.85277,-44.777374,-7.6285553,-27.854616,-91.23846
-27.695408,-27.035767,-9.929615,-4.3405423,4.434443,-69.16967,48.374985,-20.949902,-32.74535,-18.451963
-32.40471,22.6718,-40.915665,-13.998047,16.734615,33.821896,35.159744,-17.141584,23.258995,-36.23521
24.87818,-14.749431,57.87813,6.074794,-6.659419,-15.089182,-17.877735,20.967327,19.952755,-52.15681
-41.456425,-43.31451,-45.312664,-17.751469,-16.637009,-32.804943,-34.903828,14.415861,-44.27077,34.26155
-15.404506,-29.767487,-42.043636,-34.912262,-52.78706,-34.236202,12.205444,15.5731945,-38.60676,61.403984
-30.57902,17.85578,-42.31745,-51.34808,14.663248,53.889477,31.165949,0.84160024,48.46397,-76.23299
14.102516,-56.799164,-7.182865,-9.868332,65.05945,23.93348,43.571712,-23.723076,89.887634,33.27406
-21.126339,-82.605354,-0.75539064,-0.72070813,20.809414,-12.872132,47.095184,-38.81463,72.47371,14.042067
21.473696,22.026083,8.471978,32.98471,8.555265,-11.149273,-53.730133,30.578352,7.7466865,-25.377525
-57.89897,-19.696918,41.979366,14.957049,16.929873,-39.502743,43.562153,-31.404198,-23.195644,0.3767314
-57.56168,-12.4906,-25.6978,-9.079103,23.757948,54.608257,32.38357,-14.674343,48.014843,-52.534748
-9.483769,41.830643,27.504711,-38.452515,14.081843,-42.22592,3.4421628,39.23866,-29.853575,-85.96788
-7.8315115,-43.801872,-44.05337,-34.312004,17.181461,1.0715449,32.66324,0.6037968,4.0225673,33.05961
-59.697426,7.4490495,-15.161374,-39.865353,4.798004,55.56406,8.945746,16.381544,63.139004,-35.286743
18.404707,-17.142923,-54.293434,-28.170145,-3.972766,15.835202,-5.4961686,-26.01359,-15.275479,16.065285
-23.39709,-9.610955,-64.86489,-28.853876,-3.8591783,3.7309372,-0.6529275,-32.289146,-51.096447,16.615185
-12.38048,-33.501186,18.432323,-1.2843021,-19.150524,-59.777798,52.860867,-33.29787,-46.237328,0.38284826
21.854727,-1.3584547,39.442715,-19.17714,-12.345799,-12.275991,-33.27659,13.02526,-37.92275,-60.386
10.3648,-48.787518,-23.25771,-37.196407,12.537368,6.6520824,54.838192,-13.432093,78.47299,-13.284764
-42.745358,21.61668,-15.412636,17.10325,-5.335229,35.065918,24.207043,31.416052,-17.56217,8.7882805
-33.879593,13.307769,-39.353462,-35.100376,30.405458,34.951946,47.499348,26.875017,48.73692,-67.64756
7.338827,3.5017488,-2.9736612,43.525394,15.154967,-35.771877,-13.362162,-13.577393,-11.446783,-55.497063
-52.00104,-14.0741005,-11.898455,-45.54835,9.23175,49.277508,43.390957,-4.0228553,42.849648,-61.999596
10.453868,-62.16057,1.874481,-32.04981,32.283848,16.317387,45.042786,-48.953327,72.43161,30.650877
10.672753,-17.175941,41.930256,4.532667,-3.5898101,-9.6635275,-57.204197,12.899987,-30.13333,-62.82741
-12.912297,-1.3220625,-53.52486,-23.416836,18.044382,13.589416,46.262527,2.0997608,58.654575,-54.98506
32.962784,27.625689,44.69069,-44.476173,13.658469,-11.46548,-24.62393,43.179493,-20.926588,-71.633125
5.7862835,-0.6983355,-18.283987,-87.38012,-13.315094,-16.273787,1.4800837,-25.6498,-75.09198,5.211862
31.237314,-2.5788314,49.561646,-2.8627286,-22.589956,6.3917456,-33.98684,35.947075,27.048155,-36.8607
2.33878,8.200275,29.112106,-27.097956,22.395311,-47.127888,-64.81939,20.14098,-20.879139,-62.493774
-21.63044,23.23566,-54.131016,-30.405262,41.259647,41.0129,28.189213,21.624126,37.264217,-53.476353
-5.658156,-58.934177,-13.473663,-33.896854,62.962055,18.382782,24.547518,4.351895,81.4715,39.978912
9.351216,-6.9220295,46.77561,21.133148,-16.767044,-52.635,-28.347145,28.326275,6.412063,-48.796497
18.329094,20.731443,6.8186398,41.46434,-15.506107,-27.088844,-34.41826,21.224682,-37.80188,-26.688452
-37.85509,15.659144,-35.088913,-42.7362,20.752026,61.67133,40.773205,-2.29088,19.304445,-51.511158
-25.809834,32.375313,-55.543076,-23.55437,22.654467,51.00805,23.305883,5.4649153,41.48682,-41.879665
-49.41835,-20.23024,-14.8958235,-29.027489,6.4358473,17.722776,58.217793,-32.466347,12.277044,-9.612965
-6.824198,0.7849889,7.9318805,-4.106371,-28.526419,-45.622936,32.200813,-29.693487,-63.73763,-17.404184
-36.714375,-0.5453953,-11.748596,-7.515457,21.933105,17.274107,59.039326,-56.656124,26.7272,-21.374975
14.684459,27.186539,8.97161,-12.412676,-19.788483,-63.72675,-33.14433,-41.34639,-11.022175,-90.31079
17.104025,37.937576,4.7729034,-13.000466,-18.361319,-34.740005,-52.676853,-25.294025,-17.015152,-88.06941
-3.0102813,-18.43757,-48.69339,-58.032455,11.046527,-23.176405,6.235718,-16.839844,-47.1033,33.422077
-12.433267,23.91065,-49.760483,-18.603456,4.6434402,35.644215,59.170677,-28.580576,0.16882831,-59.8401
14.025296,-55.848408,-19.150326,6.274452,32.846645,-11.838653,57.077362,-37.20492,58.7829,16.227028
32.67578,-10.684949,21.070608,19.470184,27.946331,-36.749912,-37.023186,13.121759,-2.9516292,-95.60133
-35.979813,16.844835,-27.730556,-11.963982,-14.770172,50.059063,26.036295,6.6685066,68.55697,-36.247086
-16.975842,-26.80585,2.761721,8.59368,0.38911843,-53.293064,56.386387,-17.33996,-71.15951,2.00567
43.73851,-12.417273,-39.81104,-26.573246,-11.142532,-8.544733,8.807125,-29.088184,-36.060963,54.74643
-46.25266,18.67398,-36.436016,-37.73889,18.745697,40.080914,42.15991,-14.094276,45.656284,-47.616142
38.773293,6.064803,22.041859,2.1863256,-25.059973,-56.701736,6.104987,13.097854,-22.84402,-92.267746
30.182726,-20.013317,7.4642596,-24.927925,3.1965632,-31.025951,-54.50522,31.31184,6.155548,-56.47512
-24.955568,-21.601608,-15.748519,-6.424858,-3.9830284,59.44526,35.005337,10.748519,44.833073,-61.100685
-33.76878,-46.424812,-5.4837146,15.764749,47.58259,-45.480026,34.088585,-33.067757,-5.476015,-35.372383
-54.24606,33.933136,-48.08894,-39.73277,15.296597,39.193027,54.608536,12.888734,29.29117,-29.763609
-26.822876,-79.01249,21.352951,-15.490678,48.651817,-6.5515337,42.830566,-5.5540338,69.708855,2.4553728
-41.661533,-28.446785,-12.805442,-21.756582,6.5624437,-0.38417962,48.235886,-62.13094,52.423603,5.6764627
-25.722836,-14.839368,-28.483507,-56.315983,31.049494,43.55211,20.76221,5.5013404,54.213886,-54.350807
-39.319332,-42.077625,-22.8015,-18.128775,-6.2427955,-43.68667,24.415823,9.8333435,-22.881338,40.757877
15.298331,-73.20771,30.99084,-52.017303,21.495663,13.557977,55.845356,-22.364061,40.32071,28.982204
-38.273945,18.089323,-42.531956,-30.229897,-2.6936662,32.67745,56.103653,17.54709,73.12941,-66.22176
24.053843,-67.92402,3.33628,-55.502445,38.38596,16.372742,22.090261,-40.63795,61.85878,15.527693
5.8772535,0.12123391,10.490523,0.032894254,-20.512636,-59.4809,-8.64095,37.510765,-13.1700325,-97.69509
-51.005978,14.749919,-0.70580983,-42.664383,16.825235,41.4466,37.87461,7.1646295,41.812664,-48.073254
-10.751837,2.3295782,-44.49541,-37.9656,20.398832,26.845028,9.206262,-6.2620764,86.071304,-36.315933
-39.418373,38.463108,-45.948772,-27.17687,3.5483425,0.5654501,15.500953,12.086769,39.210155,-69.07232
-0.89938194,-52.06279,6.663756,-65.37902,40.068417,14.243879,40.218334,-53.04384,67.1877,36.08707
-23.832575,-42.931454,-18.856453,-42.690483,-21.411352,-64.52479,-8.245743,14.301521,-5.786495,-3.144051
-11.018829,-17.720089,12.1379795,-13.259357,23.386395,-43.134792,40.613235,-55.11065,-42.375534,-38.85895
-12.34487,20.06583,-33.338,-15.628178,2.7909214,50.04677,53.91808,-5.111482,36.500725,-60.69885
-13.192987,12.188406,6.13782,-31.568064,6.2593355,-20.547504,-15.82706,16.6652,16.793898,-44.31946
26.755787,29.929522,-7.0485067,-3.5455267,8.0837965,-40.86701,-45.70737,44.7326,-28.625061,-42.146603
-14.417676,-39.832954,-19.60043,-30.25508,19.574224,22.302143,37.252045,-9.619978,4.6759577,58.19534
-21.0537,-88.247574,-7.3299136,-17.034367,35.207676,-0.5600786,51.63549,-15.127199,58.14506,9.773138
5.004088,31.918379,0.7636414,-14.694827,-30.84136,-60.276104,-51.74408,-21.563347,-20.405731,-103.10753
-20.947443,-27.272577,-3.5594306,-80.33086,4.0288267,20.370834,-17.884062,4.6749587,-89.17216,25.987362
-4.42119,-18.66331,6.7869887,-14.986048,5.798913,-49.289635,60.60787,-79.49946,-6.2506466,-15.681155
-38.24289,-50.257603,-27.914116,-46.978374,-2.7008226,-30.470615,2.493885,-15.090271,-26.233952,-10.138698
26.126505,7.614723,-9.94579,-25.489328,3.6823494,-45.440434,-43.81726,39.113724,-30.181152,-99.956985
26.837341,8.454778,-7.821374,-13.096606,-27.255507,-44.637173,-30.812561,15.732341,-36.690163,-41.16837
-17.672293,-76.78933,-21.538216,-13.174944,-50.790108,15.488082,29.655077,-30.522833,-22.430965,28.495012
-4.81376,-84.83177,14.517698,-29.320545,34.099094,-3.2285364,55.93627,-20.368555,21.351841,19.788841
-53.341503,-44.662895,-14.007543,-38.847237,-4.5265145,-49.16313,-7.8036227,19.511286,-10.737573,12.455364
-33.926907,33.691563,-31.146591,-36.384304,10.914412,39.124462,19.26761,-6.212807,26.553076,-48.96163
16.793139,-1.3579847,41.314228,3.1347773,-9.400873,-56.76079,-6.500722,4.650483,10.248949,-61.46788
-16.986988,30.888897,-48.935337,-9.137689,-6.3900228,59.477722,43.228405,-26.24076,36.47259,-42.80353
-29.558716,-23.68739,2.4236636,3.5341294,5.777604,-42.370045,65.8272,-50.374783,-4.145228,-36.40962
1.3951229,4.874398,-51.69217,-42.400993,35.67788,41.82365,21.292759,27.436386,51.484367,-79.60965
-26.973467,37.208267,-48.984783,-33.668556,30.985872,37.598415,44.89388,-3.6703534,23.792168,-50.863926
50.93672,5.7426214,11.748862,6.834919,-7.825001,-28.992031,-57.562565,17.949438,-0.16622373,-25.531921
49.009933,-4.4957643,-80.089485,-70.89324,-2.0241215,-20.2863,21.338434,-36.33726,-69.825935,7.7215924
-20.353405,-64.564224,-2.6001492,-54.078896,23.20664,-15.662363,14.476466,-52.065647,90.81376,17.58666
-8.701459,-36.57587,25.556412,4.6386204,-30.89655,-60.283077,58.614983,-30.956486,-40.56102,-37.59405
17.222448,-37.2379,-2.733148,-0.9936579,-14.02553,-25.23219,63.013824,-54.37758,-82.99151,-31.249916
-34.121716,-19.532377,0.6176993,-6.989012,12.698818,-43.479378,42.526093,-25.337194,-71.939,2.4345205
-17.205639,-18.231974,-4.0508857,-38.133984,-33.62944,-33.328808,-14.884224,14.440646,2.7128646,49.99629
-34.771572,-3.9483204,-33.710712,-33.169918,6.2974386,62.03303,37.34759,6.4846582,36.650845,-68.658905
-33.320087,-58.486877,-0.76768774,-25.82322,-0.40291137,-10.660592,10.0752945,-8.5782995,-54.74211,33.438637
-49.564503,28.854658,-41.024662,-31.429873,-10.899866,57.99017,31.223686,3.1106536,41.50233,-46.156307
-24.55268,-80.5911,26.865175,-25.617502,72.39069,-0.10572026,37.999302,7.333378,48.981495,2.0598493
-4.7175927,-34.33211,13.039849,-49.442974,-3.6649797,-74.109955,42.01611,9.397278,-38.81164,8.66486
-16.84539,-47.565323,12.157105,-9.995413,-45.206486,-62.904995,52.272186,-21.021704,-49.510647,-5.5788913
-26.302261,-14.056376,-29.65422,-34.758537,37.426075,36.77044,41.272026,24.239508,37.695057,-83.34679
-20.727348,22.144732,-68.95358,-44.48862,-8.532697,26.30009,40.270065,16.462719,65.98077,-80.00848
-42.890434,-16.786808,-22.704082,3.3291876,-11.677971,-40.66021,52.621174,6.1966567,-16.325876,-9.394371
-37.722168,-47.96795,6.139432,11.340177,8.78391,-37.79219,58.33864,5.190561,-51.17045,-1.2695771
34.015137,25.320219,11.212049,-9.563358,38.491714,-24.572083,-38.890556,23.891651,-46.84718,-67.85127
-7.9382296,-77.64292,0.28443712,-12.30228,24.51193,17.914003,56.08247,-45.56963,64.675285,-6.5170417
-25.323444,-40.662617,-31.65195,-60.391544,1.278121,14.16171,-0.9282556,-11.461115,-26.685854,-0.60269856
-62.972393,-43.018887,2.7442927,7.0755014,-14.55243,-45.921673,52.06141,-42.5702,-21.02019,-41.38311
-44.873505,-34.24305,3.259152,-2.5580938,4.6659136,-76.60491,45.883945,8.954395,-57.96795,-7.790369
-31.971079,9.064069,-42.93913,-29.319971,14.6027975,60.586555,35.821106,-26.871101,21.448553,-44.22569
-14.040404,-53.739937,-36.601036,-8.245546,64.12474,-61.857502,21.273436,-18.944813,51.607483,-65.73619
-46.158558,-66.845,21.27433,-14.262463,6.878824,-24.802273,39.734634,-0.63370275,-52.63507,11.250374
25.347326,-35.26768,0.13834971,-75.526215,-44.21093,-8.703745,17.634878,4.7172303,-15.901603,58.219345
3.6649766,17.925653,26.979706,-15.793443,-5.929101,-66.90017,-16.899902,49.46494,-32.445507,-91.11405
-36.333866,-10.328066,-17.71644,-30.267529,-2.8850188,62.15753,26.355852,31.763144,11.838156,-39.10129
-38.261066,-26.030855,-51.516335,-0.7980693,-9.244321,-22.969122,-28.412786,-49.199028,-22.950684,0.48454714
-45.62347,-44.34448,26.151089,-5.090579,19.788763,-36.74105,47.05307,-20.27496,-62.76592,4.027759
36.738358,41.8125,50.13372,-51.43505,8.166293,1.4817181,-16.200205,27.591705,-27.295574,-70.48277
-24.59339,-58.46578,6.53869,-46.859303,65.442566,-5.750525,12.686255,-23.780235,64.50221,-3.7471194
-7.9785333,-13.151993,-4.9415135,4.847392,2.9224646,-64.320564,37.957485,-47.91552,-40.581104,-61.270813
-14.368822,17.717516,-61.970932,-32.60489,24.146631,27.637201,17.71739,11.420819,35.938805,-45.73403
-10.692843,21.627216,-72.58816,-60.552586,0.9385098,15.11168,34.889477,9.638364,58.915268,-19.01921
14.339056,-95.23146,3.0866804,-20.923283,19.181408,-5.4490814,23.917816,-56.264633,71.65102,-4.311015
-32.18453,-15.200564,-24.26311,-39.73639,32.96183,21.11127,36.43994,-20.67536,55.592033,-23.554659
-7.2481637,-26.935276,13.863419,19.924694,-5.7297916,-39.123955,46.21708,-26.240751,-57.00314,29.161943
-28.865324,-7.8049436,-36.555576,-23.21966,20.960533,37.17727,56.56884,-15.124749,45.70168,-43.270508
8.140289,-67.46696,-21.37014,-0.5631537,15.293305,0.5175668,18.47981,-29.037062,-33.27141,52.20347
16.991604,43.02848,10.662093,-24.474972,-19.527561,-24.07585,-42.33805,6.6923337,-11.828282,-45.246944
-24.868301,-41.8488,-10.105337,-12.895046,-13.39607,-110.2757,49.409103,-1.1852432,-46.952854,26.965054
-19.425346,-47.0053,-6.1174436,-8.21434,-31.88596,-69.596565,69.29406,2.7124155,-30.395624,-30.55342
-14.588694,-56.24337,30.954689,-15.759109,36.596962,-11.4853,55.297073,-19.882895,37.442738,-0.5887754
-3.9752162,-37.693016,-17.579473,4.5181065,-16.525482,-75.71165,64.37636,-19.320822,-13.222607,-26.211914
-39.16785,-3.669648,-30.752184,-1.2998686,-9.526594,51.013584,28.693037,-9.082847,81.27225,-35.532047
12.77646,34.085495,49.762844,19.093222,53.817135,-24.72711,-18.897243,-29.62771,2.3438532,-15.60169
37.06803,-42.72266,-5.4655595,-36.23674,34.219654,-3.1068869,37.01632,-32.94984,80.72462,17.057573
15.376275,-5.2957644,37.396606,11.513832,-32.31368,-25.127892,-18.556986,30.305317,9.421544,-52.25241
8.672171,2.7183955,-64.77441,-50.5257,21.681818,-27.814398,25.250185,-3.5568824,-30.334047,57.32549
-13.729199,-2.6761246,-14.39842,19.575666,11.71005,-29.744682,47.907955,-53.356056,-24.991413,-49.661476
-6.5262523,-40.66831,-29.558393,-17.296959,37.139626,-11.3236685,53.397575,-5.6230254,76.90073,-18.24955
-11.375375,25.120161,8.744207,5.103548,-3.027866,-45.66636,-35.65316,4.135924,2.1576467,-23.77527
-10.314549,-57.52975,-27.853752,-4.221614,63.48054,6.842145,51.951355,-37.19263,65.9999,15.059944
-13.059548,56.23973,-44.61553,-6.9797196,-9.6584215,49.149643,22.21589,-9.890226,63.788197,-14.230819
47.838394,5.7592382,-10.602681,-36.62538,-29.673347,-15.677738,-35.230213,31.46205,-9.343688,-69.807755
-25.570032,19.882824,29.8462,15.132789,13.088032,-36.642662,13.546305,-21.856606,-5.3720765,-20.72661
-11.41855,-21.225363,0.76398236,-3.9742553,28.76609,-63.0686,62.763287,-31.871233,-30.35682,-27.286818
-26.690773,17.564508,29.877254,22.208029,39.91908,-23.226646,71.617165,-46.82806,-16.085766,-6.3535895
-19.228804,-25.914522,53.578255,-5.942052,18.91159,-36.035393,1.9192016,-42.75965,-48.84376,-27.977272
-42.58198,-74.51957,6.6148443,-12.245978,-34.988415,-35.109795,65.60543,-22.609283,-21.405506,-50.813255
-34.148808,-9.533405,9.487456,-42.025806,-24.038433,23.857664,31.78087,2.6913843,30.91179,-53.496883
-21.36231,-7.850461,-2.9188416,-13.64555,2.2483652,-5.9887195,52.26657,-26.45284,-48.127678,-62.059265
17.477112,4.6977534,11.889811,-37.65054,18.692852,-48.82168,-8.059819,17.349031,29.331776,-36.79487
-34.222744,3.4566457,-45.956024,-44.756416,19.698221,33.207817,28.476795,24.89758,45.908413,-56.96209
8.817116,19.052374,31.793343,-8.636674,-5.764602,-29.875841,-47.84896,-5.1450377,-32.635563,-79.73285
-13.105407,-70.85307,-9.227619,-52.35515,34.416447,-20.563438,1.8912246,-45.119286,82.04141,15.434254
54.06111,5.8257966,5.268815,-0.037788577,5.343259,-46.711517,-42.378227,4.789559,2.7586234,-41.648357
-47.587482,-22.048456,-50.622215,-17.906582,-1.7381897,-17.348518,-29.046692,-43.811817,-23.495134,8.91457
-49.13905,14.241303,-2.088626,6.1080933,29.446136,17.414015,72.030464,-32.904938,-1.624762,-29.789543
-47.072453,24.102797,-38.56177,-8.35389,-4.1988873,55.904587,34.01923,-4.5387855,29.729177,-27.313662
-3.0674045,-55.115566,-2.2075014,-16.681293,65.31783,15.497067,37.816433,-30.39977,73.34479,23.700659
-49.357323,9.730476,-33.81791,-21.255867,7.7008953,33.244987,20.98155,-0.18953048,33.891056,-46.55684
-31.03276,-42.8822,-44.09404,-44.02179,-46.615982,-25.481112,-57.303867,11.180378,-23.493662,-7.979186
-6.409132,-29.852379,15.118251,-2.0024319,-26.246235,-43.480003,1.4235055,25.636997,-4.2991004,-80.65142
-43.483925,-33.51902,-14.356979,9.628829,-5.719891,7.7748737,65.80786,-27.158762,17.973032,-4.1176085
1.1725787,-61.061222,-5.7303314,-3.9860299,48.417038,-45.681103,66.46858,12.76797,18.258718,4.483807
-38.78008,12.331898,-9.5863495,-52.34218,30.119883,45.347244,52.80886,4.525429,63.509098,-73.65978
-1.0408458,-12.242993,-4.9356437,11.193532,10.727647,-41.127747,19.09377,-26.705023,-30.541172,-30.247683
-12.839933,-14.0424595,0.80562323,42.10276,14.466638,-31.195307,16.798576,-18.208101,-23.581537,-58.992798
-6.816596,-59.669735,-18.12552,-41.11782,48.95866,8.753007,5.6046286,10.429936,68.63344,38.328335
-29.719488,13.611209,-42.059753,-56.398727,5.027711,46.2555,28.825708,-7.963211,6.370414,-4.321426
-11.531869,-21.65022,28.200365,-39.65526,4.024168,-15.659551,12.639543,-30.322073,55.487057,12.446201
-34.861153,2.2042627,13.705706,-21.942863,-34.363102,7.33202,3.0700605,-9.308436,54.33913,-54.233658
-44.949627,-17.927666,-41.023926,4.0977087,-1.5066847,79.961914,28.345333,-33.80666,58.17577,-19.817501
-42.531006,24.306576,5.945087,-23.26472,33.616943,-61.520557,70.819275,-25.503035,-31.485762,-31.790842
-21.573244,-32.76301,-32.44022,-80.724365,-27.307718,-9.031011,-8.499254,20.310879,-39.751526,11.619204
-38.959118,-61.82554,27.308746,-13.9278345,5.7591867,-74.66999,47.49158,-40.87191,-82.158165,-28.036783
-16.304214,-71.79663,13.991662,-21.808521,57.635796,8.626401,17.137089,-24.460157,72.6365,-4.8806505
-17.789213,-25.67787,-16.43386,2.6365798,4.383574,-69.48957,60.36718,-32.849777,-1.3268002,-27.559137
37.570053,-12.102333,37.88683,15.366775,13.106124,-65.264244,-22.546778,8.101338,19.670914,-58.130974
-46.563244,-33.22737,-14.525602,-38.21945,7.791897,1.5315485,48.753696,-39.13909,9.505253,-10.385243
-55.691357,-23.363724,-69.00795,-24.402178,8.367752,-32.33221,-38.505047,0.8981505,-30.649067,40.14086
5.913675,-59.89706,-1.9993705,4.5766325,74.44462,-21.110594,15.720662,-35.035213,94.38609,11.297016
8.355753,18.687181,42.80755,23.002008,-19.32692,-69.89433,-5.5977836,15.4110365,4.119868,-56.824013
-12.261952,-62.17511,16.298443,-44.003723,51.768055,-4.458015,58.423237,-17.629515,60.688595,41.629974
4.2514935,-37.06582,12.076605,-13.290231,26.46615,-6.769535,51.87858,-21.10085,19.653282,-20.289911
-26.66049,-34.000843,-79.11244,-17.301962,3.086946,-6.0702868,-12.489068,-44.427223,-33.054123,11.010908
10.323268,-18.151903,-50.30839,-68.31905,-12.406143,-8.248638,-7.249497,55.309536,-79.41749,36.244747
21.003206,-9.421615,-23.203793,-53.2049,0.03727126,-14.994101,15.012463,-32.954582,0.45015436,52.818283
-24.222725,-36.91258,21.1802,-15.484759,13.559773,-69.11633,40.5208,-37.344254,-23.071054,-3.1900206
26.978014,38.58309,10.203742,5.067416,10.488031,-47.039005,-43.729412,-3.6868167,-37.15787,-91.18988
-24.05832,-37.4536,-18.548424,-47.971954,27.854052,35.829483,8.378545,-16.702143,64.700325,-50.92622
-12.825917,-69.14876,-25.156813,-25.59797,55.175182,1.1695533,16.809265,11.428731,82.29648,19.040575
32.380974,26.377298,4.3172693,-37.44043,-20.440527,-28.038614,-25.209497,-26.679054,-29.887032,-116.549355
-29.662167,40.75111,-45.3023,-51.23325,2.2227683,50.509773,49.46078,-9.182375,40.15358,-56.54253
-47.001892,-29.874283,-27.74907,-42.23577,-15.523752,-7.331048,7.51272,-41.782784,-54.32375,4.318867
12.389541,-41.36279,4.2994046,-63.177635,30.528067,9.692969,31.742632,-30.5469,79.39996,45.94203
38.055214,38.643677,25.8409,-7.8217382,-6.176583,-55.491135,-45.971523,-28.420263,7.8477845,-55.846695
25.077646,-35.45203,-7.5781236,-36.80756,-26.110128,-0.15112635,21.184002,-21.837557,-39.258625,76.03588
6.877962,59.40365,43.707466,-28.67192,19.812176,-20.72898,-28.180508,-1.6531067,-10.725379,-46.213947
-17.065134,-44.97352,-16.3961,0.26275206,14.753164,-57.06175,70.4465,-43.814095,-29.52629,-55.97125
38.422424,-4.3245,28.85333,-6.1159163,36.710636,-26.108902,-0.37920943,-0.38659775,46.65613,-32.730473
0.81004614,-38.495377,-28.36552,-46.5902,-41.38439,-39.999687,10.278974,-45.129128,-15.603721,32.29442
-26.173002,29.937471,3.7165365,-24.821133,12.15852,-45.80599,48.340435,-12.192917,-14.377723,-36.868515
-37.27402,43.30733,-42.030434,-55.017273,1.4366407,60.836617,17.899004,41.432667,56.534874,-48.87005
-74.00484,31.060638,-30.313166,-42.22324,12.065845,48.34665,61.022102,1.754426,41.29643,-36.543793
11.82527,18.944874,16.364416,4.1149607,22.591967,-79.30691,-6.5056615,25.670769,-14.199448,-96.475815
-14.559036,-17.639847,7.5259566,-2.5642838,35.16407,-51.701866,37.2265,-36.56994,-50.567738,-15.21355
-26.964237,45.68273,-67.03003,-35.83435,6.0035133,47.10681,26.538624,-16.553745,41.53695,-41.124878
-8.636188,-53.555565,-1.973941,-38.734478,3.315749,6.879921,25.74217,-78.10538,95.04987,41.627342
18.496792,-12.73809,-14.324127,-23.872868,12.427166,-3.274576,25.036182,-38.717556,-51.50451,76.50011
-37.43707,30.269321,-26.595339,-18.441572,-16.686172,50.97627,12.426604,-5.7374043,63.640102,-43.068905
-20.466274,-0.31147242,-47.32198,-14.910567,-32.27998,17.001768,41.279118,-5.1322227,69.60744,5.5598407
-28.2064,-22.589249,-6.8189864,-25.067938,-17.97119,27.069645,69.05569,-56.422512,23.624308,16.848253
-20.793518,-5.2272873,-32.99442,-63.568146,6.110918,3.138368,42.708,-31.646532,30.552229,-10.978312
-79.88037,24.062096,-24.049143,-24.10463,15.261009,65.97915,37.347576,-14.346302,40.763206,-13.7209835
37.46708,37.605938,-7.187541,1.1437044,3.111471,-43.951126,-39.624218,-22.263184,4.07257,-87.38233
-24.879694,-56.1339,16.684196,9.878995,-27.298656,-56.635662,58.706318,-16.923576,-43.536163,-31.902552
-49.528652,13.995762,-40.5743,-21.811934,-14.78132,46.798542,16.612368,-5.41531,63.73025,-39.5016
-53.134544,-18.335344,-13.292889,7.270132,9.586128,38.62395,58.561695,-36.435898,19.766169,-36.759945
4.9060807,4.4643784,-70.62772,-88.68109,-41.829,-9.036363,32.046604,-41.528,-14.462137,19.163038
-45.67795,-47.398155,-3.9788408,2.7450573,11.076478,-45.312428,44.49153,-11.081743,-26.52793,-14.512517
-17.162119,-36.93396,-27.334188,-53.453835,-34.13597,-0.7589801,28.943823,-42.219402,-8.229159,32.03212
-44.189137,46.296505,-43.10038,-24.97949,-0.70455384,66.04635,47.211067,-0.7521354,18.786795,-7.7221456
-7.9147954,-36.308903,-17.13038,-22.805315,8.725516,35.049774,41.29886,-26.933744,53.588303,-69.76132
3.1665208,39.36391,21.575047,-37.056374,0.6266501,-8.993546,1.3001164,12.192331,-28.00431,-72.23395
35.525337,-37.750023,59.115135,-38.353695,-4.3822265,1.4750082,-20.718042,22.419563,36.199444,-22.908873
-8.9461,-22.203377,-17.967842,-41.148605,40.367252,14.401481,41.5763,-44.085457,82.166,-16.65252
-11.783551,-77.40964,24.929464,-29.961346,35.905136,-8.50344,11.972284,-45.839798,66.04903,0.12861443
9.690542,4.427513,-67.41914,-30.570887,3.0077932,20.380459,1.7891593,-0.5163002,6.9433417,18.750467
-6.819924,-15.94261,-33.165577,-52.743507,-26.33338,-5.081608,24.592402,-24.819008,-15.793901,20.717821
-7.375334,-34.509686,8.403546,-6.41766,-3.9070077,-63.328236,45.77003,-56.555172,-36.696693,-1.5427091
-29.256166,-11.814373,-32.09623,-52.26884,-31.708029,37.71184,24.301453,-10.4029045,-42.457253,8.909346
-6.5772004,-43.52543,-36.941185,-5.0904474,34.70676,21.238441,53.45261,-43.406467,80.16266,46.89447
-28.488306,-78.965546,20.754322,-13.695755,41.902966,-2.241434,57.632812,1.2391996,61.850735,-3.0468087
33.917213,17.43071,7.0486712,7.702072,1.3509457,-56.237858,-44.191925,2.9202347,3.2237089,-40.727016
-22.4289,-13.163207,-4.421625,-91.78793,3.1504889,8.244265,9.748229,-23.391457,-68.93258,4.825539
21.064451,8.185282,33.35644,-50.354008,27.989576,-24.992119,-34.476524,55.526577,-7.414703,-73.88229
-47.457813,-49.282635,-45.424393,19.677315,-6.997106,-33.957054,-42.41949,-18.990124,-31.398548,14.897358
-4.5939007,0.19990417,-49.34625,-64.896576,-2.5433934,41.11891,47.423046,-6.516088,-73.62497,37.71983
-1.9918475,-11.805523,-30.028904,-91.541435,-12.044831,-5.0182824,2.651549,2.2729352,-68.408394,8.744125
-43.954823,-23.545227,-49.275936,-53.14938,-8.960068,1.8980899,-10.817222,-7.711462,-51.43649,32.466698
-3.1473887,41.43792,-19.322065,3.0095813,31.001942,-69.28189,31.867804,-42.11381,30.942934,-61.46118
-10.871562,-24.060284,18.897865,11.748658,12.222084,-69.83865,54.21747,-25.858206,-41.074078,-10.353639
-44.871464,29.571686,-22.763536,-11.723991,-0.8815161,55.18362,43.7181,-1.3109361,21.244795,-18.038654
-13.6324625,-9.833741,-52.51993,-21.760187,18.319685,1.2383769,-2.6188893,-18.240932,-63.587357,68.08357
1.3524983,-56.23512,-28.811037,-18.459282,16.39444,17.128513,69.83826,-22.592075,81.8174,40.77778
28.023542,11.1529045,22.290981,0.14365757,29.086672,-27.205229,-32.3076,32.76291,-13.616653,-50.864178
-18.269548,-81.358475,1.4779336,-30.456345,15.772074,-7.584278,59.981514,-12.2390175,76.8835,18.62172
-1.0456185,-8.854385,-42.22323,-74.42304,-29.864403,10.928832,9.647153,-13.1925745,-34.10991,16.531328
-9.719408,-61.085728,-5.1182513,-45.49156,50.116425,-16.901901,40.00255,-14.450787,63.348885,10.923725
-34.782024,-32.46054,-24.139189,-76.20003,-18.657543,6.442974,-43.47426,0.5280767,-8.008376,18.345428
12.269136,-62.311573,-1.2789143,-50.191376,14.625654,-1.016073,28.781082,-4.3077264,69.8383,26.903296
-6.0419993,-11.736822,-26.335653,22.607166,-5.5809493,-44.97266,45.439896,-18.424417,-49.75087,-15.424496
12.555049,17.734144,-15.071637,-0.11265907,-45.58762,-44.11203,-51.33536,9.623815,-21.490925,-91.487495
-24.550734,-26.21592,-65.84729,-34.39312,17.88883,-31.495401,-21.958681,10.190373,-54.256264,31.333677
5.5224648,-61.866802,-8.810185,-26.016344,68.00278,24.930677,21.335394,19.246855,73.64302,33.05122
5.0737247,25.963713,-36.053165,-45.7614,-33.078644,-33.716824,34.070225,16.029812,-28.697649,52.9347
-36.524395,-23.085545,-1.6050143,6.2598352,-6.275365,-40.97907,61.997612,-58.193317,-10.528,-39.060734
-38.605885,33.552383,-22.282543,-51.833252,21.947025,52.52665,21.956419,3.8849642,45.85124,-42.979042
23.069023,-54.319077,-25.438215,-32.705685,34.10691,20.563501,20.595825,-9.018843,76.82079,-42.159798
10.530653,-44.551666,-13.117329,-40.71786,29.13652,-0.9212739,30.861296,-35.878773,85.32575,20.332073
7.3524356,-51.633358,1.9788141,-29.813274,40.815773,2.38249,57.2713,-31.672863,65.49405,25.26466
32.795036,-8.717725,-30.90189,-6.3163247,12.502155,-15.155309,17.66638,-28.693886,-50.044136,65.55895
-54.019035,-44.451164,-26.701118,-34.17308,-1.7443155,-41.67349,15.926792,2.3222451,-3.9951704,20.235605
37.98317,-1.2852374,36.59162,-4.055495,34.98915,-11.091002,-13.59101,7.433851,-16.313225,-93.280975
-22.931816,-10.202975,-31.849781,-24.274536,30.528406,10.1399555,35.917896,-18.409412,57.982296,8.898039
-47.906017,-35.72873,21.197706,10.47902,-0.47620192,-30.210571,70.60267,-16.37362,-19.362713,-5.0610933
19.55199,-7.5407705,39.824387,16.94182,28.849154,-69.93293,-18.968977,19.928898,10.01576,-67.34613
-33.498188,-48.83921,8.116343,2.3195965,49.03738,-15.621895,68.48669,-48.87901,56.237385,15.344566
-35.762802,17.06128,-44.686275,-48.9177,-33.780907,59.556114,51.651752,-31.358147,24.452946,-29.460587
-20.270243,12.121951,-1.3809243,-56.883804,9.759859,48.2324,33.837322,-7.506804,85.84996,-60.65405
-25.09524,-12.286226,15.841753,-44.37919,-31.419367,11.350906,34.796154,3.184104,22.287498,-70.60255
-31.775864,-37.789974,34.341953,-22.278145,7.9524,-34.03526,37.089104,-46.83734,-48.853867,-10.596744
-23.244753,-4.828584,-48.847572,-67.05406,-7.105427,-0.521838,-6.421445,-30.614216,-81.046295,23.22216
-40.70785,7.5433526,-71.42552,-74.51333,-14.219865,15.951734,-22.837133,-5.235913,-48.505455,0.668695
-5.0687943,-32.733032,-19.922968,12.226969,12.863223,-42.704174,43.625584,-24.782991,-35.39537,-48.801964
-46.405956,39.981873,-68.3566,-24.433489,-8.998631,26.550114,14.935654,30.487537,58.851284,-31.066774
-20.150633,-22.20814,-10.314818,-38.436703,4.5851192,-101.48073,42.91797,26.167086,-46.706837,16.086824
-6.545815,-52.835026,-12.664731,-28.160925,-18.716387,-55.6079,-2.8390493,-34.974155,-15.140552,15.91596
-53.509823,1.032264,-22.306253,-34.42874,-2.2055833,27.606598,26.230011,7.621403,44.714027,-57.09163
66.697655,11.139221,8.969189,-21.702105,-3.4890888,-17.099745,-48.361786,11.260105,7.486314,-34.169994
1.690127,-53.499874,-26.158176,-15.406195,40.0893,15.665051,63.351128,-33.413788,55.11626,45.920788
6.16079,2.1867063,-53.182697,-91.68668,-34.184746,10.466748,5.6985826,15.308234,-59.639893,33.08162
-11.001167,-51.36208,-41.48571,-19.560371,9.295299,3.6094706,61.70313,-29.377993,34.336266,50.53563
10.2727585,-26.789125,-53.109184,-34.05814,-10.686485,18.10757,11.0647745,-31.63293,-18.522066,13.301893
-4.658328,6.07865,7.229728,-39.97153,-8.417404,-19.960402,2.9944463,-0.50342816,35.24574,-37.996872
-15.252373,14.135909,-43.00141,-100.19458,-38.96396,15.798127,3.023333,11.976308,-18.08328,30.170326
-50.2893,-81.45443,-9.001229,-37.156834,81.394104,5.9441137,-6.4918137,-11.832326,85.72365,18.871819
-56.068447,20.769665,-42.148716,-39.957905,8.836334,41.034798,30.168335,28.34013,59.66358,-55.563843
-37.441566,-40.74273,-14.993123,6.7791862,20.69884,-64.9247,5.6517763,-14.086076,-27.167805,-1.7425342
-8.738305,12.142583,23.409815,12.4728,-34.516407,-49.511032,-13.052037,16.29919,9.0591345,-69.34735
-41.763866,-23.75773,-4.0409408,-9.370017,-0.95650154,-94.40692,53.481712,10.570932,-20.5623,-34.554367
-22.195398,-31.018492,-27.478039,-55.449738,-32.21718,-15.189373,9.873382,-15.136003,-36.669395,31.610445
32.851845,21.000643,21.810152,21.687033,-15.42122,10.804583,-42.58664,-40.48376,8.151428,-67.77643
-56.777897,-58.739082,-26.507425,-62.713894,-21.022923,-25.99014,-48.91325,31.949135,-6.355161,16.793434
0.31767738,32.571907,61.52309,-12.059539,-9.382613,-55.004086,-33.790203,-43.402977,-2.124454,-68.88334
-0.7074414,59.69356,47.70726,-18.224575,1.5895909,-30.497543,-45.711884,-21.83523,-6.77643,-65.22725
-34.78105,4.599554,-33.788136,-24.247557,3.1978118,25.018007,46.43465,-7.7331266,59.653175,-63.282898
-41.850235,-47.284065,-10.317648,-13.966155,26.622032,64.71142,39.174038,-2.5531821,52.91393,-30.878721
-47.444046,-38.796303,-8.19122,9.764979,-18.716862,-33.11382,62.81425,-13.605805,-13.123723,-41.001774
1.1898316,-57.257626,-6.443505,-72.24116,-27.07991,-19.333164,33.818947,11.617885,-7.4010987,59.31584
-20.864294,-11.819502,1.4411993,14.740415,9.236406,-8.710077,46.261257,-45.38894,-20.888613,-48.77723
-2.722974,-0.6042446,22.37111,-0.74392146,20.35214,-61.301743,-39.63311,13.940862,11.1302185,-53.356056
-23.348951,-25.269241,-16.473066,-23.282316,6.8292446,27.352394,53.305923,-17.667665,48.04019,-37.289337
11.316899,17.271221,14.202488,24.326082,-6.925789,-42.30515,-51.371162,42.355026,2.8774827,-27.606
4.188738,-48.88922,-6.413826,-24.322664,27.411861,-2.8658583,67.90083,0.14226276,38.517582,19.558138
-4.9020386,-39.348724,-16.72368,-52.2343,49.085957,28.210852,24.013624,-10.471601,73.38641,14.759653
1.1592193,-65.25979,3.4463615,-31.497051,45.319473,-10.737438,2.5602987,-26.850246,66.71204,2.5024672
-16.604555,-33.450684,-19.568205,-53.933273,-40.072124,-31.729034,-14.584123,-3.6718621,-72.91187,33.1882
-17.230669,34.957703,7.51829,-13.101175,-28.028385,59.231316,12.823206,-51.862106,42.784805,-41.906986
-51.562294,-51.09654,-20.956848,-9.371388,35.669308,15.339168,45.782207,-36.76864,87.10596,11.725609
-8.000187,-58.98887,16.555582,-39.161293,18.680357,-3.2832713,35.79802,-48.835808,20.29003,7.9159274
-5.7003627,-16.405445,-72.80087,-32.380676,28.15672,-34.499504,-14.75602,-18.085436,-43.22031,51.68927
19.56492,-8.6016,12.428682,27.147045,-8.215,-23.250452,-23.913227,-14.496997,-0.24302264,-81.63545
-5.6622005,-29.205685,-6.477874,-0.703559,-9.392786,-49.033855,38.732323,-5.544716,-37.202576,-26.859594
-38.864094,-3.9802108,2.6297698,-59.083435,10.68145,0.40299952,28.333157,-20.603542,15.435776,-23.454638
3.942942,-53.21204,7.971049,-9.885109,45.3559,-4.464941,54.054382,-36.538464,57.762455,11.596474
3.2062774,-54.534805,-3.9998019,-44.104534,50.80054,8.350814,24.033886,-45.392414,81.11584,19.342009
31.496473,13.070414,10.996993,34.89587,20.946428,-11.840235,-41.751305,33.83711,-11.730148,-48.52616
12.907093,-13.19906,1.4909103,4.0102186,-21.003172,-39.66836,-13.10481,9.572294,-22.988323,-40.413044
-17.470354,9.173752,-6.201029,5.2692986,-15.283301,46.57778,-3.8991559,-6.532287,58.82567,-51.73006
-28.872856,-39.846214,-30.137768,-51.354176,-48.611004,11.423482,37.736095,11.229199,-27.588818,54.567696
-14.103364,-56.11813,6.0868955,-35.66683,64.881226,0.042455673,34.913963,-19.605371,52.64826,20.702066
-39.173733,-15.718856,3.0580647,8.324285,4.787799,42.585655,27.218477,8.051712,65.443016,-54.772274
-7.283665,7.060665,10.718552,-31.320858,-46.89329,2.821368,10.880256,7.762703,0.37586766,-69.76785
24.577044,-21.410873,-59.007294,-49.64913,-37.538822,-0.6765387,56.00567,16.689188,-49.989857,49.94337
-1.0472577,-68.912315,10.485805,-31.887487,28.573605,-14.396746,57.163147,-23.588388,62.27979,20.81703
-1.7822739,-5.628691,35.573418,-54.60291,13.742488,-11.073406,-10.776411,7.8606734,33.86649,-22.29722
-12.299004,-43.10625,1.7995644,-29.899864,33.077354,-4.1175175,33.360027,0.49988323,93.29925,48.850677
7.2974725,7.4109836,12.581682,1.3279064,-37.30457,-58.143597,-0.4777811,40.02904,-16.89383,-97.04775
-52.54066,18.031881,-29.440434,-46.374245,29.825167,50.099415,17.897226,-2.9705977,40.945213,-42.52329
-33.21069,-23.168694,14.278912,-0.19821241,28.072687,-66.071335,39.08203,-41.21568,-13.070645,-18.426731
-30.50781,3.871494,-42.715023,-10.5362015,-21.27658,45.360573,14.656592,-10.118534,67.830055,-40.989628
-32.67491,-74.38984,23.010418,-2.9878554,45.161114,-8.703906,60.626312,7.1412673,60.813435,-9.575317
-44.84065,-28.500965,-18.373383,19.815866,1.127306,-32.103172,45.553482,-34.08512,-26.107433,-15.765752
40.645462,5.56678,-33.865982,-50.904892,-26.000435,-11.007791,51.86956,-10.989448,-66.23192,33.34128
-33.95458,3.616757,-7.6474533,10.135273,4.0464287,39.732365,19.707008,0.587752,62.57126,-51.328495
-17.402296,41.431236,-65.86997,-42.952744,18.996363,48.184563,5.0419917,24.326162,44.03433,-59.47602
-18.914984,-55.740112,-8.769807,-8.796785,20.187624,26.65158,57.4219,9.187728,52.699738,-2.0383728
-51.104763,37.67988,-64.8394,-27.254274,-11.261575,19.214502,23.526197,23.46408,73.11812,-52.62364
15.674253,7.2750063,11.311644,36.654224,13.278372,-21.06393,-56.063625,20.067493,-10.791306,-61.36351
-39.171886,-3.6981328,12.912053,-20.766855,-48.020054,-63.235577,-16.017155,1.8638475,-19.066532,-107.06788
9.0209465,29.482555,12.48786,-22.888569,-19.865885,-41.80092,-46.178288,5.5966015,-11.066292,-52.01291
3.519376,-57.4369,-1.3430673,-31.588287,37.897972,25.62865,63.50671,-47.616722,85.65662,45.56866
30.42565,6.2386255,12.114089,28.5117,10.619112,-9.867003,-42.467457,26.433672,5.5774937,-46.017326
-15.11585,-26.137968,15.085235,2.59676,-15.718037,-53.702908,50.86505,-57.51591,-33.55603,-18.05837
-30.060328,10.632247,-38.865578,-19.716171,28.73094,30.176813,30.722723,-1.4665035,36.4709,-54.196835
-16.32009,-12.550483,2.8634043,14.271883,31.664345,-39.755,47.23782,-75.65895,-24.738955,-46.488182
-52.039494,1.9706974,-20.520006,-35.17633,1.9515905,27.374214,38.50902,22.801071,50.50247,-60.358715
-38.535522,-58.967678,6.564962,-12.124422,-38.117363,-40.174362,62.438335,-25.505365,-23.18573,-34.149624
13.298722,-60.483837,10.000301,-19.395733,54.262344,12.656726,49.19129,5.909325,69.65997,48.990456
1.3677588,-35.469128,9.452728,-38.75313,18.210428,-29.333204,1.5133007,-37.397682,92.925125,25.16263
7.1603575,-40.536957,9.963851,-12.687078,44.234814,8.490052,46.49964,-62.74408,65.27636,13.447853
-33.691643,42.270687,-55.582443,-33.947838,16.045717,53.710197,14.840913,0.29712266,52.38026,-38.271893
-9.796247,-45.072727,7.657477,-8.639248,-12.891967,-73.433685,52.537064,-27.11844,-36.143467,-0.68154675
-13.054124,18.68544,-53.762978,-83.862404,-28.41711,35.994324,10.654254,35.954308,0.31950742,37.98136
-50.207874,8.315343,-29.289923,-49.32218,27.01976,49.181892,42.639095,-8.5517845,38.28915,-57.40103
-42.970234,-9.874265,19.052242,-3.5078814,43.292828,-48.00898,30.594328,-60.618378,-32.239143,-31.622591
27.998075,-45.01357,-10.455141,-13.337849,39.32889,23.365473,47.787407,-35.938866,80.92203,37.734245
-6.4716215,-77.21396,-27.235239,-29.28161,3.8817794,-0.8576394,62.455093,-68.888405,72.42068,10.487057
-53.535454,-23.64423,-16.058462,-61.834007,-36.31699,-2.7528481,-25.668945,27.438261,-16.105711,28.888107
-29.476677,-53.940903,-33.25863,-66.20608,-14.562272,-27.129221,-25.623259,-15.067366,5.2398286,12.032469
4.6209373,-79.52511,-12.207015,-33.227837,23.699083,-3.4431741,63.719788,-32.844883,60.83061,14.663242
-51.920425,-20.8333,41.350956,8.861152,21.488297,-59.833527,44.085938,-26.339104,-23.495562,4.777347
-30.347206,-27.799896,-8.934546,-29.243586,26.12298,-9.628704,48.194115,-7.166601,34.573074,5.831934
-58.770485,-15.673904,-20.959146,-16.296225,16.59587,39.863586,31.791544,-8.955064,55.671284,-54.455788
-20.503426,-61.613846,-12.537484,-10.782985,-51.514732,-0.57992476,-12.131884,-2.2489648,-53.40563,53.991108
-23.60074,-69.55157,-9.316425,6.728712,23.271572,18.866257,34.575382,-20.277876,39.410202,22.807425
29.66041,-41.63171,-73.802574,-59.491344,-28.638687,-40.92342,-45.276737,22.994377,-2.949432,17.847311
-46.941277,21.19537,-43.401638,-31.414333,-9.187553,50.49207,26.615091,-4.7871327,50.60236,-44.564713
13.109614,-72.372574,0.8790292,-24.498695,45.317154,29.98206,24.822676,-6.129511,62.44756,31.88103
-32.26058,-11.509814,-41.035954,-25.72153,-10.384656,47.989426,55.16214,-15.118081,60.88805,-43.15237
-8.903596,12.141115,-32.388794,-79.49547,-50.112297,11.612216,0.047492027,19.025654,-18.052074,54.891167
-48.81364,-25.326046,-50.488544,-9.222375,-16.81227,-2.8246732,3.395386,-23.311607,38.114254,-35.954575
-36.47957,-49.431416,33.306564,-2.0379577,23.613703,-40.997192,42.302624,-37.542786,-66.82736,-14.77969
-2.17944,32.248905,17.272425,-5.7069964,-29.970299,-43.230618,-20.637894,-17.610435,-24.503944,-108.10002
-33.15021,27.12502,-41.202072,-42.885414,21.169567,36.18935,32.78173,14.861781,41.44991,-57.70105
-32.65467,4.7109914,-12.187837,-23.299809,9.934919,26.729473,48.338905,6.7723203,-24.392162,-79.14879
-7.340616,-70.02191,-14.895204,-48.87567,66.95957,12.077117,9.340323,-12.283404,84.37714,34.13919
-35.326885,-8.807791,28.570736,-1.3747714,27.046051,-71.51843,27.114397,-7.613007,-32.024574,27.460257
19.905622,22.137886,19.14898,4.4362555,-37.808834,-34.49014,-32.008614,4.2437563,-1.5740026,-45.222923
-38.802265,30.557812,-3.879768,-34.166336,-38.079163,-23.396759,23.625227,-15.415057,11.415791,-50.526035
20.660444,-65.877495,19.31283,-71.35178,-1.5249693,5.923381,50.66296,-52.068253,37.489117,16.90867
-56.967335,-23.257238,-91.36493,-48.352547,28.155622,-5.3494387,17.50691,-20.849213,-66.76923,-13.684365
9.240145,-31.025126,16.294853,-28.89496,8.060685,-46.668808,0.09379548,28.504398,27.311893,-22.616648
-32.278454,-11.691215,-59.137577,-27.775585,2.2061553,-31.271862,21.93197,9.129708,42.371418,-50.17019
-38.892258,13.547537,-18.890026,-22.886936,11.120695,64.37308,45.714497,4.5197377,38.507404,-57.330906
-16.737133,-3.8814237,-38.932274,-0.42384493,-21.261679,32.99546,59.531597,16.0962,47.310165,-12.174757
-6.909848,-75.69749,-13.690291,7.143549,3.5929077,-31.007761,36.420193,-105.54079,52.83498,1.2295299
-58.612503,-41.72149,-20.278505,-18.512396,13.635877,-32.054596,-1.9172019,-8.163184,-23.919346,6.545729
23.416431,1.0762233,2.002608,-14.514944,8.42921,-58.699673,-34.161537,30.182514,-3.7209656,-74.206604
-8.897879,-49.77866,-21.14924,-36.982323,40.492706,15.230727,47.277397,9.798589,56.01746,-28.663502
-37.501484,38.500088,-34.1826,-44.52267,9.805774,43.458164,41.767677,33.810005,63.20776,-46.160774
-27.16634,-1.576513,-47.482822,-52.69788,-37.030125,29.110798,21.81205,21.224537,62.028522,-78.15333
-53.957478,7.947382,-42.508785,-7.7122955,-6.8594317,61.149605,20.4161,-14.142312,61.79454,-29.943287
-51.684887,37.179737,-46.0703,-25.433893,14.856893,46.897865,39.406227,1.0542184,42.390575,-30.09411
-55.23632,-45.620987,5.640037,6.5933294,-35.220707,-25.123846,62.719425,-40.35812,-8.828808,-34.58523
-2.4076924,-45.86913,-39.378925,-15.4945135,32.14582,14.874906,51.079636,-31.333786,57.080143,49.083336
12.237306,-6.100881,19.099182,-12.728639,-14.913881,-38.7888,-11.36307,37.88644,-3.9548588,-96.25393
9.354843,5.6589146,52.47464,-7.1411133,10.556606,-41.010117,-19.733438,24.450562,-6.216682,-90.48183
7.051347,-30.267447,-46.04346,-24.79866,2.6641753,8.073282,11.764055,-10.861577,21.033918,23.561167
-59.058186,-51.112995,23.204288,7.038226,-19.454332,-37.618023,60.532536,-36.381725,-32.62786,-31.025414
-17.870205,-20.489042,-9.72732,1.504617,-2.4972272,-70.23889,54.482746,-26.283266,-35.79604,-21.213953
-27.600273,-19.77387,-20.591896,-44.84353,-4.0753303,-25.296898,39.663067,-25.992105,-17.845915,-11.541991
-34.377132,27.990051,-68.89792,-56.593193,-21.268307,33.377464,6.5018997,-9.234959,-60.573555,30.859545
6.9402776,-5.6132736,9.320505,2.785323,-26.883926,-50.148567,-5.4832964,-19.009508,-15.741508,-20.945353
-5.8375053,-1.8407105,-32.126827,-9.226181,18.814905,43.922604,39.207664,26.262693,4.0031633,-79.41191
-66.48315,-10.599429,-13.502334,0.3217255,18.290499,60.929615,36.671925,-3.1479926,71.052185,-23.343313
-31.800379,5.929374,-52.40784,-15.565802,0.1314252,67.13938,40.92102,0.2831086,54.07348,-32.541027
-22.021345,-48.792637,-18.91895,-40.038635,29.665865,10.384569,53.88002,-2.330003,63.17649,44.45992
4.8713107,9.049157,-59.18624,-58.546577,8.461052,7.186492,1.7741957,-6.5995336,-36.862488,6.6338277
21.188694,-23.356035,63.042595,-1.5480088,-11.787226,-16.862032,-17.791616,33.457684,3.0610762,-66.12958
-22.7328,3.7986457,-10.924783,-43.143803,-20.889181,48.443134,53.118557,-37.560833,51.57126,-66.57747
16.379322,-8.648948,30.679855,26.621382,4.304948,-15.826914,-28.736837,-38.391495,-7.223173,-73.95104
-47.01015,11.888523,-43.071167,-35.27199,35.160183,40.103966,29.61758,18.872633,34.86469,-45.554817
12.562287,15.669915,8.790612,-7.838487,-8.564753,-40.97198,-53.736885,15.150281,-5.6270156,-37.47909
30.658234,19.777582,-7.003948,-28.880005,-11.122593,-20.282978,-57.211296,14.095056,-23.19049,-46.276745
24.037832,-48.49575,2.8188949,-13.947049,49.694843,-0.29610002,52.323906,-31.454533,60.20166,27.084915
12.176149,-64.96488,-4.062854,-45.330452,22.652414,7.028428,33.511044,-23.902895,73.08903,27.929379
-26.52698,38.43076,-53.067234,-14.402531,1.4520826,70.858665,30.62807,-12.804641,63.647747,-30.008694
17.838339,0.42481628,38.58099,13.390303,-18.678156,-55.86328,-30.362024,17.41153,17.249668,-42.012432
-65.61624,-31.996704,-6.782895,22.920914,-2.6230154,-35.660213,53.452892,-25.660666,-18.86456,-34.818996
12.74287,-71.61476,12.28721,-69.1564,14.172295,-6.573784,46.638004,-45.117195,64.560074,30.924711
-2.379257,27.43154,-24.953808,-12.7626915,6.629776,25.699383,52.196037,-13.964858,-11.287808,-71.62905
-17.758762,-68.37888,18.540768,-16.877851,33.96,23.847033,37.30805,-27.062145,67.10992,-25.06637
-13.696024,-54.54399,-14.856945,7.329047,-4.1033363,-82.0227,72.85645,-0.82003844,-3.4428563,-32.51975
-30.80964,23.349306,-55.15055,-59.888783,7.7823133,24.915382,6.1987677,-3.3267703,-20.969973,-7.964559
-58.510513,-6.9291935,-32.763004,-15.055776,7.8149176,55.18535,36.854477,-16.2105,67.88922,-31.653091
-31.533045,26.522425,-9.668729,-19.530334,-23.536747,19.729866,26.661678,-34.57339,31.111546,-43.555458
-16.148973,-58.357056,-14.483124,-21.045433,12.669272,-75.49865,56.9752,4.0048738,-49.721,-34.577286
-6.6675267,-39.325794,1.5277131,-19.904705,-22.951998,-47.26639,62.567776,-17.882723,-54.880512,-30.22716
-28.764826,-36.699554,8.67259,3.1953266,-26.818705,-54.044926,70.37202,-7.6690125,-29.1758,-20.299353
1.0345578,15.001581,18.04353,13.883412,37.79867,-8.205942,0.7963278,12.802588,16.51888,-85.345604
21.511984,10.388847,-48.225155,-30.676191,-5.548911,3.5159943,8.874286,-11.88507,-43.33882,29.850582
-45.93474,-18.912289,-18.462904,-18.018074,3.6005776,13.916318,45.724533,15.995204,55.749683,-74.87162
2.171267,43.935757,4.22112,-17.460932,-3.3260832,25.097744,18.624018,4.406922,5.477125,-73.820465
-26.367031,-1.6691594,-46.941086,-78.48976,-15.005915,40.54809,35.131824,-7.278594,-72.02202,27.275078
-37.800785,-4.5888767,-23.82135,-19.72618,10.933698,58.215553,45.514214,-18.840122,37.505856,-40.173405
-0.108829424,9.516063,-81.81693,-78.369736,1.9944626,22.639378,19.286114,-22.605244,-49.995502,23.335636
-16.921324,47.102203,-13.954437,-24.572292,5.5706654,23.436651,21.253304,-19.530258,42.886623,-64.61684
-45.02241,-5.7803125,-4.0885534,-59.93631,-1.0673819,18.155462,48.204037,0.7082725,13.533817,-39.505432
1.3511657,-66.68624,9.41287,-41.206615,43.294193,-6.299954,36.272434,-22.646477,45.738102,28.557583
5.6314135,-68.36443,-28.861444,-31.797623,14.75959,-2.6010575,40.73612,-29.312315,42.822186,12.360762
-30.018087,18.616785,-41.03728,-22.692661,7.9785557,40.210686,38.765453,-9.829943,56.87605,-37.445335
-24.143417,-2.6830244,-32.539715,-39.524975,31.784771,19.836254,59.368618,-10.977852,58.622654,-54.055428
28.963758,27.807032,-11.567223,-14.76637,6.4230633,-35.989773,-46.83623,39.8692,-35.22982,-35.802868
-8.153093,-81.91008,32.839485,-29.98665,61.70887,-6.917764,12.312465,-32.8964,59.825275,-19.868713
-19.385582,27.32024,-58.82837,-57.256664,11.1688595,21.868193,51.86304,13.201081,52.640648,-49.411385
36.277725,-56.645664,6.65165,-55.462284,28.20201,6.828374,14.181781,-31.419588,75.22849,21.641033
-18.803871,-29.039385,-10.257301,-38.86988,43.73431,52.67592,9.684477,-29.295137,65.20445,-70.30976
11.873864,-27.546139,-61.295128,-71.11857,-58.194813,0.4957919,21.922094,-13.961833,21.087202,8.113438
11.12325,-12.900073,-57.368736,-48.329704,19.447206,-37.265896,2.7951384,-25.349865,-41.389465,45.192055
-12.899327,-31.953482,2.4952078,-48.025356,-9.487219,-53.440407,28.053633,-42.058144,-29.99662,3.7888227
-5.7782135,-29.333279,-3.2616034,0.5803592,9.544948,-39.120518,26.352942,-16.295097,-35.02706,-31.075314
21.496109,13.682792,10.060583,15.828414,-16.222605,-40.98395,-39.239395,9.385745,-19.279242,-25.00167
17.674355,-33.928596,-50.72858,-33.797947,-6.1420383,34.682674,22.806053,-24.922855,-52.929565,1.8343644
-38.26001,-30.68409,-25.647234,-30.526339,31.960432,27.072454,24.292475,-31.44314,58.107754,-12.083219
-3.7742097,8.063937,-35.779896,-87.02216,-6.467105,18.08258,26.148178,-0.5447728,-57.59226,17.976067
-29.606184,-10.001507,31.058674,23.286453,11.403939,-39.166824,74.80279,-30.867313,-0.78519845,-24.069695
-18.958364,-12.522201,26.961681,3.2680233,5.016053,-40.626728,38.34797,-44.58143,-22.1462,-7.522185
-14.040096,1.4825289,-4.2710342,-41.626762,2.6651547,21.443748,42.38663,20.69181,-6.1988435,-64.911896
0.4167267,9.010271,22.218267,-8.997326,-7.3063226,-66.20466,-22.415157,54.74542,-17.570633,-90.0053
-35.7291,-24.297478,-44.92781,-8.78449,28.07934,-21.854382,34.360214,32.795002,82.44541,-1.5135739
-24.957287,-43.390167,-48.881855,-61.85184,-5.323784,1.6546533,1.354248,3.9361172,-26.528564,-1.441192
-53.83834,-62.48368,-1.2386961,-35.10072,66.00897,-1.2522702,63.817387,-24.53891,45.58303,14.613548
-42.606987,40.94834,-33.25569,-42.694603,10.616589,80.98564,34.316334,17.194433,16.0361,-42.80021
-19.73799,-71.13842,-18.474327,4.045433,48.479057,-26.495548,39.611416,-39.960014,112.008286,15.205145
29.906544,-2.4021022,-2.3832495,-15.965593,-17.923285,-24.771404,-50.054317,26.560104,-34.77507,-54.970325
-31.657515,-65.3677,-19.672249,-41.038826,9.376833,6.988927,64.234825,-37.55257,32.535244,20.999292
-48.383186,36.72648,-55.164806,-44.54075,9.0168705,74.229774,29.496565,24.333273,27.207142,-41.823574
-11.925761,-23.108961,-42.36624,-34.330986,-8.539807,-35.56632,-7.9616137,14.241942,-59.927418,67.72053
51.38143,6.2413645,-53.03343,-77.34734,-37.69803,4.6898584,60.484287,8.859954,-50.946655,44.67798
42.428993,6.1358767,53.27756,-56.642906,-18.85168,5.031518,-6.7591457,33.8773,-11.659685,-76.71286
-4.744958,-60.21469,-26.169458,-12.941678,65.40704,1.8625617,34.293564,-23.113518,70.20068,9.9061985
-42.35416,-33.81211,-11.351847,-21.820276,-14.2887335,-55.601627,25.03313,20.979446,-39.37202,19.735626
-34.134632,-10.915036,-0.2192574,16.788786,10.78945,-67.80642,55.406734,-5.2875056,-18.276844,-13.991961
-22.87594,10.546575,-29.578499,23.507803,-50.900997,-8.752687,14.8114805,16.489952,-51.223896,5.3818088
-17.478163,-84.18239,6.222383,-26.675837,62.86052,11.618001,44.84187,6.1744256,67.756966,15.466185
17.197952,17.040766,57.87368,-27.408165,2.715455,-37.833225,-7.3481374,37.966267,-14.884905,-80.30238
3.0988543,-34.23865,18.313366,-6.54087,13.011113,-71.05222,51.90118,-56.69011,-28.855839,-18.934341
21.190691,0.65833807,19.846817,24.315578,-8.94267,-14.326933,-19.47243,-35.767918,-20.012756,-68.948494
-45.885742,-10.825752,-46.89716,-44.095715,11.627491,-20.649221,-19.462234,2.321312,-80.13548,27.445196
-2.9811633,-29.747671,0.775444,4.804126,-23.050766,-70.64079,37.645054,-36.429707,-32.884666,3.6700144
-11.516934,-35.945942,-2.2074466,-11.486427,23.149193,-52.52274,56.093132,-27.629803,-44.02204,-30.850008
-17.197954,-2.4839668,-46.62266,-48.632504,13.26618,16.339264,33.86096,4.9538684,61.885532,-47.783443
-36.160423,-53.12519,-11.682716,-7.2154365,12.217798,-65.81502,-2.4150696,-1.4961499,-30.972683,5.8110895
-45.455185,2.4329627,-26.696526,-4.2339916,6.069931,-2.6844208,24.395412,-37.55548,-45.868244,9.319405
-44.48522,-60.721355,21.891499,-15.0284395,11.00746,-68.67566,41.367287,-11.045925,-18.448376,-13.074602
-51.372807,46.69084,-51.9927,-44.99493,-2.993552,47.545208,33.400696,7.4773293,39.41959,-13.3924465
-59.406086,-38.74139,32.8886,18.826878,-0.7966971,-34.081703,58.978195,-18.280071,-25.301985,-15.182424
-7.9438653,-24.83766,-0.17750633,14.148335,3.551208,-63.52379,55.672466,-14.9572525,-10.149883,-2.5995963
7.427322,-14.538018,-32.71051,26.190107,15.7053795,-40.778553,77.07718,-53.303616,-27.900305,-59.938618
-38.42265,-26.383121,4.6899867,6.2272997,32.96175,-42.931454,43.273792,-30.786964,-33.740772,-15.477207
-12.225971,17.537683,4.3206983,-3.7213676,9.429292,32.813133,13.930481,-0.88594633,44.996273,-57.726784
-10.77882,-18.853037,9.671773,-9.518071,7.4243526,-59.76063,47.75661,-62.637085,-20.901833,-20.995779
6.0728545,-48.48969,-11.000276,-31.565826,25.034494,28.91696,54.8122,-56.771053,-0.048107978,61.462498
-10.1083,46.43238,-58.17336,-65.07647,-9.906776,26.433197,21.873203,13.776612,19.166792,-0.75106543
70.27289,12.15026,8.7427845,-41.63013,2.452285,-11.747692,-37.557423,6.961411,-21.312656,-85.30519
-41.012207,46.71209,-27.858246,-50.368668,-14.570603,58.25856,26.909018,29.521217,59.38422,-27.63735
-32.57386,-29.333221,17.847004,-10.3482895,25.310827,-85.8913,32.494118,3.915141,-31.295881,-0.38228467
-11.909904,-59.30289,-15.868195,-27.524555,46.20088,0.59864116,47.686813,-19.048704,64.71828,0.38013864
-12.494259,-27.479815,-52.16023,-60.374363,7.4369526,-13.4187765,-12.199473,-21.030191,-22.668886,27.457159
-4.347801,-43.799114,-5.260684,-22.485899,50.599167,9.873136,33.578465,-21.83166,65.72963,12.95249
-24.367771,18.683987,18.402344,-40.52334,-25.31535,3.0528262,40.17881,13.879459,33.945873,-68.331924
-10.0475235,4.661275,12.436228,-13.729662,-15.910776,-52.380424,-15.30199,-4.324335,-16.445599,-115.27531
-29.062109,11.585449,-16.583538,32.217392,-11.719141,-34.596603,22.075548,-22.296713,-18.182028,-4.0707383
-15.0701685,-14.019189,-10.521803,12.791031,5.834691,-52.201183,47.9556,4.537939,5.2950644,-26.07063
-38.51109,-9.12182,3.6299543,-93.60997,2.9057853,17.879814,-2.8259633,-30.28265,-86.7689,12.954508
-10.827274,-41.92854,19.093859,-18.024862,2.5448322,-27.85856,58.11796,-70.930466,-25.217537,7.8633246
-15.60263,8.760383,3.3648837,-31.304646,-68.56002,29.926008,-5.398664,6.100538,36.916973,-45.290237
-9.639955,-30.364035,-20.66314,-20.996494,-22.943373,-16.350077,30.89037,-31.600988,-2.8610718,-16.06908
38.608078,31.433235,-2.1552243,-12.479672,4.3667736,-25.73153,-57.76443,-9.501025,-26.419605,-54.61324
-11.423763,-32.10223,-18.729452,-52.828976,-42.02775,2.752947,17.815151,-5.5766306,-29.26727,27.36421
-26.158886,-23.774914,20.057238,1.0212777,33.9047,-37.465027,28.359566,-50.087322,-35.269886,-12.752598
-13.6744795,15.456661,14.959368,18.23861,-13.485494,-31.881842,-12.817683,-7.384687,-20.831684,-16.532528
-39.76125,-90.6246,13.432545,5.7443905,70.24941,-32.867783,29.750227,-60.66379,96.322525,3.197928
-44.51953,-77.97743,24.558405,3.545747,3.6704867,-57.169052,48.096844,-29.602669,-69.981964,-22.178173
-53.82813,-10.250276,-41.801414,-23.018833,8.280714,3.669862,17.857407,-30.428656,9.803239,64.23074
-26.95869,-37.653202,-0.64509714,-26.41724,8.531102,-9.498851,35.55465,-41.307453,-36.48514,12.921589
12.683865,10.882958,28.773315,35.6962,-17.899662,-84.232124,-37.78536,17.105171,-7.32843,-37.68368
9.744872,-20.907835,-39.176674,-91.50725,-8.582196,-6.599912,44.458332,-30.893383,-27.355797,18.053633
-11.6811495,-14.437203,-25.545517,-56.8742,39.801437,21.571722,35.34727,-33.586697,55.44382,6.2309546
-13.167444,-36.568226,-63.955536,-49.35741,-9.74616,16.880285,-22.066061,-27.160435,-28.810122,30.73675
50.42279,-52.514446,-104.59259,-67.92955,-36.13552,-7.824413,4.5983458,13.252831,-20.50155,9.981482
-34.833046,-27.05489,-19.396093,19.929705,-25.077532,-58.015774,57.344234,-26.422344,-1.3701586,-28.915545
-7.981691,-76.28429,25.919352,-6.214229,42.670105,-3.6526608,61.471867,-4.912649,48.782757,-11.180496
-13.454022,-42.849857,-29.950314,-48.456333,-26.621563,14.015964,50.729572,-11.114708,48.128914,-41.41246
-13.891476,-60.660164,-26.49055,-7.9907384,52.896053,12.862531,50.31725,-66.1683,64.53706,14.714809
-17.86577,-33.87347,0.74618655,13.752708,27.538502,-37.910053,30.239067,-40.53317,0.546531,-42.94756
-24.152088,21.433105,-48.595856,-46.86338,3.9377978,73.64057,36.192715,9.176005,16.948523,-57.036777
-12.043042,35.95599,-9.330419,5.468645,3.144695,24.633448,16.742414,-7.3789873,13.960371,-57.64015
16.207954,-11.73054,-5.146778,-56.74844,-21.757446,-9.421809,10.191761,-27.450563,-49.847816,72.16474
22.607023,22.459623,-31.309896,-91.59909,-17.178644,57.325897,92.952866,-7.9181466,-88.680046,70.88596
-31.059278,0.7679677,19.699123,-6.4969015,28.29355,-51.37081,-17.073767,-30.667538,-17.222813,-33.2167
-34.108788,-27.929386,23.368595,-14.06451,17.165413,-37.308174,16.954979,-40.202763,-46.534637,-21.288166
-40.899616,10.48768,-32.6382,-13.972602,9.421234,33.963223,34.805767,-22.237116,53.246395,-50.894222
-48.702396,-64.371796,15.613722,-39.78742,70.054436,-9.628311,38.32434,-32.760853,54.890163,5.050031
-11.248186,-41.252373,7.960528,-6.300122,25.125782,-78.9179,50.982887,-59.846138,-7.565719,3.0969377
-0.051563405,24.666748,-1.7422987,20.265766,3.5431857,-41.736378,19.886454,-25.736155,-25.435207,-40.43126
-22.06862,-60.88927,-11.889182,-15.357788,59.917248,7.7524643,53.458035,-58.75014,56.40568,13.448206
-42.365227,33.990265,-15.156321,-63.412857,26.55984,76.45707,28.09472,26.41147,35.45702,-58.934315
13.729425,3.0140808,7.130757,-18.693575,-17.126163,-47.640854,-6.132479,12.523476,-21.960993,-120.30806
-40.501442,-10.01547,-55.970646,-24.645721,5.03129,-45.618504,-22.82457,3.9442806,-49.504013,41.159554
5.979495,5.341866,-58.939434,-33.392105,-7.017738,22.865662,3.2239864,-10.270685,-37.50084,44.275078
-17.715008,-41.360123,-0.6863249,-6.2293606,17.716743,-114.18715,35.48685,8.883387,-21.2525,-4.6288705
-31.40413,-53.77603,12.378298,-51.985714,40.169147,7.156067,45.063457,-36.75586,40.092663,7.9655776
19.4403,-44.024548,-0.6152483,-4.7196727,51.58774,1.0758185,52.3221,-46.33322,59.67509,15.870722
34.48091,23.606382,8.311274,1.4011075,11.33304,-16.82771,-33.216427,15.587375,-9.606795,-70.85913
-18.562754,-56.715786,-23.186335,-10.906866,66.87323,1.5238724,34.867653,-26.441162,66.212296,-13.560555
4.680595,-29.433878,-28.052698,-15.035629,0.47045302,-15.798186,8.099018,-36.975235,-10.900476,54.460228
31.101482,1.9914665,38.430832,3.5849082,10.142956,-45.309147,-6.815969,12.88908,11.039761,-33.3628
25.122864,24.557928,41.41347,-0.45482662,32.983532,-10.9799795,-15.826178,-2.1321115,-19.002892,-96.77075
-3.9458172,25.495811,2.4012074,18.061556,12.160199,-52.369595,-38.088215,22.560442,-32.15706,-62.99007
-35.867012,-79.062294,-29.709194,-46.65634,25.7488,-24.692705,13.157199,-33.60508,39.04817,-25.896791
-25.130507,18.490992,-45.0227,-18.537756,15.452889,38.69097,32.4813,-18.851675,27.308931,-36.181755
-8.359943,-49.58715,-2.8889503,-17.027975,22.781908,11.389297,15.229192,-43.151478,103.57351,-8.522377
2.5925856,-38.57092,-21.375021,-13.230269,40.21315,2.2705083,42.780884,-61.1207,44.762356,2.9803019
-21.962872,-45.81678,-33.386646,-1.6200923,-14.449083,-23.582205,-16.912233,-6.1349273,-25.216347,72.990036
-1.639871,-56.539497,-1.5919566,-16.13807,52.129143,22.408346,58.09569,-35.749714,85.8687,26.486914
-43.7561,5.232984,-32.588833,-62.346268,1.9355712,46.641357,40.267082,-20.697796,26.256582,-20.472067
-27.133804,-20.36769,0.09704429,2.2371998,43.925438,-53.930073,35.9958,-48.250584,-9.36103,-37.44241
34.095604,13.424834,23.982435,-1.1636434,-29.96557,-50.36666,7.9859114,22.432905,-28.319979,-92.43143
-24.828426,-61.678665,-3.7093415,-13.166449,50.836697,24.936848,62.418484,-13.590348,71.28389,41.15448
25.999176,6.159645,23.594494,3.4578774,17.854326,-69.3419,-20.027912,-12.408335,6.1964326,-84.67938
16.530363,38.159637,28.274666,3.246712,-30.10569,-25.411217,-39.883602,-44.507034,3.1908896,-81.56882
-49.190296,17.579891,-27.462046,-47.689014,25.297812,64.45277,22.515615,-25.5452,45.452175,-33.79975
15.7793045,-22.233423,63.424778,1.9929061,-32.19975,-4.7033515,-34.521523,19.388674,3.9427197,-71.21525
-65.40973,37.89036,-31.497417,-32.52084,11.721225,66.28237,33.5784,-14.284541,23.396296,-13.160146
-47.941414,24.105341,-30.2771,-33.50634,30.44772,37.685535,57.275875,-11.108381,56.292675,-43.853687
17.103752,19.465311,53.23359,-6.1444707,-18.400036,12.843304,-45.93118,-20.663233,-20.2445,-77.450096
-3.2514112,13.376086,57.311058,-45.14726,9.519617,-27.301296,-52.131683,13.955643,0.42751724,-84.42235
2.6935034,-28.128082,-54.67517,-11.355221,-1.8086871,6.479912,8.101227,-14.378624,7.566765,65.8665
6.110502,0.3399172,-49.478687,-38.844738,20.632853,-9.592572,3.5663888,-32.292667,-82.45056,44.83535
-12.105338,2.7633224,-3.9652848,3.8228137,-28.179876,-6.278196,44.680946,-36.353706,15.914921,-25.495821
-9.892353,22.67708,-0.5958915,27.140352,11.495436,-54.76398,-71.23092,-0.2844664,15.776997,-80.801735
7.6940145,-24.720999,9.5716505,-20.611994,-0.10015113,13.028359,43.728348,6.810522,8.872899,-43.508907
-11.010175,20.921734,26.994793,7.8063345,-18.132812,-31.701796,-31.3752,11.522487,-11.129382,-19.132391
-18.244318,-43.87465,-11.714439,-1.9474578,12.515617,-47.119225,75.1679,-51.393272,-37.70678,-51.736366
-4.4146748,20.946571,13.486961,-10.841445,-6.3435836,-48.066967,-22.478964,-3.4199255,0.4655326,-82.54181
-35.35696,-36.98484,-26.969324,-44.63696,23.715374,13.597013,12.755591,-1.7177078,79.6439,-7.242053
-39.754005,30.677284,-44.42559,-26.689798,-10.147188,58.881256,27.497185,-2.8375075,58.616596,-37.646694
-30.636162,-5.660914,-20.82879,-24.453434,24.70317,30.210768,51.50631,1.3291144,59.951557,-31.972193
-13.232824,-3.3945494,-16.669342,21.251675,11.207955,-33.75729,54.785763,-37.635395,-53.895863,-16.827433
26.625704,10.710279,0.29314923,-5.556318,-1.7585237,-41.801838,-52.100143,26.259289,-0.28839982,-31.005144
7.068705,40.989445,41.617455,-14.598137,5.466668,-36.799877,-37.516678,-4.1942034,1.7286332,-55.22269
-31.236483,33.92921,-48.301235,-29.95763,-5.8819475,38.360283,13.480106,-0.07709295,35.34789,-49.34036
-70.73299,-69.111115,-27.33466,-25.404732,33.897594,0.85431266,28.990889,-35.938828,42.01885,-13.105954
-24.225153,-55.49946,-31.129871,-10.095599,61.387157,2.7143734,48.91897,-9.798378,62.179317,6.558748
26.483416,-3.2081223,7.8387866,27.480942,16.041794,-12.479899,-52.39206,44.813335,10.687529,-38.147022
24.90763,-61.857426,-8.598466,-46.79504,37.79589,-4.293694,23.959768,-5.752049,73.38714,14.855822
-4.6806626,5.91209,-23.780125,25.047165,-14.234108,-40.8413,2.015091,6.666955,-19.665016,3.6555114
-16.428194,-19.392538,-0.8177001,14.953994,39.019855,-48.912426,43.30647,-49.038815,-8.100313,-25.77539
-8.608131,10.570199,-33.99502,-87.727486,-21.412369,12.877623,5.3546324,1.955921,-31.126186,21.750292
-14.8786125,51.228012,-60.18987,-36.696457,-4.3371763,63.387302,49.923035,-17.469494,40.43626,-53.69076
-37.67578,-24.844748,-2.4497535,4.2538557,14.420529,-3.6468277,41.292107,-34.28165,1.891057,-30.323212
-1.0563581,-8.137378,-48.84023,-94.15279,-50.053093,-4.504848,-9.514306,29.267595,-19.454466,40.787315
-30.249168,16.893429,-20.95369,-42.713066,10.589194,33.656116,62.041435,3.4716759,73.16206,-67.19365
-31.224316,-49.510647,1.8342862,-6.1363573,14.80885,-72.30411,44.47714,-19.099049,-5.232944,-29.9337
-34.09498,60.403378,-36.307076,-36.47518,-14.706515,45.4656,22.504269,5.261082,53.07975,-28.890146
-40.014324,8.094924,-49.831936,-35.17531,-11.394826,-23.217943,2.5457106,-3.3350892,-30.676006,54.090954
-34.77242,-17.510605,-67.736694,-42.543278,22.600914,-35.575962,-20.100412,0.47645032,-62.533382,21.551508
-54.02,8.946293,-10.132635,-3.299485,27.466206,22.429127,56.312946,-13.768485,-1.562445,-53.37508
24.360472,-70.67071,-13.997835,-35.280582,18.537386,13.290606,18.833857,-38.018692,77.37149,0.15328646
-8.755862,-53.56242,-5.504578,-20.607264,16.421314,2.6537416,41.27067,-23.101282,26.229105,44.079273
-28.678455,-30.27406,-49.05849,-46.56802,5.2550945,-1.4084239,24.80396,29.64729,-18.766676,6.69904
-41.205006,25.858881,-44.07349,-52.146,-13.070792,62.64722,6.5908756,13.607245,-22.747023,22.948069
-21.527826,-31.039238,-78.27443,-62.237167,9.24857,-16.12495,19.006025,-7.2157593,-98.37165,6.678303
-40.524693,42.221237,-51.88978,-23.354017,-8.962976,51.55246,5.95615,29.595852,59.255142,-35.798347
3.927896,-54.72394,-13.747232,-26.276886,18.367622,21.739424,63.320892,-29.288342,27.737656,65.49615
-42.866615,5.082165,-28.093983,-53.381878,3.9391577,47.351894,20.377869,6.04114,82.404785,-35.982536
4.0442257,44.50757,23.469143,-26.207472,-24.05824,-49.26869,-50.85156,-39.42857,-27.090168,-105.03481
19.232546,-58.7495,-3.9109697,0.17442775,40.969997,-5.0804496,57.738274,-42.340794,58.967896,9.802254
-33.862713,16.135113,11.190623,-2.6786375,15.017737,23.240513,19.677439,9.768273,29.0428,-67.701004
14.199668,21.387455,13.049543,-6.0687904,22.246002,-69.73891,-37.16508,31.019081,-22.27412,-68.16617
-29.149685,-57.93537,-22.382364,-36.220818,63.95492,-8.64192,57.0849,-8.8218,57.490486,10.590191
-34.655907,-1.7553748,-7.1439605,0.857254,-4.370671,43.10603,13.058948,-4.8325124,42.465176,-47.400814
14.81043,15.592436,31.821781,12.806909,-18.736378,-62.999386,-37.84025,-17.362793,8.131635,-42.9849
29.075644,18.505781,11.594656,-0.13291423,1.4736868,-58.248283,-46.97529,-17.918865,1.0156734,-57.8146
21.979347,17.162064,60.14631,1.254863,-11.726616,-42.490112,-31.597048,-17.923803,-23.845787,-64.24138
-6.0141487,-50.39645,-3.7135348,-46.70783,55.536137,8.473861,45.614017,-31.87195,53.95059,24.96988
18.111252,0.12657449,-9.460454,-3.2808912,-23.827631,-46.343163,-12.069323,5.829579,11.043855,-78.99402
7.6019745,42.02052,42.97307,-14.912069,3.8971024,-47.419613,-35.787346,-9.335081,-5.32839,-54.474174
-16.529043,-45.42449,14.228973,-3.888688,35.596283,6.874028,73.30346,-2.5186489,44.111767,-2.2980473
-16.749823,-11.253056,-49.729965,-23.859322,20.34749,30.496681,55.030357,2.836163,72.42531,-23.23245
1.3661071,-48.937286,2.3133533,-46.511105,41.891617,4.2141857,36.101242,-36.456314,66.9383,27.992601
2.3104277,-28.38267,-10.81881,0.6170895,-17.65543,-72.95677,47.976013,-26.102549,-37.14135,8.598381
14.80815,-13.882027,-41.03119,-60.087597,15.20567,-21.997242,31.63325,-44.327255,-36.39857,55.813126
-22.501835,-36.4558,8.068907,-7.448874,2.0857074,-37.747612,23.848797,-21.174025,-45.201607,-36.762917
13.404745,-31.578424,-50.62541,-41.913197,17.527403,-6.349742,-1.2162216,-35.549515,-31.169523,32.64856
44.878754,9.731576,-40.784603,-74.29726,-13.66139,41.16682,59.062263,-30.960508,-69.84892,60.990463
6.7120523,-26.204575,4.035105,19.243093,-5.295771,-28.706543,13.3034725,-30.7046,-15.513833,-72.71764
-3.8867984,-51.153763,-36.283222,-21.547209,41.788723,13.142743,63.18903,-26.626404,64.79212,42.240223
-27.381426,45.924522,-11.343741,-30.657877,16.524866,-16.23833,13.021648,16.417206,7.9558387,-88.43325
-31.123201,-68.97017,8.015416,-29.932634,42.392197,-15.141098,18.845293,-40.97788,62.56663,12.759356
-29.529633,-42.476826,-6.712739,-10.421585,4.8568983,-78.212654,44.60748,-3.8632836,-21.370386,-20.055891
-9.368101,-16.342888,13.636957,2.5378602,37.85282,-43.41079,66.99134,-94.179115,-17.467459,-51.74571
-37.97957,-43.946865,-24.422068,-24.392233,55.92039,16.289034,38.00689,21.7199,73.50026,0.8584814
-41.379147,-24.262527,-26.386843,-60.571793,24.39193,50.15826,25.091825,-10.240306,57.85185,3.0150518
17.789642,-5.5471067,-48.570896,-43.114132,-5.834839,6.580755,5.8232555,-4.1158504,-38.168114,56.34061
-31.26884,-51.140915,13.713997,-73.3971,35.146824,-0.032779433,39.829475,-33.446022,22.071762,-0.83917034
-24.794683,10.7546,-29.359598,-27.381819,-7.673589,59.452576,44.08619,-6.1558914,6.2260313,-53.865395
17.54496,-72.40602,-1.5685104,-30.344694,41.470592,18.891478,27.622248,-54.42038,56.797207,-7.483309
-41.490005,-33.505573,-21.125404,-63.218304,-27.706192,11.053463,-35.11298,22.001749,-6.2385116,32.31453
-26.599527,-16.894918,4.019071,-11.853667,-29.372375,-55.947727,63.54327,-14.950663,-51.168488,-15.121845
-32.48633,-58.014904,5.3925505,-16.903107,35.921818,-75.30359,43.06914,-16.77737,-3.5905557,-48.154243
-52.547115,-27.276691,-6.7870855,-30.084045,1.5553057,26.384428,39.60477,6.1442122,-51.139744,52.76879
-37.83705,-22.904657,6.791001,11.94628,44.870407,-49.186394,45.70873,-42.750515,-24.823486,-35.72655
7.3808928,-74.70003,-6.208468,-40.429646,34.22009,-6.3508196,-2.0708091,-14.97107,68.67096,13.790951
-32.889202,-13.390623,20.545076,-23.892141,27.217157,-46.98722,26.900839,-58.598774,-48.457565,-43.333553
-36.53373,-30.33918,29.856024,-5.2412686,46.473907,-54.49251,36.37229,-50.062443,-24.498615,-17.500818
-28.263529,26.94893,-38.112083,-12.707923,1.681999,59.46066,57.60864,-9.636969,44.11059,-48.35608
40.215294,13.68509,-38.857796,-60.346344,-61.913383,65.70906,49.75655,-15.4529085,-76.70537,81.3744
8.48232,21.340008,-56.7463,-79.77383,-0.26564223,11.757838,40.67711,-55.746048,-87.15538,-5.421885
39.54551,-8.974876,-58.706684,-40.208416,-55.91538,-2.169191,26.261871,1.0343431,-54.915005,27.133644
-7.746809,-19.031094,-65.767944,-19.667913,20.344416,-25.752949,25.573685,-16.192373,48.939987,26.048998
-50.31736,-66.41501,-7.2950063,-22.473179,51.426094,23.337276,57.02996,-56.16057,109.74677,37.08274
30.527012,45.760674,6.539588,28.320925,-15.170132,-33.279736,-29.999002,-9.221152,-9.399798,-62.65132
-23.987375,-19.474014,1.5900013,-7.276064,25.706799,-44.420822,16.098421,-64.49344,-27.061188,-22.98437
5.5947266,-57.101337,1.2453761,-10.297502,46.01098,11.703741,70.2946,-28.788805,75.00557,34.866116
14.660599,-40.38236,-45.21268,-66.682526,-17.21305,-44.522804,-7.7335215,15.905902,-65.11954,31.476198
-32.968082,4.111881,-45.518192,-26.386234,-31.51636,-9.805189,18.502047,4.4956484,71.87686,-24.806175
-34.27699,-42.347427,-9.346364,-45.874416,40.185276,25.649591,54.502415,-24.15404,38.977245,34.975773
-18.152893,14.482983,-48.483315,-31.87533,13.611248,65.35974,44.302773,3.1949296,26.966944,-64.71042
3.316146,-27.76346,-41.303444,-43.896065,3.2570736,-26.40121,5.72313,-27.468094,-37.54339,58.88021
-36.70264,12.829595,-27.735353,-34.98425,0.5001595,38.58635,41.52097,-19.687391,14.9573965,-37.401215
-49.767117,48.13284,-46.21071,-49.114674,-0.51380724,77.87315,30.365559,23.28987,31.80802,-39.470238
-57.758537,-66.30805,-3.1830394,-54.776737,-14.141019,-40.89588,-54.77776,23.105967,1.3438718,18.12242
1.2439891,17.354101,-6.304663,18.77181,-0.72932065,-52.680725,16.458036,-33.61896,-36.25517,-19.503769
-23.11932,24.1634,-32.99066,-22.533373,8.557518,36.785774,37.026157,12.943064,63.18602,-44.67374
22.479118,-29.33331,-8.71661,-29.222485,-20.266897,15.571713,40.527138,-17.863014,-83.92988,71.395645
-6.940102,-1.2470047,-33.38527,-0.408823,12.33848,-25.748783,79.97394,-77.21264,-40.721634,-54.30649
4.7619348,-20.948765,4.6981015,-10.688238,24.776423,36.559708,16.44555,-7.097832,66.273026,-50.35281
-42.473095,-56.182266,-46.09779,-73.18839,-14.662248,-13.883145,-22.13376,2.0322652,-11.479717,28.785196
-26.45792,-45.240486,28.487192,-5.550272,10.353913,-65.83077,57.163185,-48.893894,-60.575485,-28.622963
-18.559464,-17.29157,6.6038055,-31.732723,-0.7861307,-53.93158,54.410362,-18.14342,-60.72179,-6.0363736
0.47897738,32.51107,29.078312,-19.39057,20.202383,-67.074554,-7.578175,59.271088,-51.958664,-93.97668
-34.39013,6.7202034,-42.65724,-50.359932,27.02449,34.27984,8.8863735,-1.6150687,53.860867,-23.856256
-1.1226525,7.5737033,5.360551,-11.590783,-14.535401,-60.20543,-21.606976,-6.99834,-9.020841,-121.03776
67.60577,-5.683742,-4.120998,-37.347565,-35.229584,-37.37487,-9.726295,-2.1042025,-40.350857,-81.55264
-1.8244697,25.941854,46.153713,-28.702606,-10.171253,-53.472385,-55.005234,6.256437,-12.533953,-49.093517
-28.299107,-62.579014,26.739769,-4.1424146,58.825447,16.614536,53.118153,-50.11319,53.23821,-3.0876377
-38.36551,23.656841,-85.56903,-28.870184,-13.768445,26.826954,6.4528866,9.297837,-26.96011,13.687723
-3.942807,-17.565144,-31.42955,-76.31025,-5.948523,16.700584,41.78124,-13.043673,-36.37229,36.330704
13.449008,10.17242,-2.9629192,-19.070997,9.409922,-48.278553,-34.287174,50.70532,-13.099588,-79.79145
-38.95937,-35.159843,3.9473152,-16.999987,25.904613,-29.193327,46.964897,-57.37422,1.3092186,-29.960566
3.199087,-32.03724,-29.4435,-66.99883,-5.6728983,-19.814497,-11.318316,11.372246,-84.22576,21.025522
-46.093845,10.745085,-2.3817859,-43.977077,17.084196,34.279373,62.6114,5.4227834,63.91415,-59.95653
40.135452,8.939011,-17.6643,-42.084805,-19.865938,-42.304073,-61.415855,29.802628,-7.531578,-67.185295
-41.888542,-82.413055,-15.953998,-22.859331,11.664305,6.876481,52.69803,-44.92768,70.832275,30.236107
-12.437735,6.8218994,0.9671022,15.679826,-1.6010722,-43.470875,11.781118,-6.3439574,-20.99117,-6.0884776
-19.90347,-49.18024,-0.70995283,-12.621155,49.400616,-9.861919,43.310886,9.482726,74.2938,-25.960781
-22.490282,-38.75406,-4.155254,-62.814835,-14.176486,-38.518883,10.989094,-33.810566,-37.182636,-4.726221
-27.0108,-10.579756,-34.56023,-69.459694,1.6695538,-17.029976,-10.201986,-6.80005,-48.01917,27.550974
24.768433,1.3445908,-10.503899,31.640999,-11.597072,-39.75711,-33.562656,1.6069512,0.039173424,-73.42779
-22.73775,-55.22684,-26.414827,-32.767002,21.337343,0.57780576,58.71233,-34.32343,32.77086,10.384943
-15.236616,-38.45853,-50.517406,-70.04476,-9.590276,7.038123,-21.373482,32.05854,-62.298237,10.98134
-16.324257,2.6310017,-42.68839,-20.979841,18.605747,32.00304,51.283875,3.309699,48.15467,-20.544474
-13.197169,16.837112,-61.076115,-64.40972,-46.745445,4.654458,15.582882,16.340582,-31.791365,56.211143
-41.512505,-21.740353,-53.822807,-74.51542,-41.969063,-7.1839337,-8.746336,46.51625,-23.942966,30.249079
-11.760316,-64.7897,-37.110233,-11.02253,53.60023,9.909081,46.72462,-43.032433,67.12778,6.566257
-1.1492796,-66.59976,13.27199,-15.527324,54.863594,12.168079,67.33102,-27.097113,60.641552,22.458254
-35.901745,-62.46249,0.08259863,-26.558249,46.089703,-17.815798,71.405426,-11.532754,47.970135,6.1567364
-26.339312,6.6509037,-50.220043,-83.791504,-17.203957,18.221968,17.429077,2.4858255,-62.514755,8.420912
-24.519659,-0.9773178,-47.324013,-19.426971,2.490107,42.34462,53.319214,-53.113983,30.172743,-41.89165
-42.31596,-65.316696,6.012119,-11.658464,25.833902,-49.703247,38.024162,2.4091206,-31.685272,-15.654542
5.6775556,-3.435631,20.08768,9.830449,-17.982927,-50.669277,11.559008,-50.755367,-20.874487,-18.734718
-28.4852,-6.4608774,-25.126501,37.895157,-0.4347596,-37.799324,56.77778,-15.619797,-53.209415,-26.42622
-47.505745,-2.8130648,1.2249663,-0.8357331,4.571965,-21.947067,51.282192,-21.11167,-63.31101,14.194527
46.65757,6.7331142,4.130099,-4.040879,14.526463,-60.43908,-45.26538,-11.324559,4.2885904,-58.104374
11.172801,-55.694416,-6.562894,-7.9695826,68.32373,11.684364,40.6442,-26.502457,68.94553,22.047075
-57.58701,-58.93897,9.176998,-58.210278,1.3855561,-47.2377,-14.359585,9.228356,-12.44556,-1.2162857
33.79341,-56.325653,-3.7637854,-10.618009,31.715563,12.734535,58.51131,-42.240555,76.54079,21.162626
17.792913,27.79373,28.038105,-12.4766445,1.9846265,-32.180862,-46.637386,-34.289196,-22.619667,-88.3912
-49.32224,-27.527462,-63.995983,-40.70274,3.2720625,-23.86967,-31.277689,-14.173398,-13.768173,24.162262
-31.306524,2.2093687,-35.62831,-16.131062,-22.138847,40.506855,30.639189,-6.1168423,76.62732,-45.38691
-29.34479,-15.065378,-69.69467,-40.568737,-4.6957955,-19.421278,-13.626084,-43.091682,-46.31146,27.566252
7.385895,-17.727081,32.215965,-16.352442,20.545687,-15.319498,5.279482,7.362711,40.56943,9.555517
9.9873295,28.086159,5.335471,-20.701395,2.4697733,-63.34112,-33.800907,49.937458,-35.058018,-63.517128
-24.010046,-94.48497,38.21023,-19.057781,71.7247,-5.5411325,27.287287,-5.3118963,63.185234,-7.6422725
-31.744617,-70.38104,19.295233,-43.6808,50.418983,-19.285275,58.494434,-19.50516,50.59977,43.503853
-21.56973,49.540085,-39.47625,-28.257631,-38.495537,-41.808613,16.277653,29.106281,13.088793,-15.221272
-20.80596,-6.977063,-17.108274,3.1804788,14.28447,11.632088,61.21546,-42.849586,-5.525841,-50.066498
-45.63586,-41.909435,-9.4078455,13.032043,-8.072118,-33.01229,49.679512,-33.250385,0.6560114,-34.70714
7.696143,-4.60159,22.806625,4.5253315,-14.792868,-81.551384,-33.49247,61.127888,-4.4029055,-59.715816
-33.937016,-82.860634,1.9430768,-31.39328,44.241245,-14.896523,60.29891,-3.8719366,27.836727,7.1773686
-31.174156,-18.078646,-31.663315,-33.484882,13.356487,-1.6327748,36.42568,-4.838148,15.436661,-26.346075
-42.055965,37.44109,-57.41234,-47.95509,18.350534,48.093773,17.425722,2.852903,60.434948,-34.04593
-29.203238,-50.032555,-50.742,-13.1917715,19.336248,3.288432,58.92807,-31.393545,100.266106,51.76464
-42.772907,21.718296,-41.585777,-36.32652,2.198547,72.39683,32.067543,5.3650336,30.253702,-56.525864
50.213066,0.24513683,-30.492823,-50.257336,-36.50741,-31.418251,42.19913,-22.519253,-53.255867,47.58811
-12.907274,-48.95256,-12.0165205,-38.841682,31.781778,-12.33383,50.00163,-56.38427,50.21239,10.477793
-18.080786,-17.375185,-42.572105,-39.171196,-18.755747,54.589443,-5.2437825,-24.551397,-63.801846,76.09167
53.928978,5.3954215,19.156887,-19.683702,-1.6841221,-53.344517,-23.694523,-32.69236,4.153946,-85.80731
-4.1182704,-60.68013,-4.3372564,-50.01649,34.289555,-25.391312,17.451342,-33.2999,66.75609,9.131308
9.002724,-27.12685,-34.281483,36.876526,6.965617,-57.00212,81.47284,-40.922573,-18.858006,-51.663754
-6.36483,-23.224443,-29.74838,-19.249851,52.63203,20.175314,30.042776,1.075654,50.383152,-8.588526
6.653486,45.528225,7.8846173,-20.108744,-14.435245,-47.40003,-54.49195,-11.258122,-28.702053,-77.45234
-4.2381024,12.464301,-59.49184,-56.90482,-10.661023,39.627422,15.871989,-26.311647,-66.26761,56.316784
-17.16012,-33.24781,-6.427568,23.995235,-23.07881,-61.264168,57.97815,-12.93665,2.1391118,-28.431438
-51.38032,-35.802433,27.55842,-36.544136,21.178211,-77.99423,28.614204,-23.292969,-46.24586,-14.585525
-10.160261,32.103638,-42.335793,-8.149462,-13.435871,64.8317,30.506416,-20.782558,44.318096,-39.402546
-26.119865,11.5401125,-40.602222,-69.28686,-7.4088135,34.464615,-2.6211245,2.7791405,-63.692127,20.140303
-45.29,9.4565935,-37.862736,-25.748123,26.710323,23.021595,46.686707,-3.9335916,44.87157,-59.439754
2.651411,23.776262,37.194153,4.5559645,-0.9592396,-47.5865,-39.806767,3.7427638,1.8647645,-39.588547
-38.03163,-57.40954,-12.139682,-20.24943,57.43671,10.710162,66.58735,-31.86282,68.86908,21.684912
-3.3731742,-69.200005,-8.26996,-33.454205,36.172085,-8.362989,61.266502,0.6274896,29.05569,33.93659
-71.86703,-48.472916,45.380413,6.920945,4.8213367,-43.068684,62.832928,-19.454388,-39.930298,-1.378005
3.173838,-60.949238,-42.09762,-58.557888,-23.418732,18.825521,-20.35885,-39.03087,-41.32024,34.854004
-39.567856,-29.291914,-21.491962,-10.689778,26.696941,32.527683,58.886192,-22.76517,59.754517,-8.294711
-61.55818,-20.572948,-23.497248,-15.958934,8.097539,33.2764,20.197794,-11.043119,53.18417,-54.35716
-24.056713,-62.929607,-1.4027125,-24.842123,62.784542,14.262639,56.011868,-0.85460377,72.69457,30.150162
-12.333885,-35.711864,-32.268658,-28.314558,0.4929235,-16.905668,11.706043,-1.4445803,-20.185787,64.988464
33.59211,49.29272,17.03522,-13.144429,-1.7751808,-44.61238,-38.438713,-33.10208,6.6103992,-75.156624
-13.482744,10.493607,-9.507292,-15.146456,10.796621,-69.694786,34.56562,-35.291824,-10.251806,-45.784798
-33.552036,-50.798172,-47.674786,-15.924469,65.68155,-2.4525158,23.144949,-0.7870022,62.907063,-26.062204
-46.593082,-27.165733,28.638395,-9.921235,43.136967,-50.21537,41.175842,-39.516823,-23.791609,-21.694847
-63.95017,-9.909154,-22.903172,-14.767945,-11.368214,50.50226,11.604392,1.8217877,74.114136,-40.25025
0.65221626,14.247876,19.98158,23.110903,2.4294052,-57.477867,-62.65042,22.6122,2.4236698,-11.369862
16.95932,35.8499,-4.113096,-5.4738994,-2.7102773,-33.786995,-58.08143,1.2990502,-26.583977,-38.447666
-36.02752,55.462193,-49.072132,-18.794437,-0.25397646,44.12181,30.536272,-19.295084,70.50075,-19.492813
-27.591053,-27.51999,-16.326193,19.389633,18.170088,-47.61957,62.67476,-31.000334,-3.3540547,-43.05038
28.963507,-53.80439,2.0505898,-35.911163,36.1479,1.8366876,37.475807,-23.973776,63.78626,21.779675
-32.902603,-10.494082,-36.133385,-27.088646,14.1031275,32.175762,27.258606,16.596575,71.026375,-32.86983
4.855204,2.7822251,-40.143932,4.738538,2.751262,-2.981771,77.85838,-68.32496,-33.675976,-59.897835
-51.824947,2.4090452,-16.087929,-52.66614,23.608746,50.92388,41.416016,-9.9554615,44.692684,-51.226986
15.661852,-51.372337,-5.2692003,-42.946083,24.649593,-30.934534,42.13247,-12.481754,-0.066049054,59.57338
-32.073215,-70.50209,-0.7150512,-53.96832,25.490946,-26.0483,23.099634,-29.327307,52.541985,26.247448
-51.906616,-20.819174,-20.361563,-37.740597,10.418133,-8.287086,-17.06248,-23.254833,-14.055419,18.684189
28.542803,15.039114,2.6051388,-25.842693,-51.395706,-30.864128,-1.3381084,19.692308,3.3226945,-75.96444
25.978603,13.494763,1.1591167,-16.935774,-47.481823,-25.393091,-1.7645702,26.152014,-12.788861,-87.583626
-47.88465,5.3485684,-29.54474,-25.841776,13.143488,24.103048,37.367092,-20.56967,43.459686,-57.711197
-33.090183,-12.213267,-50.103706,-59.744476,18.18976,-10.066301,-11.083526,-9.240461,-60.282745,34.592678
-54.379158,-24.686733,-14.283213,-75.08309,3.6969354,10.957275,-4.5413756,-2.419443,-53.143993,3.1561012
-15.207782,-33.388844,-15.404642,-1.2877672,-26.441473,-63.580315,64.33264,4.15399,-30.478348,-12.778482
-33.211246,-7.040527,-9.959858,-50.889297,32.225975,51.01301,21.222971,-12.464328,46.210346,-82.44211
-20.814577,0.6000012,-31.493235,-33.005497,21.38484,3.851392,51.351162,-6.6708345,57.351566,-43.290234
-11.706177,5.1835823,-36.371445,-27.088608,23.967327,49.26578,41.832672,-9.183921,-3.795483,-68.2631
-4.390925,-51.03543,3.9115024,-3.2661653,8.461955,-55.47794,64.32865,-41.527122,-20.268942,-51.18463
-11.237803,-73.29448,-19.560177,-13.918534,51.033916,10.049187,30.367682,-45.923244,85.79021,6.0459466
-4.68436,-10.028751,25.32047,10.090725,29.378931,5.5277643,14.023447,17.630184,25.710325,-75.2362
-34.992817,-38.856556,6.6976647,-0.78816277,47.773006,7.5265627,44.784637,-27.981775,73.71157,5.4563327
-5.7329726,22.098581,11.694122,8.4792185,-16.360542,-44.873707,-52.87634,17.757336,0.46260208,-23.931875
-10.655228,50.38765,1.6216538,-3.7007854,3.2090337,10.079266,13.672771,11.464607,19.72833,-68.07763
7.4979873,-11.049469,45.054375,2.4713073,-13.206388,-35.994095,-19.56822,27.448862,5.4428296,-61.678703
2.935715,-36.9792,-21.851524,-43.830315,14.691053,18.44837,65.30548,-18.109539,71.49985,-15.702364
-41.54467,-26.137194,36.9994,-6.5773654,34.069073,-39.003864,47.10258,-46.477646,-48.92708,-15.47342
-7.6398244,8.875876,8.068941,38.244118,27.222296,-21.892004,26.954075,-42.84593,-32.988194,-51.518112
-57.548004,28.415688,-41.154858,-25.146044,-1.7144493,58.838963,26.619602,-6.093495,62.30528,-36.511093
0.8754264,-56.02307,9.361708,-41.089012,38.83446,0.27965283,42.39129,-17.148403,74.64633,52.452007
1.7247983,8.100704,24.916052,7.2977276,23.73444,10.6286545,7.159424,4.0292306,19.066782,-76.629295
21.21336,-49.71473,-26.978497,-5.7461815,20.834824,-2.3786166,59.3695,-36.082447,82.67285,28.034618
42.41826,-13.301702,19.600288,3.271949,16.679207,-48.691082,-31.812685,12.317057,19.259096,-49.05111
-66.045006,7.905263,-31.991945,-25.936867,0.7729724,57.90025,21.948578,-11.143108,67.79062,-40.66153
-1.4612579,-14.431902,11.511325,2.3635452,-3.1510932,-65.561295,24.247768,-65.42106,-43.69823,-23.32046
4.125728,-15.128786,-51.428623,-63.272484,11.708639,-15.113699,5.452755,-16.229668,-50.949265,50.654526
3.1511354,12.559936,-49.071136,-100.299225,-25.85666,1.810724,-9.279953,-12.023732,-55.43008,2.3543463
32.859467,23.97891,36.413265,15.208386,6.322338,-21.560917,-50.92811,-11.609054,-28.948719,-97.227
-39.687744,29.394901,-34.934353,-31.51438,23.673504,40.496334,39.208252,0.34886026,39.65579,-51.025444
-22.05491,-62.492382,-7.5344267,-25.535858,32.049644,16.007658,55.732025,-31.731594,51.88487,27.040234
-9.477291,-62.098038,-19.881113,-4.264656,-28.81213,-90.82903,40.3827,4.25081,-18.901024,-6.201084
-36.55512,-46.10801,-2.1820402,-22.976254,-21.869537,-49.88311,18.401663,19.662489,-37.128643,32.380627
-7.1751328,40.137043,1.8999667,-0.7732814,0.2366445,-46.085663,-40.883915,16.350683,-43.36926,-34.61814
26.338684,18.674843,-6.722119,12.275612,-13.399681,-33.87405,-58.30038,39.754143,-19.278263,-5.794585
21.823849,-65.75083,2.0381134,-57.06208,20.432077,-7.614335,21.4074,-39.253716,75.81179,11.492168
-1.3963253,8.480686,23.598392,-19.758081,23.339014,-55.88355,-48.455303,55.47406,-26.461374,-81.26735
3.3470664,-27.681494,-7.913544,-65.415276,20.247194,-0.89895356,37.5639,-26.572536,0.15381366,40.943733
9.654215,-79.10808,6.478101,-42.869244,-44.894985,3.2424815,40.2017,-0.5887568,-13.720888,17.221247
-47.48925,39.54311,-52.819073,-29.080162,-3.785522,68.91244,34.009056,18.925169,14.31459,-40.367153
21.717236,-44.25012,-19.417507,-26.051636,14.055286,13.304991,44.718204,-62.61755,59.264835,24.006516
-30.033932,-6.8056574,-29.06142,-31.800426,19.744303,61.32425,39.26209,4.607191,21.365145,-74.41038
-30.357012,8.553101,-54.010437,-27.225622,4.904024,29.800129,3.8062549,-5.796193,92.8199,-7.005653
9.6459675,-49.02615,-21.695747,-3.6507063,41.05749,19.570366,46.958897,-58.088425,76.9785,27.83463
-41.457993,-7.0776825,-24.420195,-42.672955,32.80293,37.373142,25.500198,-5.119425,39.777668,-54.47556
-0.4990086,-57.747925,11.558698,-54.267796,-2.9342144,-18.39902,34.02511,-6.9708276,11.1495075,10.939159
-14.055073,-42.31877,-67.511566,-34.50688,-2.3293328,-17.744682,-26.655836,-20.816965,-24.982815,42.884293
41.267174,-6.1264453,-38.399986,-47.15351,-17.68033,-14.916732,20.899881,-3.9799445,-47.552956,59.21907
14.614543,-74.57675,5.8068576,-21.37232,28.35324,18.06789,25.938646,-45.51993,81.16544,15.215261
18.014772,43.261505,-15.501474,17.102022,-4.6974235,30.72343,-8.326354,-24.83572,42.585407,-54.664436
-17.023264,-62.440754,-37.463272,-23.829657,66.311356,1.6398277,15.741215,-51.623047,54.08707,-36.003437
-31.905432,-47.541355,-24.541521,-47.61127,-33.153816,1.8140032,-52.19518,6.3732195,-8.198504,19.239702
24.155529,-52.50069,-17.530209,-10.913211,48.530228,18.312073,33.8562,-41.109386,72.71221,17.467361
10.543233,-77.87859,-3.6607816,-30.212612,20.229727,1.5773766,35.005318,-56.11595,72.36891,14.9162655
31.933947,3.5794995,7.3716216,3.3831117,-19.202507,-22.79407,-48.17144,27.684372,-8.232343,-19.406166
-53.683384,4.502096,-46.694286,-28.421032,-36.470432,48.702194,15.618282,36.430244,38.99384,3.1017914
13.702326,-85.18117,-9.828882,-24.688705,-10.055001,34.623337,51.193928,-47.591602,29.025465,-6.5281816
2.0137975,-57.158203,-1.9305453,-18.56575,25.685968,4.561822,53.35644,-17.78378,71.84679,32.934505
-8.615829,-37.57929,20.885921,-2.8959746,-22.033304,-62.222416,56.78939,-45.60012,-54.36896,-6.41126
-29.242693,-17.329899,-23.142237,-7.3757553,8.487744,15.399589,-52.176872,-2.197837,-60.168835,-12.294647
-30.334633,-43.629456,-21.54354,-27.462822,25.073038,11.063292,39.907635,-17.531193,31.296041,26.816854
-20.03405,-15.258741,-17.303244,-98.84972,2.9255252,9.335447,8.542438,-16.049103,-61.237064,9.730434
-39.845722,-25.067434,46.909794,-24.81692,23.73331,-56.22726,36.94405,-52.738834,-33.44262,-25.159939
-9.182775,-24.917948,-62.34215,-53.425964,16.417881,-13.797394,-2.519616,-20.58545,-38.645992,39.392567
22.938524,17.927114,11.622571,30.780212,-4.403042,-26.457327,-34.16738,28.912031,4.787569,-38.23229
-17.411171,-42.21893,-14.483647,-12.547623,44.54441,13.748979,30.840214,-20.349154,42.917995,-3.370568
-6.007366,-50.586754,-32.26655,-43.309986,-20.094866,23.968132,33.747135,0.8375422,-39.330193,51.91725
-51.833008,-36.507347,14.376393,5.6871157,-34.759476,-38.83556,55.72553,-9.925696,-41.700428,-3.078682
54.3556,36.679913,-2.413366,36.53217,-11.272985,-34.305,-14.909488,3.5597625,4.04296,-46.74788
1.3613081,-56.656788,-1.1884485,-15.813338,25.71298,8.622793,60.503334,0.6032048,69.86681,43.369095
-40.459717,33.17923,-45.528915,-40.426643,-6.8858137,58.576515,39.360607,-7.7517657,49.65305,-48.236576
1.9743251,-20.241066,-29.887398,-88.75281,-14.014295,-16.061716,-6.9353113,-27.445244,-58.695324,-19.008915
7.711675,26.22718,1.4653757,19.996359,-14.038018,-43.63197,-46.047985,5.6778083,-9.78408,-6.0840707
-39.915215,7.3423223,41.936153,-0.24225433,-18.81914,-62.87861,-27.659168,-1.751241,-22.316969,-110.45238
-44.722748,-32.56187,23.04074,-14.560672,9.068947,-66.165115,60.96384,-42.40024,-29.904303,3.743958
-13.046281,28.831432,-50.593338,-55.8093,2.745271,0.7812264,15.223517,8.307679,7.4722424,-28.083406
-2.1985128,-32.767097,5.7545986,-56.722305,34.527973,5.0026455,54.525692,-35.66075,30.638731,31.587236
-23.589418,-31.55105,-79.65509,-14.223455,-32.42198,15.596253,-1.313373,-53.23034,-50.115284,30.149656
38.49285,-12.615546,46.594456,26.174398,13.924494,-77.86322,-23.713507,18.768408,22.827288,-65.56872
-21.23623,-18.468937,-31.43135,4.6093407,5.39174,44.763603,51.142994,13.652236,29.325205,-37.68792
-27.622952,12.421433,-80.85277,-44.8081,-14.010754,9.697189,3.505642,-2.521189,-28.661493,26.64539
-28.927723,-66.88037,10.602391,-35.46502,45.611694,-1.8274431,79.358505,-13.859096,46.59771,16.620829
35.395973,28.590355,1.2750633,-10.796059,-4.7303348,-38.632637,-48.063053,-9.350699,-13.784459,-47.304527
-23.025047,-23.504953,-75.048744,-44.647713,17.585894,-28.94898,-25.773323,-12.631367,-35.963474,36.314377
-26.601522,-32.924004,25.994762,3.4820344,-10.995115,-46.821926,47.3423,-30.134245,-36.244358,2.925251
-30.419197,-17.38757,-37.332058,-20.558167,32.423244,26.005194,46.826385,13.656953,57.154846,-33.712406
-0.40170377,17.769173,39.56096,-4.1275797,-0.026052,-68.27659,-54.62966,21.259188,5.959001,-31.865965
-46.913578,-12.618071,0.937061,-85.82341,3.4019618,5.6559267,-0.56098753,-20.305265,-85.76831,-7.3779144
24.492792,17.344196,-6.635423,-21.056839,2.6482694,-54.09817,-43.9215,20.70025,-25.910313,-76.16651
6.99698,-79.11813,-15.978156,-23.123083,7.6165075,-37.626865,45.955265,-2.7031577,18.385468,18.57947
-16.518005,-37.97939,-25.509829,-45.92109,-37.545895,10.957725,28.935888,-50.593258,-26.55807,35.013668
-18.04892,-34.185658,0.0026493073,-0.49501753,44.5638,-54.260464,44.850063,-34.126785,-43.524193,-20.24874
-13.96483,-66.58192,11.903297,-45.721073,51.118484,4.581153,52.843742,-17.52496,34.625122,54.502525
-14.0063925,-8.034276,-26.120077,-95.40771,-16.266626,-5.7023005,-0.9481679,-22.366234,-51.59432,-6.012393
20.428942,14.653392,-71.59927,-83.3305,-12.238431,44.924183,44.42644,-7.2690206,-78.3638,21.895468
-12.896971,-18.292023,-29.716066,-51.936176,39.558857,19.842697,23.523764,0.060210995,73.547806,-4.7102203
-27.657412,-18.757702,15.695162,24.183092,7.588088,27.917322,41.27432,-55.148544,9.539228,-29.571344
14.005307,25.991308,46.747097,-21.615341,-3.7334518,-31.076872,-50.63386,0.24012,-29.148323,-84.03111
-22.840097,-62.052734,11.747652,-11.019626,-4.5933733,-41.167633,65.3993,-34.581337,-29.577318,-40.48637
9.035125,-23.319143,69.82006,0.12552881,-16.876091,-25.85469,-6.223043,24.445715,2.5449188,-69.70667
23.136272,39.45095,10.628022,-3.9202316,0.4031105,-15.208601,-45.544643,10.320294,-4.7741027,-33.239483
-30.037281,-48.21419,-52.53542,-77.09426,-15.073552,6.5059586,-22.626987,-21.739088,-0.86291003,26.890615
-6.049543,-9.027313,-2.7858043,13.4230585,26.500671,-30.899385,49.00297,-68.823235,-43.73207,-37.20167
-32.09941,26.859018,-58.101204,-27.811321,22.31246,30.347986,35.59063,1.6946678,29.75039,-47.10685
-43.91934,-20.623402,-0.03175705,14.189011,-16.991638,-32.411945,50.599297,-40.088478,-31.882065,-13.331267
2.8630211,10.384217,-37.280346,-86.45,-21.055077,9.187262,7.063493,-23.823086,-85.685875,-17.590294
-4.275995,-24.708649,-2.008903,18.244953,10.181968,-46.17623,-2.5610611,-73.57991,3.6145442,-24.971003
13.593654,-5.8970165,47.551983,10.029375,27.28515,5.0615406,-10.18285,0.2920611,19.61962,-74.15655
-34.398884,-64.721245,3.5083933,-28.197008,37.413124,-12.7902975,27.130875,-51.811153,34.329563,-5.64006
-21.988226,-20.623653,12.627115,-11.089757,16.631552,45.17279,49.13434,-26.279951,43.505875,-31.212313
14.092429,-56.74067,-9.949921,-50.283867,20.979216,-5.4793067,55.890324,-40.79284,79.61453,26.076084
-42.974224,-22.66786,16.701242,10.851585,54.5908,-55.699688,20.076672,-44.745956,3.6697457,-6.2831492
3.9007237,-61.40352,-12.701122,-14.14006,0.63629436,-26.24051,-3.7867177,-32.64887,-39.895622,47.988686
-43.59085,44.628376,-48.844643,-48.03583,1.7911475,63.13474,22.6681,-4.56507,26.878227,-40.20279
-28.372528,-66.52053,1.4934955,-53.497738,56.025623,-24.82705,15.904071,-41.0612,71.02125,-14.998203
-8.399753,11.396507,16.277668,-21.321943,1.2602075,-46.313934,-53.852962,-4.111634,-1.3038716,-67.28837
-13.72141,-57.39176,-21.519993,-16.234451,35.448345,7.3856115,68.738785,-26.202011,71.94666,32.39844
23.457369,24.431568,27.089966,-4.010594,-24.863811,-44.79147,-56.45255,-5.7368417,2.2568583,-36.680717
-31.276411,-28.243063,-33.586,-63.438446,0.1235435,10.33251,-10.275323,-5.375151,-33.30956,-6.9639955
-42.23977,-29.889652,6.046907,9.647125,21.4926,-55.745457,53.283806,-55.20066,-41.44687,-36.46502
22.670902,-77.74825,1.7968962,-48.526955,13.6861,-10.352807,10.708167,-71.55032,71.79428,4.0588074
-12.059417,-47.643818,-43.521797,-11.1782675,22.09587,-10.958228,44.009567,-41.783142,38.085243,25.429026
-32.30349,20.588585,-48.223717,-36.397392,31.292725,20.643305,55.39944,28.749561,61.447308,-30.763756
-24.140862,39.790752,-66.440895,-61.892776,-19.726404,25.707716,25.483398,1.3979495,6.518207,-6.3337626
-28.84538,0.54928386,-35.91302,-40.64444,-15.506902,14.88651,30.526949,24.52771,-40.212383,22.831259
-45.40406,13.655707,-23.248816,-11.79493,3.396207,16.025715,48.664925,17.837114,65.600494,-70.74386
29.126488,25.950811,47.00092,-29.422413,12.659392,-13.445142,-21.224924,24.130028,-9.186808,-84.63089
-28.835127,-49.37385,-13.220329,-40.984158,2.0971575,16.957176,44.664375,-15.472002,59.046032,-18.76025
-19.423456,-21.895645,-6.079058,-8.539743,11.315641,25.482092,60.36663,14.99369,35.095688,-38.370106
32.719612,-11.367049,43.871876,-7.9179688,-28.19392,4.019902,-41.584236,27.932953,5.7022996,-39.500668
31.043,27.12462,0.584009,-40.292633,-29.410355,-15.984324,-57.65529,10.844198,-21.046043,-43.500786
-14.306077,-25.583221,-33.56267,-37.12387,12.151949,10.104054,58.37768,-36.411427,72.06172,-16.723444
-45.073105,-21.344109,-26.213766,-20.980738,-25.368393,10.571809,46.48199,-10.581779,-29.335691,-3.5789096
20.925785,-5.304562,55.827274,9.776013,25.75621,-0.23734334,-21.885836,13.284198,-7.6043706,-80.790375
-14.07692,-26.06367,10.279278,5.029402,-3.4460435,-63.33976,39.82075,-34.023746,-32.671482,18.295319
-30.2097,-18.783054,38.615814,18.923359,8.290939,-37.08632,72.63696,-29.404383,-4.3542657,-22.33271
-19.619972,22.305792,-49.305614,-34.02285,9.760862,68.43754,42.523598,2.8563495,35.206787,-56.951656
-7.5789967,42.52405,-11.624728,-20.889252,16.046246,2.994778,7.3253155,-11.894363,29.518044,-67.44377
-24.531332,1.764108,-2.6666257,-1.6648538,7.354558,-35.637894,-13.095909,-44.91007,-54.533783,-32.7274
-11.53518,-44.76341,-42.561123,-7.0487986,16.92336,-37.41538,8.971255,-28.956041,-1.0892068,13.913765
-14.185802,-70.59267,31.586643,-33.809372,61.048664,-11.043137,31.813526,-24.0396,44.86515,-11.642088
7.542142,-10.121292,0.13015693,-4.046918,-25.32421,-43.673023,-44.30464,22.533558,-38.48573,-43.755802
-35.418186,-10.160068,-18.10394,-59.968548,-47.027744,25.384666,6.208129,12.808901,-26.010548,54.846085
-49.9001,10.497778,-33.79019,-10.436902,3.7474933,57.60172,29.353691,-20.759352,51.44711,-29.940987
-1.0273293,-51.28519,-46.053722,-0.18285426,-0.14583297,-16.701262,36.7464,-10.700452,23.827192,34.555874
47.28582,11.299042,-55.85372,-68.32062,-55.703182,13.220035,43.627216,24.951012,-35.381203,47.450226
-76.29099,-7.9989853,-12.218774,-25.118298,28.67913,36.740326,9.315602,-14.840963,48.19576,-31.851017
-6.9761553,-23.829948,4.600518,6.308304,9.527614,-33.286377,60.010757,-73.646935,-25.637909,-20.272388
-25.260145,-18.52283,11.940593,9.398437,39.36691,-57.703667,0.09118068,-41.69171,-28.023235,-32.9533
13.936203,-24.346046,-12.715138,21.570723,-3.012794,-42.72817,-10.109773,-1.2099147,-20.451118,-54.42307
57.2909,2.3664498,36.486393,-39.57347,-3.2550242,-10.838322,-24.389605,18.85235,10.168994,-56.475628
28.929857,-41.02441,24.18481,-27.448841,43.604755,8.505158,16.806248,1.2623191,84.98825,-3.8934069
-32.347103,-79.30548,-26.07104,-33.25666,48.012936,-44.435726,0.14204454,0.32997662,82.54526,10.676025
-20.323421,-55.692112,4.071785,-15.0078535,21.605345,39.136654,58.476967,-48.417404,64.64386,-22.080465
21.04926,-54.58845,6.868013,-23.306843,50.16572,10.284399,46.617695,-53.58067,61.63811,20.097116
10.802703,4.3005486,35.127815,9.614838,4.5208464,-19.666256,-43.474712,1.6199621,-9.483871,-84.32148
-7.111215,-28.733452,-38.280624,-41.02317,-31.52787,24.966423,43.975006,15.282638,-24.769163,2.0443783
-45.450966,-6.4541593,-34.991096,-18.801424,0.900942,42.661213,38.98131,-8.454483,49.283665,-55.07612
-39.637333,21.271418,-17.858622,-34.272976,-5.0856733,33.59178,44.114998,15.478532,61.233723,-61.8531
-46.171856,-5.61427,-31.007107,-11.10309,12.344518,28.367315,29.639753,-24.247892,46.030952,-48.549553
23.373493,25.095713,-131.86765,-79.63486,-4.61933,3.3293235,-9.548371,24.625505,-24.110018,7.993404
-5.819692,-75.00193,17.683691,-21.46455,70.86856,-23.008963,29.542953,-49.657578,64.17356,7.4216733
4.388325,-57.94127,-30.052837,-18.377089,23.91229,3.0137918,49.05152,-33.589264,28.031263,35.029243
46.639503,-16.252518,13.18409,-21.008087,-34.62449,-28.023174,-38.20006,6.1843934,-18.416882,-57.397923
-35.342785,-48.200912,15.969391,-11.940762,16.693827,-66.855385,52.257072,-40.815502,4.299041,-26.23587
-11.119976,30.98426,16.592865,-7.257383,24.144749,7.547161,12.5951185,-5.877468,22.556238,-85.70985
-17.104818,3.9714787,-56.974907,-26.653149,5.597492,31.82006,50.790035,4.8064384,53.923626,-11.978753
-45.64831,-51.543587,37.189224,-5.7726994,3.5943222,-51.588516,41.81933,-30.227308,-62.077003,-11.977663
-74.45322,19.354727,-23.189262,-23.896873,7.5822897,67.30802,42.613735,-4.881703,52.4745,-10.553965
1.5540644,-72.30848,16.709236,-32.112396,37.66296,9.363643,52.670284,-16.424109,58.729343,66.227974
-11.953312,-60.77974,6.901865,-41.931427,60.073204,14.156486,57.267227,-42.291237,51.131954,27.852211
-35.798878,-33.775738,-46.114895,-75.504616,-20.036413,0.53821206,-9.567848,12.785318,-32.361023,10.973892
-11.63712,-4.1084204,-23.527405,2.0248435,4.0196033,20.270386,64.18184,-42.312912,-7.415077,-48.643208
-49.235664,43.90769,-67.12936,-29.579544,19.198282,45.082897,25.076828,16.75687,49.98875,-32.826008
-28.406513,-37.422173,1.1755342,4.112256,-4.565606,-47.7382,71.0266,-33.079636,-15.559262,-47.372868
-67.67243,0.9768009,-13.642006,-3.0707512,21.910736,55.820152,34.363758,-13.247994,72.594345,-29.266779
-48.66143,6.729659,-40.430206,-38.801167,22.611076,34.44121,31.214203,16.819496,56.294018,-51.837784
3.6095297,-17.101517,-2.6389093,2.8752854,1.9230301,-48.672268,22.777758,3.195351,-64.37021,-5.8963656
22.718248,36.80333,37.593956,-0.11125642,-20.168787,-31.465443,-33.427944,-11.546573,-17.340694,-96.16183
-11.705289,-70.88871,-22.510616,-29.999155,-14.427259,-0.45922425,8.480064,-19.004778,12.383339,35.197605
-25.784435,-30.295193,-20.651005,-23.966232,4.904558,-0.14624803,45.748688,-71.19142,0.83417827,-36.48148
14.968591,-24.83742,-34.196587,-42.884987,4.5618944,-34.484093,-4.8632574,-10.967666,-74.44452,52.055748
56.30188,-0.6067613,39.167686,-59.289215,-14.977948,10.564921,-19.265358,28.250666,-4.714432,-68.76618
-15.081604,-26.471827,-31.72233,-26.113953,28.137913,8.205395,53.58741,-36.055466,46.82169,-19.011278
17.259413,24.488089,19.372133,21.290363,19.902233,-27.90106,-21.591639,15.136323,-9.902673,-79.832146
-28.009855,27.115671,-62.89055,-51.215084,2.09642,29.140116,26.312616,-4.5067344,16.498293,-28.197443
-33.619286,-27.752077,-8.862601,-11.577527,47.967716,29.30163,61.42649,11.479497,23.972008,-13.01514
27.19218,-34.188885,-48.107563,-55.982803,-38.09955,56.359276,-0.9571718,-25.332989,-30.612368,61.136314
7.825028,-26.018154,-14.611021,-54.160057,-13.620205,-10.106808,21.800896,-44.220264,-68.88545,50.66589
-5.8987465,-10.945643,5.898688,31.437798,-26.360968,-15.311163,-25.839878,-2.754374,-59.615093,-33.926834
-12.908625,22.04576,-38.25585,1.7183735,-15.150976,59.41409,24.373484,-16.64297,62.990593,-37.147778
-23.218122,-40.9942,9.213229,3.4661148,52.536453,-45.610126,43.721233,-56.53362,24.052279,-10.116703
-11.300825,-35.215763,-5.471283,-0.1991083,53.05572,-62.527767,37.461323,-17.674402,-38.79419,-23.868513
-17.49993,-42.030056,-7.247774,-38.76002,48.781178,22.831165,50.55418,-44.514603,55.043606,10.746544
-0.5621313,-3.4118202,4.7164335,26.135506,-28.335257,-51.703335,-60.8105,-0.7235166,23.615,-39.287273
-27.793955,-18.377382,9.772121,9.91272,-25.487507,-18.462732,52.278797,-20.837185,-54.72989,5.0800557
-61.72915,-14.682527,-20.18104,-3.5263956,-2.383935,48.959904,0.8126821,-28.362755,62.879444,-38.571274
-22.108011,62.492138,-42.603127,-39.564823,-25.531317,54.805443,20.951895,0.89917284,52.60821,-33.07163
-43.04764,-7.172866,-34.720093,-17.551418,7.1693344,51.211086,34.72275,-11.035944,36.76087,-51.630276
0.8148492,-0.57420564,-50.40639,-81.853516,-34.447353,-2.5558863,0.10076082,15.091998,-63.1112,35.335632
-22.447754,-50.57728,-28.49715,-52.2337,23.732346,-4.320228,24.232529,-31.087774,-8.777246,35.573147
0.74515784,7.0419397,-23.818413,-12.1729355,-30.310915,-64.24694,2.2671533,1.0872519,-38.576744,-48.17646
-34.236565,21.947668,-42.48328,-19.710522,7.390376,32.92904,43.375053,-21.39432,40.234394,-44.643967
-30.584343,-21.083706,17.424088,8.716449,-13.994116,-48.981045,59.23397,-21.184383,-52.21075,-6.3832393
-35.85246,39.330933,-62.303577,-36.467415,-1.1510183,49.090027,38.83854,16.676693,57.85586,-48.043427
-55.899006,3.8168967,-18.674583,-28.834517,10.7518,34.821064,11.511632,3.981309,32.465057,-45.29433
-20.050451,1.7840676,-32.457935,-22.79502,-5.99773,41.696228,45.024704,-27.013573,35.124302,-29.69122
-31.83057,-39.887703,-14.047432,-10.434349,40.378994,33.64556,61.486595,-22.162481,38.83758,-22.333609
-50.234898,17.96919,-33.52118,-26.986763,10.7768545,34.579254,22.66926,-13.233425,36.00875,-41.482975
32.753998,23.518572,-0.24994746,10.803318,-2.3990042,-25.00403,-53.4514,28.346434,-22.305397,-42.345425
-10.779226,-1.4494412,-0.14083514,15.28996,-33.63411,-44.482456,-13.132412,15.561805,-24.840515,-21.14914
21.116764,59.576305,12.245175,-27.681667,9.57493,-23.568056,-29.116451,2.3238378,-0.17711514,-58.933872
6.973722,12.008168,29.355757,18.301756,2.9012134,-64.60255,-65.61819,22.333963,6.8752484,-13.79368
20.055372,-51.34774,16.810068,-4.551724,63.233135,-0.47092628,4.8639145,2.7169495,67.92162,18.0843
-31.820723,60.961388,-51.931217,-42.60306,-15.028607,42.31859,33.153564,2.2775187,74.62649,-17.223186
-7.3901806,-60.362324,18.007793,-38.231434,75.210625,0.8895986,24.612864,-29.82541,56.43278,7.0742517
-6.994589,50.491398,-38.77073,-22.47453,2.6640847,7.740408,4.2538157,-20.261791,56.232754,-48.831913
5.5649924,-5.459975,-31.637493,-90.103714,-7.3051395,7.5791626,4.2910194,-18.144524,-59.300995,3.149302
-11.203026,30.221687,49.445675,-26.09608,-12.222892,-48.054386,-40.55705,5.0785584,-17.489735,-73.03066
6.697214,12.490256,26.066149,15.784181,11.837614,-75.36609,-30.41041,5.7381587,-0.17814091,-48.54564
-37.566685,8.505954,-52.995945,-34.39833,7.634324,24.619093,36.1226,10.169427,43.81154,-43.4149
-22.989902,23.67979,-54.701973,-35.910355,4.2057953,71.25683,43.967392,-16.642403,25.437922,-45.82273
-9.229398,25.511179,-34.626118,-64.500595,-37.30519,64.51732,26.006586,1.950247,-58.919304,62.144024
-21.191244,-62.48099,23.846579,-23.645472,6.212287,-51.78256,74.79735,-13.547537,-8.764862,-11.410648
-32.711952,-18.17938,-8.97064,10.777599,9.520208,-61.69341,61.526794,-25.953787,-34.240314,-25.043802
-39.165512,16.746105,0.4728877,10.811886,26.037611,-29.091595,68.01604,-22.068096,-12.327695,-16.335295
43.97371,8.625494,7.3479323,-22.571203,-22.10968,-50.980762,-24.055655,-17.060297,-6.2997117,-100.68318
-1.9624848,9.963442,44.39622,-12.79709,-21.854876,-40.878445,6.289915,25.714312,-9.61067,-71.2909
28.365385,29.983227,25.612055,4.985855,33.26315,-40.18653,-45.010666,1.2299429,-19.223217,-97.32175
-23.322342,-19.22009,1.9425716,12.043294,28.255985,-60.129414,-16.647692,-35.63185,-7.718369,-31.257011
8.870334,-52.197952,-6.837422,-50.19746,17.70999,6.70932,58.30414,-45.617855,67.66835,25.740805
2.0181336,-54.778973,-2.408477,-11.370107,48.51404,20.871695,70.60165,-23.745148,78.47812,48.222275
-33.568333,33.73905,-42.70527,-35.91925,9.392536,31.242802,41.54838,-18.1506,34.16623,-44.448
-23.302437,-7.7934537,-34.078415,-79.95946,-37.127487,-31.82209,19.047958,22.308731,-17.217041,39.81506
18.150522,-59.771244,-10.768173,-9.605178,66.4863,25.237625,39.898434,-27.784325,65.86801,13.664688
12.550516,-17.172749,-77.121414,-52.134636,-22.534077,16.730825,-6.892389,-3.5056484,-13.767543,5.664485
34.504303,31.037943,-2.382096,-1.9926392,27.356901,-39.15384,-44.11763,45.15919,-27.852392,-40.00429
8.429965,-60.535286,3.8602695,-44.743473,52.043224,17.43271,-11.1275,-11.394336,70.02242,47.59163
1.3426664,18.49912,23.387426,-2.6728795,8.623507,-34.72149,-45.964138,3.2668543,-33.496544,-69.07904
-51.587177,-64.13941,-19.263597,-39.77769,68.395424,-22.04469,4.9259806,0.036131434,72.6749,21.151834
-57.292294,21.084167,-58.916374,-30.867025,-7.768487,47.685066,39.924744,2.0839896,28.903095,-23.952297
-27.252745,3.099736,18.952547,1.8474042,7.897937,21.320576,20.18554,2.526724,48.86787,-62.03913
0.20553625,-44.971127,20.796694,-30.482445,27.155415,-46.306053,61.367844,-21.765121,-40.877697,-11.696741
-10.672435,-38.93341,5.660327,-10.430833,9.1101465,-69.19376,68.85638,-17.571651,-30.945723,-12.94336
-47.851204,2.1655502,-32.665615,-34.99248,13.413317,44.857716,32.953335,-10.9253025,28.5432,-57.371357
-7.746393,-37.692932,-15.806254,-27.0815,19.3239,-58.607338,45.523277,-11.424219,-50.092194,-20.075874
-27.330978,-9.741216,-14.127712,31.940758,32.681564,-39.59035,69.4464,-32.188446,-18.031881,-36.45922
29.66613,10.139431,26.617044,-7.428748,17.717232,-10.2126045,-40.66076,16.350481,-20.084496,-84.09677
-25.665241,25.313063,-52.58039,-36.89077,14.290661,59.80399,40.750443,-32.73008,22.159143,-38.896976
-41.961483,37.40002,-42.870792,-33.673954,2.6246402,47.258907,29.11682,26.848629,62.76847,-44.670403
-40.124203,44.711117,-63.36531,-39.206448,-2.8330836,55.990307,16.317501,10.909155,39.0097,-36.576565
-39.411526,-58.65476,-1.1741674,-50.805817,52.649773,-12.200836,34.548416,-0.41194057,49.189648,6.2649527
-38.560196,-37.095383,7.3872056,0.12479639,29.061798,-80.33467,19.15126,0.019259894,-29.253273,-8.681736
-60.846718,-41.83918,-8.875304,-21.745909,11.605198,20.249437,54.376064,-8.762758,-17.4914,1.7856789
26.831451,-49.886726,-9.809905,-12.406302,36.425045,7.5021954,58.637897,-38.806202,77.139786,23.374975
23.682234,0.5378653,-30.981028,-26.082792,-20.208582,-34.34711,11.528164,-19.050928,-70.36107,60.544144
-10.017852,-19.098932,-17.515501,-60.626766,-47.17855,-3.2207596,-26.759237,-14.4631,-35.856216,-10.934301
-58.198963,-10.689337,-0.10329931,-46.015553,0.9675126,33.756065,43.86869,-27.601028,17.278315,-33.31686
-31.816065,-25.372307,-60.32045,-25.992443,-30.081575,34.823505,9.853311,-48.641857,-50.53677,20.335447
-41.296787,-24.723255,-40.988434,-14.434931,-16.043253,-15.957915,54.21895,-38.877987,54.235462,-7.9258227
-72.01767,-36.457573,26.694008,1.875555,11.084885,-38.679966,67.71898,-15.99684,-23.632235,-5.753358
-18.154537,-66.021706,11.322777,-33.60091,32.06469,1.0966527,64.40338,-34.00289,55.17394,21.744514
-54.22961,29.25967,-30.794626,-36.378685,-2.0645514,36.963966,42.310905,-12.885501,63.802853,-37.47988
-46.70617,-26.365057,-26.859453,19.65644,-0.18378048,-5.4210157,70.362595,12.300496,2.664674,-20.647232
17.14416,3.23755,50.941803,2.714874,43.362087,-7.26584,-23.442019,33.44769,-16.990002,-88.80556
18.232815,-74.36081,-0.12755811,-24.469326,38.322296,1.1148686,47.59889,-48.35918,48.999165,-20.404259
-16.068684,-43.26945,-2.0453608,4.0857286,5.5498333,-93.8318,43.263084,3.3517694,-12.692355,1.2818489
-42.217667,8.4626045,-41.88283,-17.91003,11.411635,44.964897,48.40091,-31.168667,47.214977,-23.44839
-3.4744956,-58.32748,-16.682674,-31.021826,45.463875,3.7538908,50.48982,-26.237309,72.55873,18.034126
-32.404896,-63.976994,-24.152775,-11.066564,44.283936,4.517663,58.405422,-36.99865,71.80327,18.6974
-17.940733,-33.50921,-10.126817,-16.110796,5.963382,-50.678272,11.811605,-39.529728,-24.554533,0.18728971
-23.350962,-12.393374,1.7756798,1.8439877,24.811937,-41.67163,58.416817,-50.76439,-33.95421,-27.952723
-40.0257,-13.945709,-2.60232,11.606442,1.0282514,-42.978992,72.167,-47.91755,-11.517245,-52.805637
-38.061745,-22.470745,32.893982,-7.420071,28.891323,-55.88375,33.059624,-58.036644,-52.12843,-19.385008
27.254688,42.66319,3.4348154,-13.000332,-6.8883753,-35.932,-42.96068,-8.758075,-8.19146,-83.17502
-55.20424,5.937004,-26.348032,26.77307,-6.104327,-46.765438,45.0784,-16.278215,-25.310091,-2.8719015
6.507282,-24.40752,-38.184807,-35.987823,37.999313,28.21536,19.136402,17.215982,58.30393,-38.773045
-47.741924,-64.009766,-18.203878,-50.712666,-12.764069,-50.584583,-40.13699,20.107212,-8.798465,11.4797
-2.8636374,20.888937,41.921654,3.9871347,-8.672877,-58.611504,-52.849533,6.9032273,9.386054,-30.792425
-41.265152,-30.327583,17.899511,-28.000843,37.415287,-75.616394,27.907583,-25.0559,-67.51561,-15.057978
21.737505,38.17692,17.735657,8.494514,24.548872,-57.64416,-51.09818,-3.2292116,-29.688251,-81.58705
-40.724648,3.1623664,-59.111496,-15.885011,4.3147745,49.118366,12.689158,-3.0156431,-38.556286,32.834877
35.050842,43.95216,4.8381763,7.843192,4.607357,-37.45049,-36.01788,-9.642042,-5.867437,-86.228096
-27.98573,-23.6055,23.251629,-6.1506753,52.89669,-59.13267,32.210514,-50.93942,-30.85347,-19.328526
-28.177864,-20.753336,-16.465899,-11.078021,1.988997,46.04793,51.256947,-27.109907,55.53271,-52.203594
10.457294,-33.14945,-33.848392,4.9634027,17.718554,-14.070748,54.873886,-26.022621,85.77552,33.376324
32.011227,1.5302508,-45.73894,-68.667305,-16.941166,-9.425177,4.5372257,-9.641454,-51.465645,39.45271
13.270127,-58.755295,-22.259802,-27.659351,5.3054724,7.1284924,45.955925,-22.030165,109.353516,34.650658
-30.711979,35.786293,-38.762844,-35.064713,1.8966547,33.05326,52.173805,-11.451874,79.602005,-44.02868
-19.876354,9.5649805,-1.0673074,-24.75591,-0.025014618,48.43811,44.11692,-13.407493,17.058077,-45.54995
10.147022,10.168577,16.387598,6.173791,10.470964,-74.60656,-33.034786,24.708084,-10.083875,-68.014206
17.035248,4.7169557,-71.696686,-67.9623,-43.0992,26.154615,66.835396,16.564222,-41.795834,39.36827
54.82876,10.77751,5.817388,-16.545923,-15.403597,-17.538641,-53.48522,10.756384,1.0816748,-36.768314
-52.165283,-12.159689,-32.2605,-9.77016,-18.32426,56.125237,19.950636,-5.806022,54.26342,-48.536053
32.814026,11.575713,-32.569202,-66.36544,-20.679152,6.9580584,48.577755,-47.327465,-71.80886,27.30405
27.081903,-12.34342,58.302708,-4.977399,-7.2593074,12.014932,-34.131104,23.983452,-11.433266,-67.36285
3.8999343,3.0489879,8.549127,13.738848,68.89289,-53.725143,57.460724,-71.44632,-37.82427,-26.88182
-18.320992,-21.169765,-44.575485,-72.50669,-48.740627,-25.907001,0.39892513,50.8311,-19.701178,49.18798
-16.262241,-37.336735,3.4896135,-4.4139347,-27.95943,-73.21524,65.598946,1.0746284,-35.305126,-21.756647
-51.778015,-37.649544,-18.497698,-68.57885,-2.7743297,11.90282,-17.850157,-3.529805,-45.579918,9.906853
47.678703,13.254354,25.450975,-55.562046,2.4385774,-34.79536,0.85653627,39.094826,-29.742537,-101.85055
-31.04798,-59.13758,7.5415683,-46.350285,67.40259,-7.6095586,13.572091,-24.495743,49.75833,14.853247
22.797384,-55.747257,-15.43817,-3.5839396,56.899025,32.120533,32.11284,-31.195145,81.87808,18.902147
-7.899633,-26.859762,26.533388,0.6121385,2.8882296,-29.026962,-9.375214,-13.130996,-35.50671,-37.004242
24.439325,-60.357765,-70.24163,-33.858932,-27.040714,-35.74992,-27.01559,-4.8027086,5.362139,28.604969
-39.767307,57.76387,-49.39719,-46.65537,-19.532187,59.671314,23.107468,18.581188,45.651634,-31.716854
-16.922112,-6.011795,-34.968475,-94.41935,-6.697964,-0.93414766,3.1998267,-0.019360771,-42.2772,0.8990834
20.70405,3.38136,12.60113,-12.265709,-23.704185,-44.347767,-5.792285,38.15457,-16.17706,-101.837616
-41.22256,-54.054714,-13.682571,-10.347802,14.663422,-32.57804,83.686874,-36.298378,26.367537,26.188189
-41.237835,-58.96794,23.370068,-15.6048155,104.62578,-11.279466,57.998142,-30.355814,62.320515,15.989927
-40.96255,-10.268939,-22.357777,-47.350967,25.5316,6.9066076,53.875908,23.414127,37.330917,-21.103743
4.9223757,-40.714134,-24.598207,-15.812171,-2.2849967,-68.71473,47.883133,-1.8747176,-54.106167,-27.14547
-13.092737,-36.870895,-53.844162,-65.378716,-26.031359,46.368958,9.031815,-17.148611,-28.928427,29.25435
3.5863285,-13.504419,-65.1943,-56.928314,28.056982,-36.21733,8.29384,-8.341474,-28.80053,30.98675
-35.409035,29.057665,-41.25396,-34.462826,7.9347706,34.2707,32.512238,-7.7384143,42.00159,-55.04264
2.4000926,-2.0038133,-7.993215,2.6410077,10.720876,-44.58721,17.97234,-27.530485,-26.525318,-52.995037
-46.373875,-44.332268,-1.213829,19.290504,-29.901619,-46.50237,57.373405,-18.084621,-8.750755,-18.325428
-13.66636,8.292884,-25.037876,-31.3572,21.513702,44.48179,28.006897,21.140797,56.068542,-62.226513
-37.96029,-4.923124,-37.032856,-9.277141,-10.247735,76.42956,32.609196,-14.70763,61.65785,-23.938433
18.607086,-8.038016,-47.801605,-26.903473,4.25068,-29.022255,10.111761,-5.26681,-38.796394,75.44336
-12.62571,-55.858524,-51.780834,-16.837599,17.013777,8.622863,38.750233,-36.301296,43.15797,61.38388
-24.645048,-5.5399823,-85.514366,-29.296385,3.0871608,-29.77768,2.131044,1.6515235,8.70396,-1.0414268
-20.633142,36.069035,-55.452488,-61.977417,-10.377471,25.687819,20.494064,17.370955,14.377196,-10.514634
14.468635,-70.906906,12.448981,-26.819508,22.53274,11.530147,51.572266,-33.467255,60.711296,41.340965
0.6222937,25.24755,62.654987,-1.0852861,-5.501524,-67.69523,-33.94325,-31.034084,-5.824311,-60.961975
5.0173407,-29.897514,-35.28136,-70.409546,-10.121651,16.582727,43.69855,-32.416744,-47.029945,46.3758
49.04136,-8.855147,61.684692,-20.390038,7.284335,-4.39288,-26.393799,5.333936,1.9953511,-59.178497
19.190985,27.03466,21.468645,45.05719,-14.081238,-70.51247,-47.973896,-32.000706,0.3136595,-44.57102
-38.06729,-12.574276,-19.090508,-32.3582,-21.256329,11.983568,45.192146,6.837678,-27.789753,-25.80286
4.9851975,-24.483667,-44.782204,-47.23994,5.898985,42.532993,-4.6996775,-19.05254,-63.449184,53.494778
-1.4717548,29.850004,5.6524286,-22.047804,20.882868,-65.86332,-28.94749,60.955135,-29.510612,-85.56662
-63.572857,-18.129257,9.147299,4.8531666,25.376827,-61.628895,42.86745,-42.682873,2.0034382,-7.5949483
32.061478,30.1867,5.6010365,0.72748923,2.5699112,-37.293526,-49.006165,40.230595,-18.54168,-24.324072
5.5994935,34.83852,17.005259,8.232625,-3.759033,-33.583035,-35.83314,22.961447,8.161363,-27.508022
23.246988,26.803526,-0.6898556,2.4783247,-18.10186,-24.399012,-51.235256,23.367428,-9.870953,-17.936123
25.016531,9.602978,52.339993,-21.856884,0.15907395,-34.022152,-8.830017,22.713226,-7.02435,-70.216774
-63.397682,-44.833263,26.346344,-27.694452,27.54139,-57.66856,4.8143325,-23.528961,-25.294613,-28.251379
9.395687,39.97849,11.293487,-18.655458,-22.312965,-41.003296,-51.97439,-25.91667,-11.760101,-108.93914
-5.587055,-64.85585,-32.5262,-39.571766,15.498449,3.895662,26.248028,-43.875908,-25.562866,30.395456
4.018689,-46.803963,-52.34196,-18.169308,24.097498,8.285119,51.75748,-19.461987,43.148888,45.920662
-42.46817,-37.010952,4.35481,0.3276776,8.062092,-23.305758,52.965363,-56.41784,-46.182552,-19.500067
0.67138445,-62.297962,-0.21260203,-26.54784,50.448986,11.629704,42.795334,-47.10981,74.40716,18.579002
-50.48489,6.887505,-31.449846,-30.246635,1.2930466,47.00731,25.455883,-1.140862,34.143658,-50.298336
-58.158802,19.172188,-18.051165,-45.030777,23.519789,43.599033,36.497772,-12.522701,39.160606,-44.32543
23.096422,-29.964655,-25.92335,-29.963196,-41.34041,36.19202,50.6271,-11.327984,-78.31683,66.17566
10.124416,15.853211,-7.062591,-21.161476,-35.44293,-50.608368,-45.989437,-19.98643,-18.819225,-111.15624
-18.927965,-31.654146,-4.629003,-40.447586,51.426765,40.383644,33.402996,-43.94201,41.581104,-91.33208
-34.72481,-81.97514,23.972225,-20.351683,-2.4516993,-54.279087,44.56796,-17.841827,-57.04236,0.24981165
-13.127266,-18.230936,-29.000095,-66.34358,-9.257533,-33.5726,-15.059224,-1.5829599,-57.69111,22.879889
-80.23091,-31.831964,14.417345,-17.525452,32.09677,-66.69028,65.76428,-11.90697,-11.462287,-9.4571295
-66.682236,17.354021,-27.940788,-53.210094,16.613907,49.19263,52.14706,-9.209052,22.501783,-41.685688
-19.404938,-15.482654,-2.3012638,27.58613,18.129145,-73.438736,69.90882,-31.796299,-26.668278,-42.51204
1.9810987,17.751799,19.909767,-7.6617146,-30.560871,-39.584675,-38.45013,25.07318,-20.102087,-36.530052
28.28635,-78.03283,-7.709124,-32.839733,-39.351078,17.105604,21.275614,-17.568401,0.7449134,33.6475
-48.20553,52.169586,-53.79229,-24.786734,5.92943,49.43026,44.338097,4.4390736,36.33812,-11.845237
-42.06201,-26.910654,3.6679769,3.3996994,-22.803785,-22.671827,61.449272,-37.981926,-23.400997,-20.840689
29.01315,-12.657765,19.52872,12.546647,-12.522616,-28.899729,-50.479805,11.819723,-3.0527198,-82.762924
-52.17651,6.036465,-14.642407,-2.117465,12.440614,47.328854,46.899143,1.1406434,64.43434,-36.64117
-32.853687,-40.80032,9.027813,27.623703,9.390953,-61.137535,7.5882034,-58.300144,-38.245186,-1.9547383
-38.066204,15.048315,-80.73048,-31.577374,-11.89896,30.641468,18.46363,-4.997223,-15.334289,4.3796268
-19.297192,-48.60258,-59.27965,-51.175426,-49.89292,6.295128,-5.6331253,-41.25444,-36.625145,32.680435
-40.789913,6.014905,-42.902668,-7.3060226,-5.276619,46.661354,12.763956,-19.909523,47.51834,-36.118702
2.9437973,23.31514,-70.684105,-56.15319,4.9732523,31.568996,20.81814,21.458368,11.3197,-10.534319
22.130655,-57.780865,-4.74837,-35.679695,43.74473,25.159204,24.889902,-12.0852165,66.15938,32.61744
-37.481373,18.551981,60.85583,12.719777,78.48251,-17.827663,70.41814,-42.851887,-18.85038,-8.966618
40.539925,-5.2117734,37.09897,-10.088742,31.739777,-19.595728,-13.7652855,18.839804,-8.607117,-89.89927
-53.68677,25.428675,-7.687741,-46.80001,17.882763,45.866283,47.347412,15.495494,52.43871,-49.99919
17.50076,21.19641,23.690641,1.4924448,29.997572,-46.897156,-24.608505,8.001322,-13.237709,-82.91396
-54.66358,-18.7791,-12.005841,-41.349167,-12.669098,-14.156965,-5.289412,-14.337943,-57.923676,22.278149
-7.6768994,-39.140602,-26.399477,-6.9459195,15.541096,4.2229776,36.20157,-17.083052,19.126478,53.706764
-49.7622,-91.85656,-35.45685,-22.242754,39.36497,-30.410656,42.90995,-19.321098,83.89354,11.028336
-20.873623,-71.20159,-31.964825,-29.19733,24.000345,-7.2242985,48.90502,-47.731075,124.72795,28.38186
-21.303747,-59.61742,13.843514,-6.721222,-40.799313,-54.273937,60.3992,-16.48905,-33.599304,-18.438643
-9.967624,-61.560303,-6.40542,-37.627777,30.605055,22.175394,49.511753,-48.269287,60.256115,4.7258754
-2.2351058,-1.1234618,-28.520813,-11.416692,12.038309,2.3060906,78.19042,-40.213203,-23.73292,-50.063545
-20.165607,42.817158,46.036087,-16.049671,83.7837,-50.06949,56.714752,-36.193344,-22.006023,-28.900944
-26.462358,-68.626976,-13.596606,-7.982528,16.035395,-5.787487,59.40921,-29.392551,68.47931,20.103983
30.733593,7.23134,-6.5504646,-22.401217,-6.6358824,-50.418186,-45.323277,0.36429435,-17.418592,-113.798874
23.044275,7.1752725,2.2708583,-24.522968,-13.23874,-50.37506,-46.059177,-8.580165,-16.77131,-123.99329
-35.589584,-6.47087,-29.221006,-0.14811596,-13.447087,44.217045,24.618217,-2.1497986,70.59111,-44.821415
-18.631384,32.98388,-38.52235,-22.99689,-10.770113,55.375492,51.24699,-17.187595,65.71854,-42.765755
5.784642,-74.39378,0.8889007,-58.1631,0.88251853,11.808522,36.470398,-44.068077,81.80907,40.12301
27.220171,33.29325,15.238368,7.7052593,15.467329,-32.247734,-30.20304,9.366802,-4.938109,-84.46948
-18.412918,-12.050742,-31.330812,-76.45997,-55.08022,-7.714401,23.73219,-8.34653,-20.732439,22.35536
-18.858427,-24.335678,-50.28166,-26.348125,-4.7971525,44.936092,38.75786,-1.848996,2.5182219,-16.771404
-43.800472,0.83220744,-34.664528,-51.938633,0.7356734,58.791355,37.372166,13.914342,16.10947,-15.985947
-25.335459,-70.45555,15.351053,-41.93691,55.96258,-15.550685,41.80065,-30.032814,35.34874,-1.2611383
-18.825747,31.007551,-25.6037,-20.183985,21.649082,51.71702,38.910408,-12.59172,24.68541,-27.944435
-20.296879,-52.209686,-34.483997,-28.7602,25.75593,9.426703,28.008566,-31.951286,27.851923,10.967184
19.740786,-0.24393073,1.9192038,-2.179012,-27.698935,-45.455067,-47.907745,18.2171,-39.73101,-35.5149
-30.465544,-25.648872,7.039591,19.214186,22.417305,-49.4159,52.826054,-31.789127,-28.38228,-16.918524
-48.704758,-64.916435,-0.2921202,-33.793423,48.556385,8.069621,41.297993,-31.246962,73.32764,11.937078
-22.137041,-45.776783,0.7307623,-12.051323,33.424038,35.799515,61.89929,-54.613934,47.89543,-2.69594
12.8195095,-27.483795,-24.186417,-13.340499,32.85229,-3.0489028,50.51606,-53.79335,67.038284,40.902596
-32.425625,-47.481922,-11.118881,-20.72395,38.50722,2.9476707,43.338,-44.307957,69.165115,17.557766
-43.53678,-47.156036,19.283474,14.277528,21.393976,-56.846058,56.95234,-51.42889,-43.033566,-33.47939
30.267061,-63.853313,-2.20075,-8.192164,40.620754,-1.0167177,52.228058,-46.6291,63.46539,5.887302
-22.482725,-76.03914,4.8995175,-28.328909,35.207146,-1.252768,37.393085,-52.349747,52.62473,11.88064
3.2001574,41.93658,53.05985,-18.27484,-26.66726,-34.074585,-14.2827635,-20.264576,-8.418479,-56.61087
24.14324,1.9373312,19.90651,30.175636,4.2785587,-67.43625,-50.54687,40.46233,0.730964,-31.271444
32.72383,-5.6022058,14.1587105,13.162426,-13.56954,-31.33941,-41.344482,36.978065,-3.9504206,-28.331264
-36.9136,-29.58814,-0.92408997,-7.197963,46.468147,-75.03001,31.753523,-1.8980402,-26.329737,-10.705797
-48.948174,20.370426,-41.510952,-29.682335,20.413208,30.779469,51.573837,27.047775,47.75153,-54.109257
9.216465,-56.833675,8.72064,-71.72001,6.8639116,-7.8064003,48.551746,-8.399815,22.550402,24.809057
-13.6808605,-82.867874,8.161467,-32.249218,43.29661,-12.679074,71.115074,-4.2551274,33.010845,19.665499
-35.580173,19.650042,-21.323933,-39.740623,45.352493,49.906094,51.595245,24.6853,48.822926,-62.766174
-11.881563,-26.536112,-27.709887,-39.75413,54.0133,27.712675,23.526302,-8.312848,76.1653,6.7222133
11.485028,34.123962,10.76653,1.9413834,4.9758434,-25.398191,-47.649147,27.56857,0.8994829,-26.34506
-33.405304,-92.43272,-17.326164,-18.02149,13.639814,4.494116,58.781967,-16.015457,45.08603,37.623856
19.345425,17.176346,14.121118,-11.104746,9.232477,-70.5833,-39.654995,-6.6866093,5.878027,-60.88483
-12.759128,-10.110797,-32.172924,-49.90373,23.47204,15.76872,50.122192,-8.240497,66.36873,-32.39423
-39.462204,-34.09376,35.208065,3.36809,31.803188,-46.772316,44.554607,-59.344875,-48.71974,-35.050114
-7.6253967,-17.411777,-2.7271075,5.251314,35.639343,-54.515713,49.553555,-46.910397,-13.633011,-27.311049
-18.568203,-45.415703,-19.471981,-13.796043,15.648338,18.920216,36.465496,-33.293056,65.33405,-49.2
-35.87966,17.083078,-27.360842,1.8597338,9.163226,15.872027,47.374527,-37.20605,10.869742,-45.811726
-22.097645,-20.332441,-40.52444,-37.8792,37.28749,26.17229,59.155113,3.6921422,41.73681,-30.634356
-35.328793,-26.676067,-17.080118,17.988413,16.568575,4.7645626,61.78971,-28.573385,-1.3268763,-56.200275
16.849474,42.02456,33.512314,-8.091723,39.315937,-71.04824,-3.7218158,32.201828,-40.27554,-85.60797
-11.202937,-38.028008,7.502197,-5.87153,42.527782,-62.30329,51.023865,-32.091724,-44.528763,-24.875381
-14.752267,-73.98639,32.704067,-28.412964,52.402035,-6.07516,52.65716,-25.322548,43.80818,-0.5591898
-29.212847,-36.064827,-6.536755,8.657366,17.3048,-53.896698,56.7362,-51.07247,-41.522663,-49.689606
-20.110882,-33.194256,7.144653,0.91304946,10.033091,-33.941948,36.68033,-28.199757,-31.142616,-49.269333
-22.483189,34.756645,-37.895966,-24.92263,-21.859568,65.464264,30.32946,-33.20883,72.25842,-27.774767
37.015465,23.160896,16.51696,-4.080571,-8.431722,-61.610367,-46.491375,-33.52552,4.836924,-68.02561
-31.633905,-3.1218474,-4.7951117,22.161634,24.815697,-62.66392,70.39092,-27.78273,-25.917936,-37.534718
-42.373043,-30.547232,-32.927616,-1.3578595,-8.249068,-13.155695,54.29433,-1.0334207,-34.35478,-9.644659
-12.554083,-13.255374,-33.03469,-39.87156,-9.413801,36.379047,53.311703,-17.042353,45.2275,-85.01288
23.652147,-37.529884,39.86117,-46.557583,20.031126,1.595346,10.154008,2.526299,62.499184,7.373633
-66.332375,-70.18801,-11.10584,-38.1732,66.599976,-25.70494,27.88078,-28.631998,64.87844,-0.83096045
22.496172,18.558443,9.109279,17.461357,-2.3660219,-31.223671,-36.902546,40.215794,-11.464809,-37.82125
-8.460246,-19.788698,19.109093,-4.4481897,-13.366983,-40.871365,73.81335,-53.00549,-38.740486,-44.325954
-27.53853,-24.98854,-49.65772,-35.338314,9.48154,-25.721785,32.8948,-26.04782,48.189358,-13.642018
0.43813235,-35.550053,-41.27661,-44.71497,12.266874,2.0595014,14.021454,-19.482716,-14.158783,52.941673
-23.155272,-16.465225,-9.236968,9.141984,-3.3125215,-18.783203,-1.0637133,-11.830893,-25.821331,-16.249725
-10.015339,-72.40591,5.4352293,-57.07304,47.232227,3.9719317,17.872032,-46.31117,75.87152,6.473891
-24.554192,-56.582375,0.089812696,-28.09904,44.341766,14.087947,46.84832,-53.561012,59.20705,10.234711
-36.08429,-72.23804,12.813623,15.072595,68.104126,-30.17176,51.4126,-53.30451,73.78656,11.813381
-57.705624,14.889728,-31.667097,-14.568764,18.994957,51.203255,32.64057,-17.182802,40.05897,-33.29879
-37.952747,38.6606,-36.219036,-34.931114,20.858545,39.94538,55.810234,2.1901023,53.704952,-43.756653
-11.726064,-40.453247,6.010621,4.065089,-10.008408,-37.305946,25.103575,-9.81504,-38.875027,-41.426033
-31.58051,-2.737398,24.476097,11.961293,20.714203,-25.601599,29.454195,-61.456043,-39.902004,-53.693935
-41.117188,-26.90571,-28.725561,23.726828,2.4667037,-56.06088,69.08122,-35.38817,-12.007457,-42.105335
-36.441963,9.2131815,-11.252224,-20.338139,48.458717,40.484615,63.74214,6.0815644,32.233547,-41.28485
-36.844364,-48.670124,-9.476905,-57.8031,18.164545,4.2512445,25.694338,-29.154982,-14.32224,20.96128
-17.726574,-25.036503,0.1842252,6.3451796,36.37595,-59.873802,51.065098,-25.494846,-20.846668,-16.522648
17.234713,8.0452795,17.989222,4.034395,11.86806,-73.30886,-15.548559,14.999222,4.5385113,-92.1544
21.5125,-12.790502,-56.48247,-68.554184,-38.108597,-29.276482,-9.593062,-6.5729904,-15.627547,20.956047
-9.931446,-10.025103,-36.784138,0.5953152,7.450721,-32.575256,71.08131,-67.074135,-38.529552,-49.26593
-20.710022,-30.533815,-21.531796,0.4730363,-5.76634,-76.38867,60.188213,-18.457338,-21.109173,-33.522324
0.77746904,21.73852,16.877533,6.017662,6.1317987,-0.076095685,-28.947811,-24.012299,11.525577,-84.92404
-31.496548,21.294569,-36.64501,-38.22982,18.098373,20.137768,64.5459,4.445038,39.581005,-63.72054
-24.528473,-28.059511,4.703254,-55.55953,-10.513606,-34.99666,5.5376177,5.460907,-26.670847,-3.4700432
26.536228,-9.870069,3.9691782,-13.473433,25.84128,-22.94718,5.942193,-21.36503,29.820505,-25.402178
-45.880215,14.9490595,-32.16772,-17.593304,11.196793,72.492485,37.81339,7.7632804,36.27702,-60.87861
-13.610951,-39.86917,-13.115202,-2.8328125,9.455135,-68.02501,59.856792,-29.336594,-22.472755,-47.755383
27.674934,22.446,3.1822443,28.901243,-1.4857675,-15.48286,-36.739445,28.128025,-6.916088,-32.03236
1.6220247,-55.40011,-24.108627,-8.419861,53.61891,10.653743,45.67369,-36.56904,69.78409,16.687944
17.14064,-68.67837,-1.7821419,-43.412926,-49.32715,23.493353,36.01763,-6.184395,12.707045,7.9355083
16.392025,-4.5758214,-24.67426,-46.565903,-15.986335,8.221101,23.717363,-12.163251,-60.433765,65.79021
-25.97242,-48.230858,5.552958,-20.851303,-25.913795,-56.745193,3.4780986,0.28036267,-34.373165,28.311491
-34.15185,-13.79311,-26.852968,-21.141216,36.453556,67.21992,46.260555,-25.778734,42.238857,-14.245859
-37.38414,28.733543,-42.590775,-26.455986,39.54746,45.69123,35.46668,19.065042,44.606464,-44.471992
-33.02543,-43.268917,11.427159,-63.885845,-24.440321,-15.389958,18.96835,3.794191,-52.61768,41.98513
25.898163,-10.412912,56.67141,11.854611,31.41768,2.9736383,-20.808702,20.791302,-1.8202974,-82.5131
-25.62769,29.180643,-46.840115,-27.354588,8.173157,63.134937,50.636547,-2.7837229,49.20859,-68.8596
24.909676,-9.163656,30.330248,-14.101431,45.061775,-15.42734,20.696287,12.914903,29.65268,-5.1620398
-35.759968,-12.561641,-59.851902,-44.128696,4.3743324,-22.136837,-9.4052305,-4.88088,-33.30079,14.414743
-33.6836,-44.46731,-46.29896,-70.053055,-38.39399,4.0004044,6.2992287,-28.266397,11.014215,32.276245
-6.8505063,-55.41878,-7.98846,-40.422535,37.82821,33.691326,28.391975,-44.72558,60.721684,-16.742275
-34.358818,-3.651114,5.1887336,13.600702,-1.4124508,38.763683,4.205182,0.3473677,62.336067,-53.95012
-9.546945,-36.76758,-15.722221,1.5989549,12.819464,-53.760036,61.5792,-41.231487,-38.6665,-50.180977
36.590134,-44.962444,6.6712365,-16.741154,37.69667,13.857401,54.81583,-45.583736,70.39824,23.84201
-39.675926,-52.59056,-21.948397,-7.435456,10.851816,-67.95811,-13.42612,3.1484609,-15.208955,7.6854043
1.0585582,17.755663,-9.855366,2.6267684,-26.942808,-62.984562,-20.54773,-9.223671,-37.646126,-38.50416
-10.084028,31.17159,42.86906,7.3764534,1.0250064,-57.40554,-30.547945,-6.1872745,2.8229997,-45.953392
-43.80029,-44.625202,14.732332,-14.478243,1.0471387,-64.76035,65.8329,-13.836749,-23.304775,-17.328356
-30.561644,-34.837902,-37.773525,-61.885082,-15.36561,53.042416,20.825308,35.972713,-37.58334,5.7959576
-13.222764,-39.100983,-4.671988,-0.94488806,-6.4036055,-79.10038,52.19839,-12.596151,-29.626915,-6.1635447
35.940865,-36.922844,15.686426,-20.945297,73.83119,18.102734,27.190842,15.294939,87.854866,20.93152
6.033247,20.109598,26.301514,4.526121,34.273056,-53.27965,-53.74323,-3.559138,-22.795473,-57.009388
-12.366266,-26.510862,25.787731,6.726034,0.721827,-57.096672,33.402157,-50.334965,-27.97963,9.428169
-5.659008,-18.746206,26.467342,21.033846,4.0340214,-14.462119,-2.5772474,-32.439953,-28.107523,-67.2149
-42.884567,34.61235,-44.876835,-26.510077,-4.0957446,60.126484,19.77637,-33.333874,37.489178,-29.896017
-48.198734,-39.159218,14.652454,12.2933855,15.735014,-51.58097,52.481243,-43.455,-54.33422,-45.386818
-17.575998,-13.618847,-68.49807,-15.606391,17.706642,2.094136,-10.643065,-15.866014,-73.77221,53.26888
-40.98549,40.13172,-52.0101,-42.1384,6.7340565,-4.201405,19.964859,13.409509,35.136066,-29.71179
-15.865972,-16.831194,-11.434273,-26.239866,7.3337336,17.5566,35.725372,-26.185444,18.82109,-43.006927
-34.506298,37.494072,-40.956066,-79.9346,-28.00568,49.746185,18.412737,-11.488522,74.40834,-15.235693
-37.427776,25.98384,-44.022625,-38.432133,20.548357,35.70101,27.477558,-0.40275142,31.62793,-49.259193
-4.326835,-59.080444,-1.8832978,-48.9291,37.617805,-4.4190736,46.612705,-53.229507,67.366325,20.85546
-16.978672,-77.56017,26.798594,3.9111812,68.536674,6.289756,30.849499,-2.8823729,66.420944,-10.605914
-29.43737,9.527416,1.9194219,-27.307522,-21.325518,41.688274,52.270313,-2.2385979,47.682384,-51.46556
-10.716743,-24.214373,-9.192129,-8.05659,28.28693,-63.841427,52.0208,-7.312235,-76.29071,-4.7346687
-12.620767,-27.93134,23.937197,-21.707792,43.79195,-64.26164,49.115623,-17.897692,-45.143887,-12.758877
-14.17695,-36.7863,-2.6303065,-2.558132,9.69549,-70.37285,51.804283,-48.0897,-6.35683,-40.311913
-14.37983,-13.615357,-15.362351,-20.065145,12.784523,45.24549,31.628479,-15.409141,73.1098,-48.734077
16.760347,-25.15466,-24.358875,-55.114178,-5.6241517,-27.722437,13.021248,-3.5832818,-53.10454,77.13349
-31.347921,-28.877472,-16.818317,-34.550064,32.20767,39.155388,35.708042,4.028364,41.906918,-84.72342
-19.597717,1.6791377,-22.289211,7.708357,24.709082,-24.675383,71.122696,-64.1404,-29.555923,-53.4298
-51.91725,-31.812325,-68.18723,-29.11645,-9.749941,-7.557831,-28.985304,-30.476877,-24.962797,25.680164
-39.248306,28.758806,-22.509432,-46.246548,11.632181,31.362019,71.480034,16.878513,73.02675,-46.69868
-27.626375,-42.77631,4.9847426,4.5553074,19.76465,-39.417816,41.627712,-14.968841,-36.96071,-16.689085
-29.159588,-38.61624,-3.0154994,-38.459446,27.194292,-25.491646,25.932716,23.19849,12.599308,-0.19391151
-5.8580246,-27.293663,-60.339363,-33.354183,1.800535,2.2708988,-1.3784394,-27.790873,-64.8209,35.37525
-35.039066,-22.132944,22.316866,-18.339966,32.163315,-63.459595,36.337063,-33.158092,-42.202847,-17.595434
12.223907,17.733799,4.8597503,-3.8353078,-24.151081,-33.245464,-60.277576,38.060986,1.9556539,-11.896428
-23.808683,-3.735357,-15.291612,-36.467003,9.793517,52.359283,29.996405,2.072401,16.496552,-71.58236
-29.334913,-66.73071,-19.101604,-24.388494,14.527105,-7.6022534,53.87916,-8.445043,84.43503,24.206905
-46.391865,-39.741043,-29.332266,-1.7427777,41.40366,-21.605505,7.1244297,12.670324,46.836433,-35.443916
29.180485,23.84333,27.254269,26.437214,-30.908264,-44.097122,-15.866364,12.324941,-1.9898205,-45.37156
-22.048363,29.850687,-21.685442,-34.23181,-41.41664,42.586384,9.000629,8.849797,35.88667,-47.486855
-8.08234,-79.07618,16.34439,-45.8115,38.07564,10.51129,44.678204,-69.92506,60.49798,7.002235
-37.210907,-41.425446,19.575531,-24.733139,4.1849623,-15.337712,45.629627,-41.583866,-55.54675,14.749773
27.939741,6.463656,10.928191,28.754547,41.92154,-45.29555,-28.09632,45.66368,-7.3991876,-60.65299
20.952637,33.818977,27.796782,-17.216099,-12.368507,-60.344875,-36.161774,-22.112507,3.1764596,-62.620335
-24.56245,9.969622,-1.2865396,-0.66829157,5.9102964,-73.03653,-58.533222,25.385658,-13.3470745,-59.35817
-3.1372802,14.681384,-54.15176,-95.056946,-20.522762,-0.83369166,-16.349476,-21.92197,-65.860405,-14.331329
-39.831623,-15.197797,-78.2786,-42.430687,6.062396,-13.003733,-23.862616,-15.249327,-41.745243,35.899364
-46.263695,-65.76089,0.78191704,-22.825342,9.586513,-76.34265,-10.029782,4.743787,-0.14163029,8.114058
15.958562,8.600644,-45.939964,-68.70239,-24.068449,14.96981,-2.4078624,21.697659,-55.65636,55.747192
5.6347337,-10.598598,18.069887,8.362584,-37.750534,-16.93204,-37.019634,3.6248157,-23.292383,-46.794044
2.9337811,-7.213659,56.505272,13.244407,5.2545443,-31.794613,-49.768307,-27.808542,-39.730114,-77.01258
-25.140924,13.786419,-33.621162,-23.781942,17.216478,63.176167,48.79356,-24.645031,25.725054,-31.86685
4.3649426,-3.0114937,11.403561,-30.187557,3.3703773,-51.691105,-30.096016,42.800064,24.837408,-50.15591
7.135525,-36.156696,-4.865596,-52.133312,-29.706202,-29.692806,-0.39878085,3.5234447,-25.178467,58.738846
19.574856,24.227726,47.31066,-2.4411411,3.8987477,-11.658208,-35.97425,-17.118038,-23.667404,-98.94868
-17.419163,47.90903,-43.47052,-29.607138,-14.464098,60.23999,19.820599,-8.386075,46.072155,-9.777789
-27.449654,27.035961,-51.44648,-40.003414,15.172246,66.561226,46.17219,-13.938132,28.341005,-54.540283
-22.14308,20.518694,-35.353928,-35.597366,-2.714556,50.199707,35.748955,5.2013726,54.45383,-28.012354
-55.802063,4.4602304,-30.134216,-20.212002,11.205088,42.425056,15.710459,-27.416721,33.245396,-43.958145
26.8305,1.8613262,8.320534,23.78408,-17.554905,-14.218673,-18.126522,-40.49761,-5.382067,-67.56361
-10.205401,-8.819811,-11.672526,-28.69559,7.211528,44.1134,33.49752,16.778227,14.693959,-81.18058
36.720085,-10.956241,18.438278,32.109818,34.52421,-38.839886,-37.211597,30.116545,3.3224475,-81.38673
15.826326,-64.412025,12.908201,-56.74536,33.138535,12.985503,41.702026,-29.428225,60.388435,47.979774
-0.5582123,5.680627,7.341618,-15.810012,-23.004143,-47.19271,-1.7632043,0.72717243,-28.807371,-118.82528
17.23778,12.23978,7.850304,-4.8444195,1.3491838,-47.896057,-31.302868,18.51861,1.9204469,-44.08155
-22.697844,3.665798,40.88051,1.4481971,-3.1761832,-8.2279005,-11.360158,-38.553402,-15.317304,-69.83404
10.22843,-12.158878,-40.00958,-26.78507,-0.8145073,-22.951416,9.435289,-5.464431,-51.339855,61.9076
3.6203098,0.18012115,-5.10477,-16.870523,-30.928968,-53.222687,-35.029938,8.6008005,-6.6904488,-114.10424
-47.25881,3.0919855,37.615643,36.22885,33.858208,-36.025143,68.46978,-49.06441,-8.80923,-19.316961
-48.590656,31.37552,-22.76056,-31.378626,3.893512,45.414116,54.48486,20.743832,54.42655,-28.094585
-5.090926,-73.77833,-15.986643,-9.562355,28.39073,-17.423628,51.22748,-12.898443,74.69804,4.3780074
26.377682,-46.213135,8.175837,-17.593712,45.89044,11.370338,53.68071,-53.185947,65.15129,23.93886
5.277873,-82.757195,-1.7137367,-24.339497,10.981611,18.055449,44.310978,10.340476,36.86121,46.255768
-30.900507,-27.219395,-3.5929122,-14.955435,22.866299,-44.15979,16.733334,-46.30965,-11.886659,-13.738969
-36.160183,-20.345451,-39.26069,-24.565031,-5.305309,-2.9449368,19.689507,-50.341396,-18.224087,11.82057
13.350244,-38.28952,-41.71502,-41.727253,9.202508,37.61896,2.2157784,-13.091693,-31.674294,21.681517
22.515627,13.149824,-0.75166994,-20.947971,14.017754,-50.795208,-24.382019,19.085842,-15.151286,-96.68269
-6.898786,-48.81228,-53.052876,-45.65255,0.6954992,18.500256,10.290251,-18.214672,-26.779528,32.773415
-30.908089,38.95849,-47.222916,-48.76564,1.5335584,36.477177,52.532673,-4.8520837,52.025368,-47.21034
-44.95636,-24.665459,-55.28362,-69.11178,-14.983614,0.95150614,0.83966947,-27.0863,-66.13699,-47.06983
27.265257,3.062467,36.44499,9.962649,-20.631416,-58.15796,-48.552696,1.1564348,12.35857,-37.857605
12.2398,0.09437737,26.558083,14.8099165,15.31746,14.878234,-21.38997,-15.5746355,13.7295475,-76.83813
6.341464,34.202404,23.612305,5.55136,-22.44743,-37.934612,-36.703854,9.095028,4.3236704,-33.58761
-30.07725,18.01292,-53.04104,-33.00999,26.355156,36.398342,17.389925,27.12111,65.62123,-24.919659
38.309883,21.985434,-71.55272,-89.002815,-23.133606,7.537135,16.110386,-24.938814,-39.480278,28.674976
57.189552,-5.7244625,29.890203,-21.000187,25.347061,-38.567085,-20.879042,-5.7784743,-1.7315894,-82.661575
2.1674197,27.981567,-8.1756,4.8421745,0.43125892,-33.481136,-9.305393,17.158173,-8.59289,-10.136605
-28.592724,-39.557594,24.358501,-21.810434,-0.37085634,-76.93745,54.875816,-23.569132,-32.572784,-5.7222886
-26.869818,8.442555,-16.786245,7.3317375,10.745924,87.763054,34.853493,-35.23334,55.69241,-26.468908
-37.801235,-48.17929,20.911934,4.5262976,-6.5617476,-33.375164,22.491116,-22.644615,-49.12511,-29.009783
-67.32495,-52.149147,-20.70711,-39.742123,-39.55739,23.932932,-56.30255,11.508399,-29.01664,23.98887
-24.088987,-40.200592,-31.930681,-14.802563,10.214379,12.6721525,34.236652,6.112037,22.485987,43.55439
3.8563294,-45.23409,4.4038653,-26.698805,57.28751,0.8223398,38.127193,-35.545036,54.005444,12.745789
-50.068966,-11.420176,-50.438065,-66.56081,-15.923451,35.55116,4.0382805,-0.79298353,-75.32868,23.880106
-19.970444,-21.549711,-17.470722,-20.76338,-14.882833,-38.843987,0.2738213,12.491749,61.428772,-60.21997
-22.202263,-52.270893,1.2352071,-32.73109,1.0986195,-63.0267,12.675887,-24.424414,-21.084627,2.7587242
-11.618541,-58.12045,-6.0821104,-15.602025,0.11011624,-85.95512,57.67327,-4.5392876,-14.197954,-12.006733
-68.2206,-27.120153,-52.263504,-25.650661,-23.099983,-28.621532,-36.884872,19.780663,-51.260178,31.22891
-27.569885,10.154436,-31.929539,-57.14786,-26.961912,11.783308,24.609093,-8.669925,48.605152,-26.296963
-27.605167,16.200588,-46.213245,-39.619476,1.2484319,-24.586397,13.946284,35.11733,27.573576,-42.33266
-28.925377,-39.831524,14.1070385,-5.1881237,-2.1450655,-50.571186,64.55512,-23.18194,-17.615744,-17.463232
-18.355995,-6.834558,-56.546425,-93.233185,-30.205288,-5.8312454,-15.955311,35.2037,-50.37841,8.248438
-38.72958,16.745253,-21.586111,-43.86537,30.350565,36.945633,64.77892,11.358113,53.715683,-62.17192
-46.30838,45.5587,-63.132214,-39.954506,-5.4051566,43.86054,4.4767933,21.628672,46.022923,-44.320374
49.815056,-18.29544,2.2843442,-5.0233665,35.565044,-33.759598,20.270836,-14.301357,52.193214,-46.025383
-18.577906,-20.021976,12.727337,7.8763323,35.686207,-46.257477,55.322292,-64.57627,-54.932243,-36.043858
-38.233818,4.0985026,-21.383894,-26.30457,23.1612,53.71689,58.768524,-31.64764,44.5531,-42.298428
-27.993052,22.061323,-55.1226,-42.24175,-14.716742,32.710236,27.670584,-3.6602764,60.738224,-52.05247
-44.045498,-7.16623,-15.494598,-37.44789,-13.325107,31.000301,16.673777,-13.567393,0.64039737,-7.3330455
-19.717693,21.484179,16.577541,-45.3549,-24.199284,9.414358,25.592463,11.009796,28.950928,-65.81284
-8.787922,-6.9334264,1.6231902,11.928474,-25.081793,-37.400154,2.962183,-2.32246,-22.71097,-27.106468
-50.374676,29.503136,-28.870295,-31.381687,-3.9955294,74.898705,35.237022,-0.7188017,45.55754,-30.113617
-11.559442,-52.58964,-19.75586,-19.365965,-3.565396,-80.95669,53.721504,2.661287,-20.093155,-28.722107
-17.733015,24.318275,-57.511063,-67.89775,1.1546752,24.44312,-0.88167626,-3.7440531,-70.15891,30.68951
22.014996,-15.41726,-40.924583,-56.151848,5.312743,16.990631,44.040688,-28.573133,-91.44676,1.0360451
-31.788864,-80.53051,-10.8310795,-7.173215,13.691944,19.860142,39.136356,-16.787762,54.39014,19.533697
-6.929325,-68.544136,18.952192,-45.581047,38.178043,-3.4272203,62.698513,-31.909674,56.245434,20.146095
-0.74011534,-25.389704,-41.0192,-70.42875,-27.427814,44.409035,20.396166,6.4323874,-43.854317,21.493818
27.986778,-23.84181,-59.3947,-35.27631,-24.938292,-39.647274,-34.88154,-15.689109,-10.28823,13.534414
-6.924488,-3.4583268,-22.677988,-64.65839,-10.34577,49.162132,23.021751,-2.92551,51.23417,-59.895508
-27.630203,35.3208,-19.682861,-47.055855,8.461398,39.14707,54.03533,24.425037,69.58173,-46.917854
27.465105,47.842815,39.42063,-47.209732,-0.7525758,-0.8922051,-9.871663,14.884209,-26.82789,-74.7618
-48.295628,24.93886,-51.93147,-27.337233,-3.3584204,52.287216,38.947132,15.475308,4.757691,-0.5147278
2.3107069,-31.315046,30.62456,-17.869093,38.994194,5.813445,25.789862,14.802334,42.842148,32.828007
-7.410496,25.928688,19.651783,-29.092363,5.746624,-42.118526,9.856223,36.45012,-14.431388,-76.660904
-11.657966,-30.722149,-53.696106,-45.82788,8.063361,-33.97751,-1.6077359,-21.603193,-29.688328,39.913612
-23.451591,1.9265058,4.685756,-0.11240844,-34.73414,-61.775726,-19.545086,4.240952,-19.42849,-118.20791
16.835,-32.813145,-38.856712,-48.488003,-11.178005,-33.631496,29.781677,-7.4528546,-33.408028,52.926224
-29.353737,-38.85566,13.524264,29.550425,19.534996,-40.571392,55.629475,-61.961494,-36.629025,-36.400143
-51.15603,-64.88269,-11.794639,-23.228125,41.627094,12.418359,59.838448,-30.1045,34.766087,22.85889
-0.410122,27.063393,25.063166,14.83602,-19.01234,-88.3439,-24.48677,-24.77454,-2.2594583,-59.983757
-15.503663,-24.169844,2.3088005,-2.5987377,-4.5131106,-56.365623,44.849575,-16.6258,-25.874165,-19.577793
-12.444643,-28.26506,-14.429387,4.666255,49.405357,-51.95687,41.71772,-57.590588,33.41593,-6.2087407
-15.94649,-35.1256,-55.320133,-78.72192,-8.096137,-7.062728,-11.921884,-31.427935,-5.5975323,21.220415
-25.220396,37.67812,-6.0161324,7.0820227,3.1152322,35.575504,30.95155,16.941927,44.000385,-48.06042
28.63728,7.9586983,22.717066,15.998885,5.8704605,-29.185774,-49.47524,7.063982,-3.277884,-92.97712
-77.473015,-42.798767,-2.869763,0.8937032,9.149847,-56.32448,62.262726,-46.95265,-24.444468,-44.894012
-34.691753,-44.792156,-2.5218031,-3.2480907,14.788416,-71.46305,48.275494,-8.2704315,-34.42588,-29.757942
-30.326113,-4.696497,-24.681885,-11.177588,31.772627,38.061474,28.680792,-7.6219273,47.05064,-40.021015
25.378576,-42.238228,7.0027595,-39.4529,31.04354,11.739623,31.493853,-22.553604,67.915504,29.568113
-43.909508,21.179739,-59.923527,-27.812801,-5.7559114,23.857878,31.64503,21.406315,51.251617,-38.895992
-47.555805,12.444693,-37.12595,-22.184303,8.508835,28.975733,47.60217,4.2298474,41.76529,-39.945004
-26.191824,27.617811,-58.544357,-41.970287,20.979494,55.490444,42.44969,-11.288705,21.702936,-44.054794
-53.95009,-60.804752,-28.812073,-23.426498,38.029743,4.3544235,36.918606,-19.51613,38.752804,14.777981
-38.97001,17.673916,-38.530098,-25.965906,31.727903,36.027122,42.743828,12.986766,44.530277,-48.262604
-17.970636,-17.514677,32.04929,12.415387,0.8007152,-38.42111,35.022945,-72.9334,-45.542885,-45.33893
-23.056353,-63.78789,21.949596,-2.9426022,42.386322,21.08705,19.98969,-36.83698,82.21231,-8.574649
-81.642815,-28.904032,-50.862164,-57.27613,-23.082241,9.589852,-26.097866,5.495544,-77.61884,-2.404676
-33.652615,25.46357,-36.167904,-31.563614,1.5105475,24.40069,48.93515,-12.816486,57.751663,-50.132694
-34.81632,-3.1294615,-31.518036,-34.981678,21.428556,36.030254,52.129406,-38.138157,46.479305,-21.111044
-23.395304,-29.04591,-35.75561,-24.06646,-3.8591914,5.697709,27.9401,-15.473602,81.279816,25.943052
-17.704575,9.536536,-30.32733,-18.553606,18.277203,29.508343,35.613857,-10.655135,24.273235,-38.28218
-47.49136,22.220417,-38.570957,-33.66985,-17.609404,62.840557,36.36792,25.804457,-8.36703,0.34230328
-44.71101,4.924078,-27.029465,-25.140545,16.574305,23.670649,39.84468,-0.15966384,33.324745,-53.983437
30.090544,34.11471,-77.86419,-84.50377,16.364498,24.18234,43.718323,-66.87916,-68.76683,24.53919
-9.837165,-34.74224,-2.3299475,-56.266453,39.610676,-5.292123,25.60046,-7.0624084,84.675285,48.506084
-11.835653,-40.741253,23.170378,0.044283032,-34.43094,-45.582462,43.333866,-54.497227,-41.489223,-23.53225
-75.19314,-46.15659,9.964077,2.7390707,-9.651059,-44.132458,60.99252,-38.425816,-34.182583,-32.78883
-37.047806,8.675719,-38.289,-14.541541,11.724737,30.456463,26.165615,-21.746862,41.507244,-50.779785
11.116658,-35.85892,-9.810109,-51.90096,-20.77173,-5.6319017,13.5659,-66.245995,-31.656631,68.39404
3.1074953,-89.1198,20.573679,-47.952328,34.180195,10.275155,71.01949,-27.491543,56.912186,23.570204
-3.6345906,-30.690907,5.679491,-19.180788,22.140154,-50.180813,53.544563,-63.8002,-34.010902,-36.140484
-6.4916267,-26.268976,8.430497,-2.0576403,20.673029,-71.69604,65.969025,-45.55775,-26.51236,-28.433851
-28.19891,-38.509182,-4.552577,-18.010021,-36.013447,-70.79678,65.78643,1.4949017,-54.351223,-30.92603
-9.561672,-44.218956,12.529581,0.75282884,34.299713,-87.9645,51.34768,-17.350653,-28.130499,-20.819292
-8.036345,-65.25944,24.753183,-50.00085,30.825487,4.939949,34.56664,-9.011458,51.30699,60.389297
-13.584987,-60.247585,-16.383682,-22.07052,17.881119,-4.532864,61.655518,-24.994375,53.9878,15.236139
35.386612,-3.602963,43.679535,5.69707,-15.654771,-23.69846,-28.489191,21.90395,9.293425,-45.50348
-19.358643,-31.740444,-3.190608,-8.453771,57.606377,31.21243,56.79198,-22.962332,22.1481,-28.970995
-17.838112,3.4339645,-43.699688,-66.10464,14.965992,6.8753757,52.087555,-22.211487,49.13209,-6.803188
16.406345,-2.8599043,38.21883,24.57987,0.19830832,-76.5348,-27.985569,16.624561,3.4163654,-53.77846
0.65847105,-10.383557,-38.283115,-72.10916,-26.018372,-28.022095,12.147836,-5.9642425,-49.78694,28.779053
-13.271536,29.24643,-54.028114,-61.57483,18.117764,16.155415,25.49841,7.3225737,39.911415,-39.225395
-26.822247,-17.858486,36.34345,33.823612,10.141603,-56.102863,55.339085,-39.239365,-17.016777,-24.463427
-6.794966,-8.9461,-86.39982,-48.75712,10.964754,-22.276663,3.8693068,-14.2992115,-17.546917,10.250515
-13.390809,11.837849,-47.956738,-56.611923,15.369108,26.529915,25.474054,7.062593,18.511889,-12.998144
-17.672274,32.749523,-57.08915,-50.60823,2.2574713,12.30058,24.364735,9.175889,40.326252,-54.3017
10.379406,-12.512474,-51.1374,-6.849451,28.939436,-11.70007,40.716427,-29.787785,42.94693,60.247192
21.357592,-58.514,-19.490387,-30.567682,42.183224,13.346832,45.77398,-17.599209,77.18239,20.924194
41.47438,34.536087,3.6583433,-5.354179,-4.8980536,-48.751484,-48.44583,-37.58148,-11.963046,-61.245457
-19.88369,49.649403,-48.692646,-65.124466,-11.667395,42.306843,32.718685,17.428719,66.600266,-41.773502
-0.13897222,31.117779,8.5158,6.418441,3.8680758,51.21626,0.17465723,-31.079683,51.78652,-43.031033
-52.04889,12.379241,-35.98933,-11.697106,1.9800572,48.96316,38.038868,-15.912817,47.931942,-31.190735
8.6511345,-27.399977,-63.152237,-54.756752,-41.98027,31.829159,25.318052,33.184536,-43.48435,24.000597
-6.953626,-26.601341,12.799517,-12.883916,23.30473,-77.97078,48.495796,-53.730366,-4.97557,-23.04341
-8.646503,-73.24383,-1.7241513,-45.436577,33.11282,-2.1145802,42.13417,-75.67092,75.63997,5.3412757
-32.950043,34.319016,-46.166775,-5.4020925,-24.228058,54.939,19.20377,-4.1198373,34.013584,31.287249
-20.640974,-83.686516,-16.615211,-44.044464,-27.998167,-6.596157,9.671833,-35.921146,12.626601,49.77884
2.009398,-39.738583,10.424067,1.1717741,45.79502,-37.410286,39.92943,-99.25246,38.697792,5.7838254
-4.302483,-39.740078,-39.635494,-36.945732,-33.000008,-49.069286,-16.529171,11.972836,-54.410583,57.550743
-42.22606,-2.3106437,-32.27751,-35.66689,28.13647,29.987703,36.72912,4.4813776,41.30875,-46.147327
-12.624413,23.829714,-56.485886,-38.726646,8.991369,67.70345,41.019863,-1.8152122,17.02933,-49.904385
-34.25056,21.178991,-27.003487,-37.842163,3.4463532,51.882435,24.850649,27.156298,62.317448,-24.065952
25.982882,43.392593,5.4400587,-15.823093,-22.97261,-24.795448,-47.557785,-0.45015064,-25.350838,-32.92111
13.583968,-86.349304,5.502297,-13.890093,42.76754,-10.906583,41.526665,-11.089531,59.817104,-6.778771
10.46154,6.5151277,11.859294,8.89012,-10.82696,-45.474884,14.988541,-29.075743,-31.139236,-5.889171
-28.224306,-49.38449,-5.3147845,-55.24272,-30.800343,-60.227867,-3.1153767,24.302725,-5.835618,11.464048
52.544113,-17.69389,27.118353,5.2938595,52.084682,-9.627194,9.337555,19.110476,37.3996,-18.698473
-23.510578,-53.62874,5.073175,27.198345,3.4162576,-39.84645,-69.78052,-24.666191,2.899782,-17.419554
16.428535,-39.729317,6.716394,-46.379932,-11.274979,-33.106956,0.57898927,-12.4300995,74.027466,-4.9049163
-5.794414,-32.137188,-10.522249,5.7892723,25.684258,-69.59139,45.062508,-27.69884,-25.574259,-31.88737
-15.6925125,-28.34943,28.035334,7.6988506,-5.581163,-51.45544,58.132145,-28.137447,-17.770765,2.183392
-15.308037,-15.699314,-7.7619853,-29.299088,4.407366,-33.237877,51.890285,-61.51851,-4.90918,-3.838571
-36.04097,-19.483381,-32.90717,-40.722874,-20.39723,39.736755,32.885452,-20.976376,-1.8983676,-4.284103
-32.14108,-43.534203,-27.338037,-22.496868,47.18121,15.682031,50.77748,-3.8162925,43.03449,-11.263625
32.35636,15.5997925,3.1109955,-5.094328,-6.4845757,-44.349087,-50.06569,19.70118,-25.161928,-58.48421
-0.64722145,0.270187,48.14654,-18.173601,-23.088085,-6.591863,6.634612,13.709364,20.503305,-73.87836
-2.6817634,-12.141366,-49.577797,-50.809414,14.987027,-8.368516,-2.783266,-30.100405,-27.752052,56.689056
-28.380428,13.426898,-45.798843,-50.59487,21.089321,7.6189346,48.522816,2.7732468,89.835266,-11.805285
6.9594545,-58.819702,-13.982125,-38.780613,60.96284,23.267073,21.884722,13.071975,76.463196,33.658566
66.97144,26.828514,1.150466,-31.981474,-22.809925,-20.997196,-46.770252,-0.80281717,-16.697918,-51.28257
-37.363937,-30.95671,-70.80146,-59.10364,-31.081827,4.68727,-11.213296,28.971144,-18.203156,15.922312
-35.991516,-59.003906,24.61362,-10.164713,31.236227,-45.01611,38.942707,-28.70285,-30.596123,-16.398985
30.972017,-8.875413,-14.23387,-33.37806,-4.878493,-1.5520408,28.117373,-31.15342,-77.481705,79.09119
-13.233978,58.140247,-4.5485206,-19.810173,-45.029358,-32.510654,-20.07089,40.98259,-5.0365243,-57.495037
-42.612324,18.793287,39.59022,-0.09794132,35.702194,-31.655514,71.55665,-38.754112,-22.399172,-16.578485
-24.780573,-57.616615,27.294895,-20.047596,59.88374,-5.8079653,52.19541,-26.998634,68.0191,16.710066
-15.7824,-61.58989,5.266585,-44.816467,19.920938,-14.311409,34.2782,-47.976223,44.885426,-10.622968
-12.504562,5.733681,-33.307716,-78.675186,-43.59653,29.235104,-10.349616,7.1232214,4.3065414,56.205116
-24.258099,-67.64193,4.4277554,-14.472475,48.671417,9.284755,89.55158,-7.1861014,62.99242,58.2188
2.8688526,-65.95506,18.02671,-59.032623,44.70619,-11.5676155,57.807404,-38.857304,55.91083,38.535854
14.5205345,26.555103,17.295248,-32.839756,5.6727314,-41.326717,-35.778652,-34.37985,26.394865,-68.84839
-42.409466,-38.35159,3.4129958,12.224175,24.922016,-21.473457,39.828438,-22.89579,-24.79857,-8.926954
-10.864618,-18.234278,11.29271,-10.662231,4.448535,-66.91893,34.815853,-61.32151,-24.846638,-25.805122
-30.461483,-27.061445,-8.153494,6.0659323,19.465422,-48.81018,55.851162,-32.698174,-41.740963,-37.22441
-29.042418,31.780355,1.5006342,-14.895126,19.657,-57.445606,-31.389381,14.225664,-21.82763,-56.51992
-23.46573,-74.49251,0.18209404,-36.69062,50.833042,36.962215,40.396927,-20.939093,77.18692,20.854223
-23.926172,-14.289552,-44.456734,-30.861647,44.497395,23.023312,26.537098,-5.1720114,54.902805,-27.148502
-33.25573,-5.806735,-52.547863,-29.167246,-7.747454,43.176456,30.045677,-14.916364,-18.845087,4.1348977
-21.933018,-25.457308,-37.193176,-25.573736,34.01119,38.71928,39.395035,-40.577812,39.06336,-20.948252
-25.155077,13.901562,41.956394,9.811111,56.330982,-51.283417,18.034143,-38.551113,-6.143906,-16.928694
29.609259,-38.50808,-0.75337744,-38.534657,-1.9104801,-4.1779127,25.83567,-19.69154,-13.69119,79.32877
-30.940987,-4.738765,-15.281457,-1.7966502,9.098863,45.92716,45.21903,-14.958722,25.249193,-56.604618
-17.24441,-38.03768,13.503333,-15.875338,12.229861,-77.03643,42.311604,-34.508316,-17.847912,-8.928579
-13.1600895,-40.62991,-22.908207,-20.46191,-8.861649,29.778742,46.09948,-43.621338,94.44479,-25.711964
27.916409,6.3906918,24.746124,13.698729,46.1636,-48.275642,-21.842955,38.93338,-4.7665133,-73.70999
-14.673426,-50.9161,-24.569153,-35.02057,62.510075,8.623328,40.859905,1.2637897,70.58092,15.157534
6.259431,6.4668665,30.657324,4.9816265,-12.42122,-50.692238,11.414714,-50.324265,-16.025461,-57.39451
-17.193924,1.256933,21.906637,-0.114503615,-12.346275,-3.690509,20.24282,28.323986,18.780073,-68.917755
5.87084,-52.781296,4.3926644,-34.301113,54.487152,7.554081,60.502617,1.5319271,69.005615,61.624294
-34.145927,-70.63152,19.576645,-29.362013,49.796555,-1.3956858,51.472893,-6.4284797,32.82623,4.9674716
-8.550749,-15.915676,-55.06333,-19.14565,27.589594,-24.06544,25.10764,-28.645159,42.435047,-11.7283945
44.619843,-38.121918,-67.495895,-57.652275,-37.793262,-12.955668,-29.176037,14.981092,-20.728403,12.423996
-24.738693,-56.483944,2.4443471,-43.45101,56.69807,17.702068,78.01217,-40.916687,44.21258,27.56038
-13.77219,-14.15016,-28.997662,23.974548,-4.294896,-58.610054,67.46697,-9.300914,-29.802717,-25.134068
-17.390614,-22.410353,-23.592285,-21.416836,-7.5732994,15.563359,55.05449,39.317966,-11.397882,6.4411945
20.677435,-2.0475574,-30.537117,-83.01132,-13.955523,-5.2183695,43.48112,-33.9257,-35.663643,30.584364
-26.868944,-25.754717,10.630908,2.2170494,48.412033,-49.93473,33.535877,-59.1072,-9.997118,-29.578938
-25.884356,-24.524988,-2.5123823,16.80148,31.823257,-53.16564,66.19893,-32.27667,-23.619722,-46.14261
10.70739,-50.610474,-12.476739,-19.434135,35.198357,10.554482,56.11538,-44.608578,74.79724,28.330019
-27.617424,-76.134315,15.002871,-7.7564654,69.03251,18.080528,62.455574,-1.6626616,63.325764,19.329906
15.917143,-7.3747025,-20.685434,-48.44405,-3.8640556,34.65162,5.4911747,-36.992638,-54.950165,66.94512
-36.869453,-39.524124,-6.5930743,11.392527,17.222305,-57.60638,46.71558,-16.924198,-17.840248,-32.01911
-24.048693,-33.074337,-3.963083,-10.0008335,43.41573,-79.53002,50.062263,-2.5499675,-29.796524,-22.025717
-72.02791,38.683483,-28.458319,-40.76393,0.60454106,54.593594,55.647575,-0.9590015,21.794472,-6.8225827
-39.864292,51.664463,-30.070147,-16.160519,-6.8976603,58.537445,26.083612,-19.937117,76.40552,-24.115211
-23.922031,-47.072723,-75.25416,-15.73848,-14.335763,-19.403603,2.4901056,-17.226065,36.740685,-25.957716
18.415987,47.383743,44.669106,29.332561,31.718718,-24.55649,-42.488037,-21.147503,-15.719931,-5.1178956
-41.81245,10.69975,-79.97072,-44.00684,-16.0073,18.38324,26.74949,-5.3601108,31.216715,-28.65189
-17.561092,32.693077,-50.96504,-67.423164,-0.6747606,37.43712,15.085499,3.47649,-13.526085,4.7803473
31.952114,7.7545843,-54.76855,-63.56953,-21.938536,-20.2765,0.020476699,-0.6491975,-50.395416,35.92898
-46.20281,-33.618908,10.623002,4.927849,58.553715,-73.9474,13.953195,-7.3917346,-39.15758,-15.417668
24.893105,58.599976,20.050985,-12.174938,0.75706506,-42.865566,-47.505672,-32.08056,-9.839398,-95.297195
-55.388733,52.056583,-61.501915,-42.753048,0.23826408,57.414757,27.890053,5.41438,58.54605,-37.581215
-30.597143,-53.622444,-17.929806,22.085487,-24.83433,-52.90686,52.04661,-15.461476,-18.719759,-22.729206
-1.252148,-37.44081,4.905324,-15.84416,-21.81856,-61.309803,6.2489414,-43.890755,-14.122694,-3.0576453
36.452187,18.198814,-57.08572,-72.22901,-16.52407,8.696482,52.997616,-12.216011,-71.60189,35.15738
-58.554893,3.9685895,-40.53766,-17.272356,7.1957855,46.461136,45.029507,9.50528,61.455406,-27.703365
-23.351564,-16.696789,2.1653936,7.4548035,2.6956432,-29.980028,49.835636,-43.79504,-29.09268,-14.848046
14.416331,44.210556,6.5824895,-17.95319,-11.024427,-31.375826,-57.063538,-18.312046,-20.33976,-77.88899
23.124928,10.909611,10.010442,15.297383,43.075214,-73.53967,7.1684103,-32.744217,-2.5726285,-62.20558
-21.545223,-54.112408,5.7852163,-34.350437,57.291534,1.2897747,24.949083,-28.935276,69.62508,14.253059
-33.28434,-51.318985,22.116686,-25.03232,16.348436,-63.663418,38.155376,-24.953638,-2.400189,-5.790647
43.230865,13.840475,-1.3899844,-14.116903,-10.70039,-47.517838,-37.465744,-11.835321,-8.650232,-70.46237
-25.016047,-68.20528,-23.700157,-43.326237,6.6710443,-38.13048,49.003296,3.8616972,39.808765,21.97132
-22.960339,-44.51034,-44.28103,-66.228714,-21.315002,3.7572095,20.20764,14.963862,-30.13933,29.04412
8.863587,-60.854565,-55.724926,-52.84619,-28.178234,-51.477543,-6.570722,1.7097273,-3.5132651,17.807905
-26.19801,-42.80545,15.862726,-23.207737,5.122286,-75.54861,48.274895,-28.81027,-63.007538,-18.85557
8.99057,-64.17408,-5.108045,-26.451279,21.409563,16.278913,77.11118,-34.435352,75.91415,45.517532
15.302557,19.398153,30.13741,8.06552,16.486965,-55.501907,-24.316574,43.982044,-36.364193,-69.18861
-66.856804,-49.311947,-56.944103,6.05575,-17.740944,-19.64918,-42.48948,12.0623865,-21.249392,40.38532
-68.701614,23.944988,-26.615608,-16.92243,9.994957,51.582253,61.299377,17.491,57.514416,-13.834155
-35.171597,65.316635,-48.538986,-53.826584,-26.971724,66.185684,13.656919,11.1383915,58.518795,-37.27252
-17.866858,-16.13721,-9.666374,19.229326,7.951661,-76.509895,57.90171,-0.05467367,-58.413593,0.4219389
-13.479246,0.18956324,-24.647013,-64.51675,1.7124186,45.14354,42.74873,15.039805,45.162025,-104.498985
-21.33232,-36.734005,-15.992027,-33.417904,37.094204,10.59072,48.927353,-29.674347,39.489376,-12.612142
1.6013954,-22.520426,1.7463892,15.813493,-9.402403,-52.929695,63.804684,-16.596645,-67.9935,-5.1768126
-18.362766,35.362762,-50.523685,-31.523376,14.83855,50.88187,49.352806,6.098356,68.29767,-49.165558
-29.110376,7.2905,-10.6980915,-19.729527,6.762227,28.96733,46.75121,2.5258198,-9.346654,-64.76358
-40.074196,11.307434,-42.22238,-59.165688,0.1859498,12.994647,-0.5425119,-24.15344,-78.65078,33.837616
-20.36606,27.122017,-47.300022,-7.832796,9.718238,42.540543,43.682293,-37.45759,30.104506,-42.555977
-36.220238,-25.462692,-2.1485848,12.995351,23.505625,-56.144245,50.742424,-31.36962,-29.750027,-37.711273
-39.799835,-76.21987,-14.531969,-20.267399,17.521212,-18.143175,75.59073,-46.039803,63.426945,29.522427
-27.9554,2.7347436,-35.600105,-31.967382,33.156487,38.370495,44.19059,-24.275566,24.303679,-45.091652
-53.516006,-58.930027,-53.896263,4.0433445,-16.065641,2.19115,5.3128395,-31.373379,23.980238,3.680552
-28.125402,19.800955,-58.099514,-23.432007,-15.221672,52.95602,24.092253,-8.868816,39.43169,-47.258118
-29.483381,38.49821,-22.914461,-15.825378,-32.28075,31.788937,47.5446,-4.80114,36.799694,-45.666782
8.067085,-3.8213406,-41.422886,-69.917915,-43.288975,1.4489739,17.885689,-8.097234,-30.949541,30.789125
-41.52633,-48.784687,-8.832431,7.179432,5.166684,-48.21085,60.268314,-28.684002,-13.201281,-44.067112
-1.6973772,-53.41266,3.361672,-53.491447,42.4706,3.7890007,36.383472,-45.938126,64.051125,3.8887963
23.5727,26.50826,8.611258,6.6361313,46.36701,-65.733376,-27.938837,42.442013,-24.75374,-46.139812
-4.386969,48.049908,24.958138,-35.241077,1.6391637,-6.2665367,-10.349547,3.1657019,-24.505138,-87.82965
-24.228928,-13.608899,-11.035504,22.199966,19.899973,-43.7077,64.845,-43.686256,-20.962538,-35.41869
2.7253406,-43.39101,-47.959778,-44.3033,4.8489103,-3.9701343,12.762084,-14.415206,-40.739796,52.78093
53.68828,-2.3242064,3.687378,-19.688637,11.5015745,-18.38545,-44.30373,16.372557,-14.852424,-60.066975
-32.966045,-63.377014,-9.427412,3.5197937,2.743224,-36.806488,52.389282,-27.613878,-0.36224896,-49.174736
-30.489916,-40.848354,-19.718508,-72.77133,13.255639,5.413993,-20.665298,14.479533,-85.12828,23.85037
-53.186478,15.168319,-45.802406,-41.908855,9.058065,39.720474,48.430412,4.779864,34.33723,-36.70494
-29.662966,28.942883,-39.16139,-34.096375,-8.6042385,33.18265,54.30835,-12.7719345,72.978004,-40.523617
9.585989,19.268436,-73.49848,-113.12787,-20.455585,-10.242948,-8.705646,-28.445831,-31.574556,-0.46144348
-37.585953,13.618544,-30.538504,-19.563726,8.529459,18.182394,26.863575,-34.696842,53.31251,-35.205967
13.970847,37.27949,20.970196,1.2620294,36.51299,-65.40424,-16.12309,13.52828,-18.132015,-93.880615
57.290375,-7.013288,26.924612,-33.756622,2.433273,-24.960907,-23.460495,-5.387996,4.045584,-85.69402
48.568222,28.375877,16.481241,-48.147823,21.932142,-23.848385,-28.39807,24.794495,-29.982998,-67.106514
9.9684105,11.192058,28.972773,25.648275,38.03361,-48.525414,-21.30116,52.05922,-21.91058,-67.03598
-35.059517,-90.78918,-25.563126,-32.3728,7.4111443,10.317597,71.31336,-38.86872,50.079937,28.862589
-26.582903,-53.16211,3.7748375,-30.460756,-10.391764,-45.590755,-23.692595,-13.133332,8.617199,27.172642
12.514402,17.808668,-67.03728,-78.665405,-4.4228,15.404149,5.0043116,3.0648866,-30.11235,15.989275
13.289011,-30.748287,-54.4045,-52.023796,-22.455322,2.001293,-5.175028,29.815508,-70.76677,47.5946
12.134799,20.648893,53.768906,-15.439969,-5.6902966,-24.295494,-54.954514,-26.069132,-2.103881,-79.16895
14.492108,-41.155552,-48.975185,-51.405067,7.6297274,14.42317,21.592655,-29.921665,-33.357903,37.72517
-1.6559895,-53.51296,1.5387406,-28.859957,14.770634,5.52565,57.88143,-16.751009,64.95632,38.270386
-23.732424,8.992378,-36.103096,-22.872337,4.666642,68.69678,40.05457,12.40899,38.522766,-43.745552
-31.10674,-33.185856,-43.38885,-75.51318,-8.065544,15.838973,-3.9805546,-18.017496,-18.371553,22.232588
-22.157883,34.549866,-45.70787,-54.20148,-15.494513,29.690176,29.295324,9.661382,63.728233,-33.492058
-38.28707,-34.342308,-25.21555,8.726776,-7.8626194,-53.329643,70.63983,-25.250927,0.4505332,-45.314983
-31.514511,20.282618,-45.634636,-32.98722,4.7773027,44.091454,39.339714,-6.55019,56.82239,-62.260025
11.534153,-14.952478,-22.593243,19.244162,-18.199512,-63.952423,18.325125,4.2131095,-45.484497,-17.91944
-8.236569,-18.956104,-0.95869213,-5.689645,20.880117,-56.632015,58.655098,-25.755516,-46.173653,-23.448751
-63.468075,14.737768,-11.236786,-49.74235,-52.700825,-22.622738,-16.363155,21.699673,-29.979303,17.833418
-27.853058,52.214184,-59.140633,-34.35319,-22.885513,39.293423,7.999033,3.9557946,74.04407,-35.68607
9.802375,8.033635,-9.002142,-19.571962,-21.437841,-62.793667,11.803931,2.8158932,-27.422144,-18.55216
-9.482469,-51.025143,10.13718,-55.19429,24.782736,14.672263,51.762455,-69.65234,68.59656,39.525227
9.7550335,-70.085045,5.9324822,-48.57018,7.090455,17.841858,75.01152,-45.09415,43.918583,31.53499
-27.733973,37.76009,-61.248615,-36.113605,-14.569589,52.20419,31.934595,23.4553,20.50013,1.6193261
-43.95196,14.58805,-35.267853,-25.39652,2.7904549,40.248085,22.443989,-3.234792,35.960567,-50.65317
-45.281326,-18.655516,-34.5686,-21.632877,-22.35956,49.344242,13.441595,23.834793,75.330475,-21.368732
-59.328327,32.153023,-53.3491,-32.429764,27.186674,48.088295,40.432526,6.9558425,39.111084,-39.760536
-0.42443916,-14.276485,-54.192673,-41.724766,11.239878,6.7199564,-19.841625,-6.2167325,-79.03748,35.670006
-24.677572,2.6288838,-45.69589,-62.506298,-5.9194126,51.323135,26.410574,12.371535,-30.257748,9.946966
8.892878,-69.38828,-25.455582,-23.16732,-17.416006,-73.79374,66.11761,-1.5964682,-44.058815,-62.9619
-25.38515,-42.89465,-60.76454,-66.97927,6.900633,-23.582895,-17.13151,-5.8043113,-3.6582649,3.9789543
22.630905,22.946741,4.6180525,3.1135495,-27.009718,-55.850643,-30.205849,-14.081407,-22.512697,-29.131575
5.9418907,-36.69257,-61.97881,-70.13998,-47.32144,11.079935,18.314089,16.20274,-49.04455,23.603031
-15.388906,18.85533,-24.491037,2.4601681,-4.358162,-53.893085,24.975712,-8.900206,-18.192497,-75.26396
-21.404057,-8.253213,4.291817,-6.5543227,32.127636,-43.75556,33.745914,-25.8291,-20.640144,-21.901098
-54.081264,-13.265523,-14.335077,-5.3181324,5.273469,-12.838146,61.534073,-53.48888,6.553881,-16.090944
23.095003,8.3785715,38.124874,6.3715286,3.2324927,-59.922386,-11.972509,48.23944,-18.443819,-59.59432
-32.265972,23.184208,-26.42859,-18.742022,24.637094,41.49323,67.362785,18.920183,25.51293,-45.184753
-25.621826,-50.459328,-45.046886,-23.871147,16.41308,5.3798876,22.373465,11.864034,41.9704,-0.5036727
15.434248,15.610848,30.793022,15.545703,36.40619,-28.589802,-15.342004,11.887332,1.3801417,-94.66254
-73.8209,-28.190048,-48.166252,-43.856815,-13.457322,25.417807,-39.982407,10.675096,-42.125336,9.139862
-43.221233,-32.340065,-46.340363,-56.602997,-9.001437,-10.989806,-20.21561,-3.1184995,-35.172424,31.558947
-46.89025,15.934281,-37.82728,-31.38353,33.141537,34.485573,50.462185,19.468077,37.02741,-49.00817
-25.376076,30.33047,-50.78105,-45.620594,14.890923,20.057959,61.611427,20.91824,45.819256,-62.51311
-58.31255,-3.9408693,-8.930038,-34.488827,39.01702,46.776306,36.054527,2.082601,57.33981,-44.144535
-19.438055,-67.46895,-37.294548,-17.691803,60.478985,2.7435029,32.686214,-42.526577,59.045086,-9.759534
-36.55109,-14.187771,35.53216,8.037313,23.670418,-50.811913,48.433342,-23.25497,-17.289434,1.456924
-45.23003,-21.040245,34.20006,-14.460249,24.556396,-28.8589,45.751568,-46.432304,-77.04113,-4.8223367
-6.9997,-50.373936,-28.865845,11.550582,-0.9039704,-63.14987,61.337345,-18.22168,-18.385025,-50.64845
-67.282524,-10.060401,-28.114738,-8.735462,21.584146,49.81809,20.566853,-18.143421,65.85074,-39.822807
-18.949926,-27.485317,-23.577072,-73.37801,-36.925823,-41.38194,20.159765,21.348906,-19.285866,39.465042
10.732974,-64.22724,-7.4169097,-38.047005,28.283262,1.3982513,31.65586,-10.071145,76.08952,14.604443
27.322842,1.1237259,37.263992,19.107912,19.327202,-11.428811,-43.006435,1.0502641,-3.484766,-85.53945
-31.539675,4.314685,-23.663588,-28.641272,2.9178476,68.198685,34.88268,25.062464,22.62495,-73.63993
23.462397,40.144184,4.7375855,0.14717078,-17.426744,-23.039188,-46.383087,-1.1547302,-29.931347,-33.12364
49.494896,14.029882,-9.320372,-2.2083933,4.7186203,-32.246582,-35.700577,26.841759,1.3363516,-79.88599
-11.367595,-25.121208,-17.08671,8.895698,27.816265,-44.721695,63.232857,-47.273846,-33.025898,-53.19096
7.9786134,-34.940544,-58.09981,-45.993893,14.860692,3.8523295,0.9178678,-32.713234,-30.493166,35.51152
-25.064913,7.5237656,-36.35377,-8.158341,1.7872037,41.774315,45.668,-6.7066793,47.04321,-60.028774
8.923998,19.625486,40.66966,3.589121,16.754906,-41.624794,-59.067596,-11.969298,-39.41261,-86.40643
-27.105583,-0.6485701,-30.632391,5.635273,12.511586,-52.362564,45.476887,-2.5014822,-13.6108675,-63.62754
-4.5178027,-43.23922,-62.706245,-80.64074,5.9311495,-19.628231,8.532779,-3.9075658,-74.43967,-20.040012
-40.461315,-15.322702,37.8206,9.480401,16.12476,-50.284985,54.932743,-26.537556,-19.692307,-8.692611
31.06507,16.992523,37.13299,-4.389774,31.874153,-68.28787,-11.360886,15.617533,-8.5132265,-78.271194
-17.333982,25.757921,1.5138543,-13.509103,10.757597,-18.234121,-7.9220405,-1.4544377,16.337526,-75.38302
-40.657986,-50.770504,2.3898382,-0.54613674,1.3451171,-56.236126,51.26109,-9.927517,-24.260813,-37.828274
-21.017353,-34.480595,-3.2645628,-55.910103,-41.594585,29.000414,26.361856,-24.00571,-51.671013,55.890064
-28.216179,-41.834072,16.410515,18.421637,19.403925,-29.57176,44.607887,-54.265915,-37.22579,-47.0978
5.8446813,-29.639488,-2.6526413,-36.406197,34.4942,1.7306244,67.98207,-41.885952,44.686108,40.23696
-13.748017,-60.28772,3.541977,-14.7573185,67.1922,23.971165,47.902313,-24.722157,92.08685,35.266144
-55.291122,11.891189,-11.878606,-58.056465,21.015781,49.99766,56.61394,-24.789133,15.928676,-50.06326
-57.06985,-68.68739,16.804024,10.70395,-38.61593,-46.201176,56.662952,-6.093001,-29.730328,-16.524513
23.589706,-15.518244,16.975685,-30.97331,-23.391106,-30.631882,3.0821521,18.69408,-21.841711,-111.14466
-45.213005,-49.57025,9.702179,12.37012,-29.764141,-22.237871,60.402412,-27.7594,-26.742437,-7.169148
-51.26991,9.087867,-40.120052,-48.378185,26.036161,28.184452,33.68463,19.645378,39.286602,-34.362926
59.78341,2.6988454,9.705715,-24.734211,-33.12542,-21.220282,-5.2844343,42.932255,-0.38148338,-66.51611
12.924467,-54.78516,-7.3703136,-38.38653,45.888042,-7.7434163,35.424362,-15.391706,73.761246,20.640211
-39.990055,-13.934298,-61.429214,-46.475075,-9.633348,-6.261127,4.6961803,-18.481962,-23.78394,29.738787
10.894537,-38.97467,-20.014402,22.512236,-10.019377,-30.471561,43.92438,-33.592957,-18.241655,-68.58454
-28.739305,-7.3132424,-43.887085,-26.042397,27.177523,13.377167,36.184105,-8.587626,47.586308,-21.84311
-29.83557,-61.482754,-29.006224,-25.045181,35.718998,17.661795,80.09459,-38.567863,67.047745,39.46705
-28.092346,-32.715866,-40.132565,-0.6099648,7.3798447,-22.804049,-12.509069,-52.158382,-23.01282,-2.0097756
42.758224,-87.821556,-3.7252548,-12.420742,-26.295918,1.7440712,8.766,-13.311219,-42.895077,77.61598
-2.9586515,-74.0744,0.2940349,-24.391401,46.054035,15.689231,60.692146,-9.100586,72.11939,21.514557
51.10946,-17.008762,44.377857,-17.11514,24.197056,-14.4459715,-12.773539,1.4499003,-4.4067926,-87.35377
-4.8456545,-36.272095,-54.804317,-49.152233,-30.248468,9.862523,-10.04592,-7.336198,-70.258415,49.368492
3.878718,-68.03396,-40.47896,-32.760216,-20.491581,-41.84863,6.537812,38.499535,-76.46291,37.566772
-9.020708,-16.686827,-16.953897,17.712906,-19.90026,-51.455605,8.25183,6.0946956,-40.024017,-15.001568
-18.430122,-5.851959,11.437569,4.6888065,44.170982,-46.859753,40.73315,-74.594795,-37.726265,-36.451824
47.566566,2.6563246,24.588593,7.2543917,36.694923,-79.786606,-25.596619,-1.9559287,2.5222018,-67.41427
5.283247,-60.816326,-27.535158,0.4422251,-10.50969,-3.4141355,-8.459418,4.2911077,-51.52264,53.782475
-17.740417,-13.64309,20.837105,13.976169,59.626827,-46.368343,53.60323,-49.88883,-0.5681486,-37.916103
-29.26323,-35.80459,18.812836,-7.3899827,45.367207,-61.408638,45.187527,-48.144165,0.35429746,-26.109116
-52.085964,-7.710851,-30.55229,-19.62855,4.650833,32.60729,25.722662,-17.97643,51.057934,-52.576015
-14.208121,-79.89653,-8.623516,-41.55277,7.2752886,-16.349134,33.946087,-65.521736,52.947887,4.4174533
-9.676529,-45.444653,-26.99215,-12.075074,-16.92072,-54.304195,53.80682,-3.7904346,-59.730816,-51.12571
-28.688187,16.35621,-19.906004,-14.759421,30.819664,42.616245,50.985893,4.5964847,30.323496,-46.558712
-11.671403,-55.92805,-16.402004,-29.036436,50.823837,12.338278,26.780922,-12.904489,77.85831,26.868082
-50.99587,5.9092884,78.860535,22.340542,81.7217,-31.300404,73.028984,-69.51695,-20.982162,-14.46019
-16.980465,-10.869486,-16.389044,4.664057,-15.07179,57.510826,22.385508,-8.898381,47.712322,-49.12278
-35.526436,-14.231672,-40.682842,-18.484592,-13.751366,49.25143,36.848034,-3.6136186,47.983486,-53.59807
-33.849335,18.832987,-46.8293,-27.15199,22.309303,60.22761,45.428593,-21.943083,33.3583,-35.913506
-6.310273,-11.103727,-23.08624,-65.07411,41.02303,21.280441,19.456717,-12.792128,89.29705,17.855549
27.14661,11.755323,4.7559934,-31.409452,-16.000202,-47.52452,-13.122267,-21.51042,-24.95389,-126.32588
-19.055908,28.066202,-62.51689,-53.983753,0.7078674,44.301228,27.61565,23.411835,18.074907,6.071921
2.8676882,12.752005,-33.084015,-7.6977816,-51.157074,50.449986,29.731276,7.9076467,58.325928,-9.76918
19.406956,17.270508,-60.483665,-85.96686,-3.0462816,2.0416071,42.376198,-53.31825,-68.25114,-8.305719
-42.86579,35.294228,-14.580613,-10.278958,11.085098,52.893402,45.574764,16.827892,4.624924,-25.329895
-46.2664,-60.096893,12.608714,11.641621,10.680995,-64.26549,49.295185,-20.323244,-41.987377,-28.070953
-27.546637,-25.106068,-32.173435,-12.451927,0.745857,-65.25124,38.287502,50.01908,-72.42338,31.182535
15.635524,11.971256,52.59086,-33.33059,-14.9270525,-7.171053,-45.759617,-1.9302481,-35.92434,-59.3311
-48.689228,-12.927296,-29.704624,-17.896688,45.016907,22.419481,41.064877,22.914555,58.766506,14.383472
-1.8717856,-88.519905,4.0768948,-27.931652,27.176981,-10.714716,60.38994,-26.062283,49.472992,4.969317
-11.3498745,-17.085758,-32.685658,-22.948366,44.615124,4.6481934,51.436348,-7.5083222,72.47236,-16.33116
4.3971233,22.161718,10.556881,12.319104,-0.28494424,-48.083733,-54.91389,22.32429,-1.8800905,-18.781336
-30.283985,-26.553308,-5.519756,-0.6080995,-7.7863374,-44.523453,58.998745,-23.185074,-22.686852,-16.628855
-17.422884,-6.7285466,-27.756088,-19.512217,42.51089,29.48354,44.24316,5.784296,19.091795,-31.858404
-3.2095754,5.9498577,-42.29865,-96.365074,-41.352623,14.381848,-6.538556,-0.916092,-48.828068,5.787575
-56.823105,33.074184,-26.523664,-51.930096,-9.977328,48.61097,57.721146,12.511122,59.532146,-34.61131
-23.088734,60.096764,-53.22425,-40.16444,7.732711,49.24407,33.215256,-6.5681515,25.271063,-29.409338
4.023405,-34.22428,16.2587,13.92483,-27.161036,-70.87783,9.204452,-49.88453,-18.572855,-2.551295
26.864685,-63.230892,-33.076046,-37.78487,6.7964897,4.742366,43.664467,-47.477535,39.141132,5.8992906
-41.272793,-53.73637,-47.482693,-20.73328,41.39337,-20.886179,62.790676,10.000771,39.090992,7.9974504
22.099545,2.800145,0.9123327,2.8523452,-25.080072,-33.920853,-54.309723,36.827885,-14.083559,-25.868914
-17.806574,32.111713,-65.2623,-63.688297,-5.5240054,30.661274,36.167885,0.39617616,25.833775,-24.905582
-16.30268,3.831475,-50.31139,-26.306658,25.17903,13.795149,27.041761,-27.6442,57.72377,-19.486925
-33.427517,-49.54825,-14.723285,-50.1326,8.000364,4.4657135,46.63941,-31.133015,6.7840233,26.16178
-45.14493,-57.73877,34.161354,16.134453,26.934084,-25.062126,46.810207,-34.139057,-62.130596,-0.07793395
37.15867,41.934193,6.8593335,11.008918,-5.479412,-10.523147,-31.70875,-12.631806,8.184673,-68.18916
-24.796144,-43.280083,-0.20542265,-0.2847824,-24.18928,-65.58643,71.65394,8.674634,-23.508615,-32.79636
-41.081383,-43.346077,16.671003,-36.37332,46.76556,-21.566502,33.73652,-25.578308,21.30602,25.293934
26.023737,6.1289916,27.165476,5.1818924,21.453293,-14.623358,-40.074093,18.216352,-8.623675,-78.99846
20.107578,-27.441149,-11.055265,-59.273502,-10.500442,-26.45517,5.402611,-16.091076,-47.24643,56.81899
9.787799,-11.539805,-33.87568,-80.10419,-21.808458,-2.235159,2.387529,18.508383,-71.44528,44.494015
-9.92061,-58.571438,6.6487875,-11.39519,-14.602392,-48.168354,62.742058,-44.29123,-23.905973,-58.00796
-17.583433,10.884504,-40.692936,8.05812,-0.851726,72.11676,26.954092,-36.012085,53.581512,-32.444008
-47.337643,10.615098,39.43647,21.533812,28.891958,-28.379955,68.890945,-38.192623,-31.580307,-15.047465
-52.443584,2.1611958,-34.74837,-19.486994,12.433314,69.331474,30.378868,7.8805304,59.461235,-43.583595
6.1938944,5.316005,3.7601776,14.001141,19.239391,-59.836742,-33.45551,-21.654299,-27.702658,-63.976177
22.902367,-49.30433,-6.2361717,-41.915188,29.663235,11.898929,31.019575,-18.15172,78.32951,30.863085
-50.667164,-53.315437,21.374523,-17.41135,13.822115,-48.108315,25.516542,-3.9928823,-47.526943,-7.6306386
-10.181803,-7.234336,25.987175,-17.891655,-23.511066,-25.299177,13.575769,9.091205,25.2334,-74.88134
-40.068726,-34.104836,-44.878193,-57.517204,-24.418291,-1.4135443,-61.521645,17.549822,-22.987324,10.204687
-39.97113,-5.9878616,-28.481474,-60.772648,-37.381428,22.143568,-2.4209454,1.8230742,-68.33584,31.029036
-57.05432,32.828545,-59.814224,-48.72416,14.1536,78.504364,16.583502,37.394966,35.07843,-53.128464
-14.245816,-29.168278,-49.002438,2.862522,18.020918,-37.234226,41.891468,18.212694,76.74168,5.626252
-18.025734,-19.794443,-2.7820551,-10.234507,21.190128,17.194525,23.67885,-19.053684,81.43871,-37.284435
-38.65135,-57.706383,12.657538,-8.815821,2.6017497,-39.18931,58.351772,-18.840435,-56.747013,3.4684196
33.45678,17.033468,-3.5815551,-9.583226,5.358221,-32.64115,-41.502373,19.921944,-10.806652,-76.37055
23.608486,26.690863,-76.06363,-94.19667,-17.174505,26.273375,25.803833,-39.923546,-41.77362,24.842566
-7.1363077,-24.682106,35.883537,10.492738,2.2862914,-62.373318,55.097004,-47.317364,-72.712204,-17.88871
-51.578384,51.549038,-64.12321,-24.675442,-5.9586163,33.03147,23.409416,15.628302,61.606827,-31.74806
-30.460018,36.907356,-48.774532,-39.542095,19.16786,37.930004,30.483759,9.766391,47.100353,-58.16121
-24.317047,-68.54797,-23.235561,3.5169976,-50.754837,-50.10873,-21.219784,25.543,-30.82159,49.076797
7.0405498,27.059069,-7.136412,10.913766,-7.9965787,34.087177,-4.290755,-17.741425,50.152283,-60.35901
-56.99256,19.11911,-34.067577,-30.65288,16.353119,72.324104,39.177475,-12.732794,46.044598,-44.523705
-27.822681,41.0204,-24.984097,-20.038725,-13.264542,14.911414,13.048955,3.53443,29.183025,-41.451553
19.92995,27.869001,15.899269,0.45629072,24.459263,-23.31416,-15.576303,-11.649663,2.5822294,-89.415085
-43.753487,-1.6204376,-35.403446,-51.014824,3.1129115,62.354248,39.95834,2.6268933,26.261835,-25.140087
-24.940683,-67.839035,12.122419,-25.147133,37.99967,-5.4619584,66.66196,-18.503012,47.881107,7.271713
-42.74417,-51.0818,26.961254,-10.879804,-9.135097,-60.01864,42.37744,-27.53454,-37.197227,-18.641787
-38.41544,-3.5533702,5.367392,7.1245794,16.55974,39.692806,28.336308,1.418782,61.914806,-46.87501
-16.537333,-60.1981,-7.113948,-13.991684,30.305998,14.173383,47.552353,-54.99577,26.218756,45.731003
11.519326,41.61747,7.538341,5.04786,16.141846,-30.315714,-28.213045,-4.2512884,-0.9230499,-39.811142
-32.144405,-18.09302,-51.671677,-11.742683,17.271263,-2.3415122,28.466185,-24.603342,33.897625,50.421383
-18.471756,-71.45881,-10.84424,-25.53931,66.10731,14.184926,60.686443,7.738055,49.54318,26.309305
0.4889058,-72.57745,24.007807,-11.789804,54.636387,26.81491,46.724705,-54.714783,60.33533,-24.258615
-17.137495,-22.146557,-65.27387,-42.169804,2.2067678,45.655464,14.259853,5.2957864,-24.484955,-21.488985
-39.069065,-35.08758,29.97479,-17.029997,21.715275,-72.90721,51.713898,-33.59818,-33.40307,-18.211735
24.98846,-64.5122,-2.427435,-47.925785,40.488285,0.24049902,42.441544,-25.647377,60.074276,12.271311
-8.510311,-65.986145,9.920832,-14.123126,23.97397,-10.860821,60.181606,-24.290113,54.259487,12.815763
14.31779,29.682146,5.0710626,-6.0528507,-34.194885,-41.32994,-17.567808,5.549535,-22.864561,-32.156662
14.271076,35.889782,0.5056365,4.155324,-13.117602,-63.680576,-39.945335,-36.78138,-9.442867,-105.1363
-15.201559,-43.952618,-22.824163,-35.016567,32.366123,-9.100916,47.38433,-13.130214,63.842136,-19.420927
24.353886,25.00838,5.1506944,-7.5648084,-30.423864,-23.51193,-39.1061,16.084082,-6.4951205,-53.596714
-59.001682,-19.750793,48.113125,23.788868,34.470383,-43.30301,49.83655,-42.468376,-5.436408,-8.362097
-21.123285,-36.127003,-7.0234623,-28.020004,1.8641086,-12.000119,29.66877,-8.256659,4.0849767,38.79856
-14.213049,0.45019862,-13.157134,-39.69554,18.33195,-12.8225,38.642418,31.9062,-45.080025,-63.905575
23.102406,13.65533,43.69378,-43.229702,21.82984,-25.999454,-32.459927,62.32585,-3.0252132,-64.17968
57.097275,-2.9063718,-3.2107608,-12.399951,12.902773,-31.608635,-43.64038,14.455713,-17.437304,-61.56786
25.00301,29.627674,8.918857,-25.25052,-30.552078,-28.616417,-45.73275,-9.489054,-35.748817,-54.50392
-16.291105,-39.27617,10.163743,-2.6975927,36.345974,-40.500946,52.40507,-60.084602,-27.127104,-46.66417
-14.582467,-31.33172,-13.665943,-45.227978,36.056694,-9.503622,32.99962,-26.58067,66.317184,16.667265
-19.049318,-57.856377,-21.555399,-13.93692,21.085371,-18.974745,39.837055,-7.284739,96.14914,-8.590626
3.4838974,2.4760778,3.5857959,-5.904147,38.96743,-39.132687,-5.527548,-27.34685,-38.713264,-26.213346
-47.27886,-22.009573,-21.541708,-50.236748,-20.027857,18.100365,1.0398505,-39.895824,-64.83913,17.994223
-23.228949,-21.605083,-51.238266,-13.963626,6.336129,-17.620655,19.288364,-12.175082,25.27396,-22.145874
24.513447,7.451844,10.222805,17.686863,21.744308,-26.902132,-50.857334,47.169273,-12.39062,-53.233364
11.34573,-13.856983,5.103821,-8.695564,-12.213699,-64.13428,-27.165815,39.21779,-0.8378835,-99.294754
-11.61495,21.346174,-35.129185,-28.165556,-1.9188448,43.059563,39.368694,0.3487876,11.2684765,-29.709574
36.550407,-54.21391,-50.498814,-45.078968,-39.253304,-25.405933,-37.475803,-6.8004894,-24.164385,19.517952
-5.88984,-63.30132,-34.20896,-27.371487,-3.2530508,-4.9192414,18.344793,-8.806243,25.47346,42.59661
3.8380566,3.7111828,-46.948227,-83.83522,-37.42278,-8.653633,-7.849183,-5.781964,-38.72198,20.034216
7.364997,-43.53393,-28.994566,21.268677,-2.41935,-35.362263,46.289906,-26.995901,-27.824942,-49.05269
-39.662346,-28.081245,-32.877308,-18.408478,-1.6827371,66.40401,24.09882,8.758923,6.613484,-32.37584
-53.48108,-46.857147,-44.582207,-34.932728,-16.733128,-24.803616,-26.085629,14.325531,-30.14427,36.721077
-39.715282,-32.370193,15.503122,-17.69367,29.976034,-50.250427,19.921312,-28.263435,-21.000149,5.047996
24.892355,3.9295814,20.511826,-10.73448,-22.82168,-13.606481,-39.578323,24.472301,-35.112072,-31.83588
-11.607583,-73.32796,-21.455175,-24.04409,-7.4631805,-12.6017,58.837124,5.394529,9.154469,34.49707
21.735754,29.855463,8.558341,5.672637,23.088976,-65.26766,-53.50694,11.573405,-41.799908,-100.57286
14.185036,12.921754,2.8276722,6.9322805,-9.930365,-35.11673,-57.33304,22.342123,-26.536802,-25.153336
-30.429012,36.961693,-34.36951,-44.498325,3.3936908,70.45219,43.511364,3.2891479,14.143406,-52.939705
-42.17622,-46.067715,1.3830569,-67.29139,-22.379673,-12.895978,-36.134842,4.2492146,0.7468017,32.158245
-43.431213,-49.785362,20.61834,3.748443,30.462603,-25.232407,53.470917,-21.258623,-47.059414,-9.380955
-28.13205,6.902501,-40.17577,-67.16939,10.897801,20.981985,36.459457,19.430182,72.92735,-10.391129
-17.046194,-46.26754,-14.397971,-18.99521,37.330406,-65.67063,45.694202,-3.7060828,-27.650818,-33.07982
-14.428171,-11.845088,-2.0115058,-32.567482,25.966946,22.617897,-4.3828764,-0.47777665,39.487415,-95.94289
-46.40684,-72.54001,3.8071694,-27.822882,31.165668,11.09704,43.187134,-41.79101,79.32885,20.6076
18.431038,-42.147198,-42.565372,-28.209553,-31.683577,-42.858658,-34.42441,-0.4343456,-44.283714,50.894848
-5.9442835,-30.862108,19.22815,-25.875868,7.6279564,-39.982647,3.5136192,-42.515896,88.85468,7.856219
-47.837925,-2.6501606,4.6241436,-2.2295482,20.052525,4.0654287,65.42943,-27.012138,-12.724072,-33.99583
-45.09612,-28.935268,8.74707,12.918187,-11.319606,-34.02394,59.4016,-41.3105,-6.9042854,-38.895687
-56.30655,-63.288113,-3.3334367,-39.804092,-23.64716,-36.279724,-40.15245,27.536192,-0.1475138,33.57547
-23.844505,-44.93924,-24.714878,-8.408041,5.8354673,-30.525377,8.051917,-15.180917,0.9382842,73.171165
-52.714733,35.820457,-22.54563,-28.102428,5.603135,52.51552,45.01778,10.655221,40.359894,-9.778619
-30.501827,-1.5820891,-56.725815,12.597368,1.1727808,-56.056847,60.729584,31.95437,-11.464795,-7.035336
-29.155678,-16.69032,-34.0619,-42.45922,5.3223343,-23.843006,-19.438292,5.1531577,-76.14996,31.125597
-35.13541,39.302055,-47.000397,-49.28699,13.718136,54.08962,8.6700945,-3.678063,35.0236,-52.34104
-5.0689206,-84.91811,23.96546,-24.934116,59.17157,-6.189777,14.444167,-31.29807,52.867115,-12.087822
-33.757206,-10.63272,-24.456427,-35.535374,13.738719,-25.24088,0.07571995,15.563121,-48.04534,24.097742
-22.215881,-18.926142,-42.298004,-66.96087,-28.50682,30.648197,-12.447543,2.827256,-10.729583,37.739555
-14.508528,-31.271004,24.52062,16.98569,-8.7841835,-51.115932,72.74102,-15.783725,-12.627534,-25.293701
-22.230446,-0.06706332,13.406422,1.3043134,-18.608482,-54.32131,-12.004199,19.477268,-22.051842,-110.28347
-10.330379,-33.098515,8.292446,-6.588274,21.214228,-54.185406,58.027626,-45.910072,-36.96919,-43.347042
-20.545279,7.782053,-5.797033,-52.943745,27.629137,35.737972,69.17451,-25.786985,41.260616,-84.854706
0.09685242,-56.688053,-10.187597,-22.689264,21.43672,-19.802906,51.946915,-31.866274,67.85635,16.805523
-24.303652,4.3415103,-10.307978,6.353858,42.030403,-35.060017,38.916634,-63.374912,-26.334793,7.9730926
-47.85445,-6.913714,-23.512922,-43.76377,35.477886,41.68733,36.924286,3.8797965,73.36439,-51.330612
17.317978,12.522301,-85.642525,-56.24612,-19.85836,38.908295,5.1374445,23.009096,-62.129036,17.132208
-36.466995,-35.19719,-48.639423,-61.958954,-14.100409,9.022089,-31.12473,-1.7551982,-57.34128,12.416767
3.4937289,13.045644,20.161667,12.825306,2.5267146,-66.9978,-15.720141,10.817948,5.607216,-77.33168
-57.65525,-22.431906,-17.536558,-31.28187,15.144158,37.44427,59.713997,-21.787016,12.970343,-22.195084
-26.408295,-41.410778,-23.210445,-13.747583,40.347332,22.652597,56.65605,-56.94502,45.98695,1.1377692
35.386497,25.837746,6.9551864,3.2674086,-16.140656,-54.863533,-33.076515,23.874582,-26.358793,-66.24571
-23.042166,-41.18209,-33.310463,-23.95562,27.174717,15.626634,61.46826,0.21293765,55.958096,-11.2651
-40.70436,-39.954636,15.935669,-6.2794194,29.564356,-50.26442,49.010326,-26.8835,-29.429436,-26.118431
-27.609407,30.560915,-54.675114,-46.130547,1.2503173,17.665508,9.440768,0.47759014,-0.32529268,-33.31277
18.252571,-59.892593,5.2496877,-11.367113,79.41855,19.822428,14.625146,11.87027,71.904686,31.058046
-44.45337,-57.414524,14.825545,-1.1864681,19.811073,-44.799854,51.321426,-31.632511,-55.971546,-26.865488
29.61765,0.81397843,34.31893,30.70882,5.52744,-69.22559,-49.304127,14.702565,7.322556,-33.27296
7.0474453,-41.75294,-10.432889,-56.772198,41.842842,-10.153769,15.683321,-29.961401,79.80174,20.061325
11.893037,13.099576,-4.543917,-7.5196824,21.950737,-77.52978,-36.454224,61.2632,-18.986225,-87.80805
-15.637669,-32.61414,-16.718855,-48.76642,13.724823,6.6057215,21.475973,-24.138987,72.47389,-4.062511
18.8843,-53.058167,12.558694,-17.868862,49.57848,8.723523,11.28723,5.585176,90.828384,44.23893
32.58573,17.613619,-12.816894,-22.765383,1.9188042,-34.749165,-48.64113,24.584288,-28.849392,-61.773685
38.027855,21.246763,35.392483,-33.509247,11.213351,-3.7844682,-37.24334,23.741325,-28.77458,-70.53677
-40.716446,9.525142,-31.032118,10.399095,7.0703993,31.441425,60.202503,-42.4294,22.809282,-45.555176
-55.020107,-5.4153314,-66.08744,-65.779465,-20.858213,-47.037735,14.455478,68.44135,-24.625618,33.02562
50.799377,4.2266355,6.29725,0.6594465,-6.342924,-17.729649,-47.65202,22.865301,-9.126773,-24.131126
-34.327408,-10.596997,10.572166,23.06415,31.609247,-35.760628,65.51364,-41.17353,-48.361492,-35.727837
-18.905811,35.04898,-28.595226,-48.059803,4.6542788,31.94659,44.171894,19.033657,51.077785,-26.843353
-40.966145,7.159512,-14.8731985,1.4981141,8.567564,49.256298,25.5709,-2.6787834,53.585667,-44.157825
-44.665775,-2.7677467,-50.441685,-26.872196,-9.088065,13.355633,9.873033,-4.767332,51.266598,-8.554454
-28.819614,-52.967083,-18.418074,-23.560362,45.983135,-1.3691573,65.822136,-20.780956,70.51367,23.780699
24.665209,-52.372597,5.237146,-25.58806,26.968298,9.39104,38.301712,-32.154278,73.54129,23.701288
-62.50915,-33.865086,-41.407646,-15.695172,12.102257,16.302826,24.892878,-43.001686,53.840446,63.899597
-34.065193,-31.747736,-31.865566,-77.87946,-0.56969583,-9.722705,-3.0630965,-12.12914,-47.27964,-22.921316
-47.794247,1.6903679,-68.01065,-16.740114,-18.786589,-21.169874,-22.530987,-15.522351,-25.809988,6.9921823
-26.32476,-26.330185,-23.260244,-44.00876,-27.491875,4.609314,30.958334,31.902767,-52.63681,71.86053
-50.819626,31.37556,-47.17705,-10.056032,-1.4467212,63.841373,30.443632,-18.112194,54.488712,-26.470646
-28.027851,10.117494,7.622688,-33.905853,-48.48942,41.117195,11.44792,10.475968,48.958702,-44.88041
17.146612,-29.3214,-33.3668,-17.034286,-20.570305,-35.687664,-6.2432175,-20.95227,-43.92631,61.57708
58.162094,31.746145,-13.1766,-30.809448,33.811707,-42.490406,-43.78872,34.063618,-41.65657,-63.994003
33.538017,-17.257135,44.283722,2.0448098,25.55596,-48.626606,-16.922745,9.416722,8.161563,-72.12843
-7.4222703,-43.151062,-23.078196,13.534381,4.336985,-62.433716,56.24185,-24.519894,-15.575201,-50.511387
-11.683082,28.235838,34.877014,-49.940163,-12.2063875,-11.596876,6.589841,7.873641,-5.416185,-74.82365
-0.7047258,29.530993,16.369171,-20.369339,28.340889,-21.487005,8.748148,11.470513,-2.3014894,-87.64674
-15.3886595,-46.455856,18.678867,-36.726875,22.76237,-7.1009283,37.04341,-50.002335,20.21085,-1.1052628
-21.503122,-66.479195,3.1942537,-35.599346,59.77888,7.5784283,53.469433,-9.679611,53.119427,26.81182
-4.886123,29.852959,-33.725845,-14.840607,-0.57128346,46.578117,53.307186,1.7201579,41.931797,-72.16263
27.278732,4.229929,-5.6665206,-8.025941,9.677486,-21.03245,-45.52929,36.122116,-29.91673,-67.13471
-34.687668,-76.68063,9.98069,-46.763103,36.518147,-4.326156,15.3858385,-74.7484,88.43324,4.230986
-5.051438,-48.914692,2.1925476,-17.50037,-32.472713,-44.548958,67.93455,-17.946323,-50.694042,-27.351374
20.425922,-17.921982,-33.52182,-81.04443,-10.430433,-27.235546,-14.9887295,3.2019212,-67.77054,27.409088
1.6237459,-52.583942,10.097779,-19.991802,59.843,-1.0819302,44.54098,-33.2892,50.417164,15.01359
-40.783806,-42.65398,15.621838,6.27929,24.396687,-28.53271,62.742134,-30.523117,-47.55847,-26.768288
5.360261,-53.68308,-37.408756,-23.012362,-21.90564,-27.177109,-14.045453,-15.85298,-2.9669893,34.735157
-23.882362,28.362846,-40.73475,-25.391401,10.299142,43.198643,48.275814,7.932609,56.8236,-51.01833
-33.500008,-28.612764,-0.4962077,7.199505,-5.6946535,-31.469791,76.00634,-1.8847443,-3.9953072,-3.2855263
-19.117289,-54.16828,15.988998,-51.127693,52.09463,5.902481,53.55517,-34.14697,51.47924,17.595024
-15.076522,-14.764824,-9.281693,14.348374,22.176943,-61.70203,68.66404,-50.184948,-42.294804,-47.990078
-9.903988,-21.158535,-27.774633,-41.809143,16.913134,-2.2870212,41.412895,-34.56461,30.639193,42.158222
-37.673767,-52.30294,-19.180868,8.891309,-37.38224,-42.608,60.5772,-19.920898,2.591861,-43.226955
13.433627,-63.49405,-55.847805,-17.190186,-23.409208,-40.530777,-12.638949,7.896957,-23.482878,54.9919
-5.719772,-48.756866,20.32126,-6.0814915,66.89649,7.342061,40.06596,-52.601067,60.474895,6.112263
7.297835,-34.264862,-34.274612,-51.75745,-35.82414,-20.456804,-18.976374,12.735452,-72.38831,25.891218
-10.301432,4.8960032,8.010713,1.6467931,9.198742,-7.4737535,-16.553034,12.346042,33.33533,-67.03409
14.262998,33.041374,5.0610228,-14.159479,-30.558987,-44.8287,-12.01349,12.202614,-24.743708,-40.24927
-23.360838,20.462164,-12.273255,-44.357124,-2.4072435,39.24515,33.958164,7.2620907,92.459625,-51.800274
-22.9412,-33.591618,14.393482,2.4370744,-21.338373,-41.008465,63.603134,-52.119846,-22.075024,-34.672787
-19.034891,-58.018726,-4.228344,-19.838167,-32.227455,-88.4049,61.753345,6.7779155,-53.523155,0.17221212
4.0406446,25.48485,29.410585,-1.794377,3.4349322,-66.32866,-14.520183,60.77585,-29.033333,-85.44723
-33.84342,-8.281888,-41.06523,-69.6187,-25.843798,40.241055,12.567754,-16.200453,-45.679577,25.316221
20.223316,4.2940035,17.254879,38.554596,28.14821,-44.295383,-43.307346,45.1169,-3.9143972,-33.43733
-15.918939,-53.423622,-17.712597,-14.074784,17.309744,-12.417096,54.643528,-33.329823,74.86623,7.6239905
-35.388943,-28.514374,-28.728796,-53.92956,-46.576706,44.41982,-18.662209,-24.4064,-10.879918,51.267315
-36.216427,-38.394108,0.07749236,9.97244,26.741392,-32.1237,57.309597,-50.765003,-31.667486,-38.299915
16.405643,10.662569,30.316036,22.638767,-26.916208,-61.49569,-40.395355,25.638523,10.103927,-44.568348
6.608469,-40.914806,-31.777002,-44.573612,30.57864,27.865086,30.674086,7.528299,61.082397,-57.528557
-52.605698,-73.58167,-29.979404,-17.206444,35.628094,-4.4200006,50.528965,-35.53147,37.47264,4.80988
-58.08102,-36.284153,0.1955505,4.751338,1.6323473,-49.937172,56.140194,-42.227123,-18.443592,-44.56088
13.98542,-65.51095,-0.798814,-18.938868,32.980537,8.709321,31.735056,17.26917,82.58326,25.952314
-29.669678,-34.331043,-0.91442376,-11.893951,-0.14267042,-60.716663,75.12718,-19.609283,-1.27871,-24.00917
-24.847193,22.168497,-32.27459,-48.59439,12.537416,27.217491,23.341316,-7.655405,-4.363546,-20.289019
-44.30335,-15.739501,-1.63089,-9.038715,11.0763445,-75.02163,63.419636,-15.566935,-40.58932,-43.6564
35.602493,-44.04657,-1.4865793,-5.4728703,51.10741,8.83883,44.722122,-45.246857,71.3566,20.430513
-55.481457,-11.495293,46.41627,15.677421,9.162802,-28.423882,63.372513,-26.580994,-42.259834,-5.5804358
11.873276,0.8988316,-17.444817,-56.380474,-24.946161,-20.249472,10.904767,-43.373695,-60.29163,38.576736
19.481241,9.792009,-32.20546,31.201626,-26.546183,-35.61634,29.833391,-4.1583223,1.5189631,-23.86224
-37.188686,-48.19353,-62.536293,-2.6185465,-25.16902,0.3892293,-15.455422,6.705071,-1.6565337,66.586426
-13.719411,-20.713354,-48.258865,-52.93986,14.345838,-5.7299085,5.187022,-11.3100195,-52.851578,45.913692
-6.4424624,-92.303535,-6.8287687,-30.036648,8.000504,3.177881,51.005634,-67.07571,71.91717,16.35461
27.334755,-10.485759,58.55007,-4.216825,-28.84845,3.3149216,-40.678753,15.679395,-18.532099,-54.478466
-1.1449517,-46.62144,-13.133132,-40.011105,-1.120926,-17.161098,33.469162,13.721562,-28.335302,36.186012
-37.588146,-49.04795,19.740892,-12.554559,1.515157,-61.985023,59.90527,-39.83943,-20.603968,-19.40506
-15.751848,-50.77272,0.5155749,-9.816612,-22.310701,-57.86922,1.154358,-31.058733,-3.0665188,7.074907
-5.5812235,-76.485115,-13.923959,-27.46535,-44.99616,20.838923,28.797201,-30.275517,15.091358,6.913775
-37.823326,20.027225,-60.37854,-72.79243,-36.87468,19.256783,-17.321455,48.319168,-4.4762416,25.674686
-29.81587,-32.713158,-27.86547,28.795708,-16.428707,-43.446144,37.61067,-17.539856,-5.3009353,-23.72508
-22.745222,-18.660734,-56.480755,-44.068596,1.3829503,-16.993193,-31.572746,28.555794,-75.570366,37.6882
-37.253323,40.8811,-13.516201,-31.62851,-1.10842,34.215168,23.204601,18.546936,-11.5871,-31.12705
17.136925,-49.614452,11.809779,-47.64757,33.033848,2.2262185,53.813614,-31.946032,68.52318,35.875576
-24.258366,2.6246867,-32.541256,6.3954134,18.51927,5.277649,78.44278,-59.37484,-31.215702,-56.927532
-13.434993,-41.021225,8.354475,-2.7324092,37.522297,-68.42763,46.826576,-39.031,-41.37764,-26.410355
2.7022817,-23.01124,-35.97916,-66.46442,-30.304474,-14.879422,0.069693804,32.05275,-40.647926,56.392242
-17.37036,-60.05,4.924346,-2.2445815,7.7142076,-52.26402,65.13371,-30.058397,-12.684793,-45.67893
-27.836151,-30.850246,7.186209,-8.289592,8.004858,-76.10784,33.853687,-0.037915234,-33.779156,6.4650726
-65.568115,-7.007509,3.417646,-16.195982,6.2037945,24.69908,22.321245,48.361618,0.81163436,-24.168228
4.2187023,-35.00604,-34.26623,-2.13291,13.716714,-3.6561463,15.634082,-30.776009,4.928679,59.49506
1.8529176,-45.771793,-52.43785,-72.088234,4.431254,5.053726,36.82704,-28.98817,-32.670734,34.87658
44.181442,-16.276178,18.40879,0.006628275,51.327812,-6.1848063,10.476975,10.870924,46.58134,5.274375
-7.6917586,-49.66787,-38.024006,-34.453568,-7.9943223,-1.1211385,2.7862275,-34.708694,-35.746956,13.79809
-38.420624,4.202942,-41.928368,-19.223095,0.9612347,39.612682,18.34005,-14.865845,34.699505,-51.133556
-20.73871,3.449411,-50.381374,-41.351658,5.2608137,21.792927,38.824696,19.821535,67.14106,-68.29419
-20.234652,-88.91306,27.543283,-6.584108,56.166016,4.927884,65.4648,10.35662,41.435555,0.81612635
-29.346079,-37.24005,-79.96013,-45.482006,-30.842672,-49.201553,-20.954874,-6.9642406,18.21461,-32.88485
22.796473,-2.6023357,-0.24588965,-19.662132,-14.210389,-42.469986,-13.676795,13.868506,-21.158588,-118.692444
51.917442,23.586943,-25.353407,-66.21058,-40.52308,29.403362,37.32413,-19.251682,-64.32645,63.238174
-41.844643,-8.663169,-24.593117,-17.21925,25.457731,45.627045,33.988964,-11.936486,59.134113,-23.077955
-42.070072,11.318012,-33.38866,-50.498802,26.102314,45.095623,28.609764,16.477646,52.607048,-67.201096
59.966507,12.638288,3.6253362,-36.212593,-22.37401,-44.102066,-25.51389,-24.484093,-20.261635,-112.30467
-46.512943,4.5106387,-13.531431,-28.258139,1.2533472,26.035112,53.536102,11.375592,61.399345,-56.38852
-2.4404752,-46.40371,-9.697653,-34.705055,38.65784,8.289386,45.558395,-25.07139,66.141464,17.878803
-27.157085,-69.842735,-1.7347434,-24.19926,63.760822,19.959873,56.614964,2.7246852,57.590282,30.133135
-31.563393,-62.185555,3.6669478,1.4470067,-36.44028,-41.44333,56.922096,-9.335817,-49.17458,-31.77909
-54.687912,42.6105,-26.611383,-48.498375,-6.804533,37.29465,57.889107,8.895587,52.637714,-27.223772
15.21618,-60.141785,10.772392,-39.93622,38.803898,26.04514,32.712105,-47.921856,77.82138,43.932465
13.512804,-48.53192,1.2865493,-27.312366,54.91894,10.576714,56.673027,-1.5861353,67.9278,49.296665
12.544333,31.201094,0.8144563,-16.214489,-34.022224,-35.939022,-51.351482,-26.372847,-15.920965,-115.488945
-24.509052,-4.926797,-41.108818,-8.121269,9.339927,71.81456,40.708252,5.03384,41.70921,-56.96035
-30.874191,-33.675426,2.6382513,8.060833,25.530186,-60.169308,56.2423,-31.594007,-18.067717,-44.172447
6.968259,29.516386,16.869123,1.3977454,-6.6513457,-57.835777,-39.756893,-15.260549,-0.46440858,-49.531094
-36.511898,-7.9860473,-33.708263,20.191029,27.545126,-24.04465,26.805824,-10.101633,-7.8457704,2.9010577
-34.489876,-15.879404,-67.55161,-54.857296,-24.015589,16.468874,5.117175,-33.878227,-30.245035,42.03754
-6.2559342,-48.662155,1.1039534,-1.2148198,11.982416,-74.850044,37.809807,-39.680973,-34.58595,-40.107574
-56.821625,-9.9399605,-36.23223,-1.163516,1.2742991,55.8138,24.514814,-23.971159,69.67813,-25.946995
-5.1154304,-14.323358,1.40031,-41.497025,30.07754,-26.846283,22.026686,18.760448,42.22298,5.6391835
-45.77926,19.574291,-8.474812,-51.024193,-26.110767,51.07864,27.10554,4.6719685,57.586216,-44.8437
-22.462973,20.134842,2.1537054,-8.514973,16.172243,16.193583,27.749525,4.4808297,40.743134,-64.43533
-56.15722,17.512114,-34.488026,-24.997501,-3.110903,61.780155,35.16613,-16.198975,56.839787,-36.2153
-10.159511,-65.852486,-0.7687318,-41.740753,25.7559,-23.716675,35.93495,-27.219606,65.451775,25.10761
-33.613373,-45.669952,-33.22099,-4.9300694,21.619732,1.4831345,39.252426,-17.472284,78.68649,45.77102
-41.599224,-44.97947,-18.372011,-44.309967,-29.220654,-59.655647,-19.644896,44.02313,-3.5622365,31.615614
9.9940605,31.739119,42.902367,-33.28842,10.75636,-6.5815425,-12.561084,9.929279,-21.952065,-91.37507
-23.588724,-1.3237528,-71.858345,-19.647877,10.105209,-13.677155,17.05983,-32.988235,10.205611,4.3913765
-11.254321,-49.790653,-10.285241,-21.234758,27.94441,15.151666,54.122467,-33.80122,77.00295,27.70521
-25.73088,-78.45035,1.4723179,-23.543667,26.354061,8.59413,59.000874,-52.59483,58.257397,19.855217
2.3644414,-9.121257,-66.58611,-50.749767,18.126146,-20.309965,9.959876,-10.844153,-41.841362,52.066452
-46.509125,43.321358,-41.18999,-32.661102,-27.686535,65.35531,38.51333,25.225817,27.23071,-33.706795
-39.093395,-27.244186,-14.359061,20.320875,17.904829,-49.219727,45.81443,-15.499658,-18.125128,-24.450293
-35.623455,15.627605,-42.018124,-17.090265,-0.96417826,37.676163,43.051422,-11.640494,49.254864,-46.78811
-18.840343,-17.415457,-71.23854,-27.019054,-12.491277,12.771698,1.278284,-48.13922,-63.35559,27.064589
18.558704,0.41721162,8.551339,-9.362569,2.6837986,-69.69665,-15.848973,-8.077004,-1.0004138,-113.15212
31.744993,-6.6495533,30.573772,8.614681,-20.504967,-17.741621,-43.03122,27.59057,-7.796726,-56.95248
-35.482018,-35.896656,32.664,-18.211452,28.297554,-51.273483,45.267952,-21.217932,-62.036148,-8.245244
-29.126034,14.416776,-88.54093,-43.45495,0.66928625,-12.128898,12.481633,13.658491,10.54475,-13.370039
-25.867046,0.9304563,-17.902245,-13.598426,33.414852,36.314636,33.16061,-3.0102625,54.406197,-38.85469
-32.336597,-5.1904407,-42.21839,-24.23405,3.7067258,22.12868,30.480555,-9.987816,66.641754,7.995503
-71.41883,-47.707188,35.46779,6.7114344,9.186208,-42.37903,61.710556,-16.970709,-29.096046,-11.8639965
-8.371215,38.882946,-57.76504,-62.58652,-11.086569,29.310284,41.33197,13.486846,38.940838,-16.062954
49.058273,-8.176663,-67.18772,-81.88228,-5.8364472,-15.774303,79.18472,-9.247184,-67.89161,33.133358
-16.418512,-26.01971,4.099681,6.1982784,36.89816,-45.60323,5.717025,-37.273144,-19.80741,-17.75071
-5.8589616,-37.804356,-47.416954,-38.66483,11.115938,27.936594,18.69731,-5.264754,7.5578933,10.0210705
-10.656439,-91.2874,4.016707,-33.643436,19.765102,-19.146729,44.298965,-14.025321,15.479219,13.215265
1.6269509,-15.880843,-19.550753,-32.40285,0.16824132,35.89888,47.904404,-36.807613,40.687527,-64.74559
16.931135,9.109646,56.809162,-37.57064,-20.96259,-17.156197,-4.0573378,29.80653,-24.445112,-70.934
-19.230911,19.812786,-61.65499,-29.879017,3.329887,61.60472,34.36084,-19.860838,21.700762,-44.294727
-35.91234,18.362812,-42.3616,-20.30622,-27.773054,33.166557,61.32755,15.313054,58.54118,-3.930447
-25.350203,-32.523216,2.6424863,3.9217527,18.249226,-46.316563,65.48505,-45.566776,0.9391983,-43.182213
19.77153,-73.918816,6.4219394,-25.788078,53.352615,13.428375,21.219503,-66.23217,54.39395,-10.042822
2.7829604,61.469223,34.319828,-26.542934,-0.18805122,-46.186157,-48.116867,-25.898132,-15.987725,-86.73217
-38.146378,2.0062392,-38.968678,-35.530167,9.827093,68.99391,35.42194,-18.272213,18.115591,-54.781166
4.1769686,-58.018467,3.1019435,-27.857754,37.132065,-14.543065,25.845882,-40.92841,83.16792,6.8378115
-44.342033,-55.274193,36.724934,-14.791294,7.8643427,-55.143227,54.043175,-38.27644,-40.857437,-14.024981
7.493053,-62.77387,-16.703943,-11.9120865,64.96278,16.798498,37.76628,-29.485737,74.74742,12.751801
-52.14082,14.484836,-9.714131,4.4472656,7.544671,7.6217585,57.158333,-41.454723,-6.1165724,-47.091106
-26.500101,0.06533286,-11.4375725,-50.91971,11.923243,52.972797,35.254086,-33.445763,68.10562,11.479366
11.335368,13.293447,32.67339,17.590994,30.113821,-27.195929,-44.809807,7.3531036,-24.562048,-76.81294
6.9641113,-39.857048,-57.29695,-32.970722,1.2367239,13.907045,6.5577135,-16.39214,19.014566,16.310047
-64.033195,-15.817634,-21.281706,-11.003239,25.709103,31.000057,23.031202,-10.693993,46.90369,-51.272644
6.8059053,15.21749,20.64192,23.016966,1.87607,-69.39643,-56.201923,30.799358,2.6206481,-13.768906
-43.528973,-47.775806,-6.487432,1.0437336,2.91985,-56.395397,65.208855,-30.001726,-28.428112,-48.79138
-25.72375,15.0010605,-33.41997,-13.040111,14.979844,48.5837,32.770473,-13.343863,20.236784,-20.438137
-6.9506392,-47.694073,-18.518167,-30.887579,-40.078823,-42.7992,7.8335247,-38.810825,-10.051155,28.036608
-28.162676,-51.91421,9.698755,-22.743053,72.88483,-5.46145,30.813787,-34.09657,54.97433,-6.3616605
-3.0012565,9.527107,-52.637558,-54.51407,3.065343,41.72789,19.804941,-14.424019,-15.602931,-10.8789015
-31.619242,55.091133,-11.086654,-41.9354,8.006879,30.496513,26.709848,7.8288527,40.991383,-28.415997
-49.837418,-23.098164,-0.098873556,-17.261454,-2.6394007,34.721176,38.73537,13.877325,65.897255,-53.5307
-42.61211,-51.246796,-50.159847,-71.98181,-9.071712,-20.718616,-29.271189,-3.1993656,-0.33395386,16.06508
-51.124603,-62.313442,26.982067,2.3852408,-51.57194,-45.15531,51.651894,-16.33702,-44.52759,-12.895081
-1.2926174,-48.683033,-26.660316,-34.312603,55.846703,3.0159729,22.68728,0.53908354,73.964874,15.239325
-56.723896,-17.969809,-12.636304,-13.082398,23.055683,-70.83084,42.1122,-23.349623,-3.2164094,-6.93852
41.65628,12.346998,-5.0186205,-20.634636,-4.7986035,-43.395737,-30.099026,18.477633,-29.624277,-50.168125
-11.39801,40.677765,-3.3956938,-12.372119,-7.2439404,-59.638767,-56.21032,8.773162,-20.413795,-85.19276
25.779463,-18.424889,-48.42408,-22.556984,25.970575,2.6095455,8.888572,-34.2347,-82.324394,65.76541
-19.766958,-61.021576,-15.313686,-12.382802,23.750755,-0.02576164,66.40706,-28.248001,16.478447,-7.428479
-25.103157,-20.146732,-69.67567,-64.87859,-37.73828,-29.74954,4.5859947,41.270954,-47.172173,29.537401
-12.562957,-30.380814,-4.540598,12.525275,37.13784,-36.500732,31.407572,-39.91545,-32.76183,-30.039066
28.466625,-40.745754,-15.663698,-54.21254,-12.984544,-47.331154,-16.934042,-19.813583,-83.97223,37.41008
-16.229498,-42.080307,-12.4801,-20.984402,33.14788,-13.566015,44.38392,-9.79395,101.731064,-10.626867
5.0218973,6.6018715,5.038645,-14.388921,-44.053856,-51.140507,3.0295012,15.845433,-28.632185,-117.23568
-21.333616,0.49613544,-51.848362,-3.257416,8.47141,58.11493,41.241505,6.6824975,36.647583,-17.419956
-40.7044,22.33182,-34.389397,-47.275932,0.50210524,47.568344,46.233498,3.2060895,45.21083,-62.849346
-43.547504,-32.15607,2.193922,-41.229454,4.9928265,3.764006,34.799168,-41.019497,-57.1104,18.346651
-24.657576,-60.72464,15.908592,-14.297208,36.6726,-9.887936,49.63042,-34.151447,54.595165,11.914806
-28.26772,-19.741232,-21.947567,3.3107493,1.3810494,-65.60662,63.162994,-30.41194,-19.40153,-37.211544
4.6218824,-36.47468,-35.134033,9.852217,-10.009171,-49.49453,73.884575,-60.43864,-25.685907,-51.69556
-52.626675,22.213272,-26.40842,-33.9897,34.090664,47.544178,43.949352,-1.5552411,40.32978,-43.55551
-6.581772,-27.055967,3.6344695,3.8413727,17.836344,-79.41155,53.185932,-29.169693,-77.048096,-5.371942
-13.675056,-21.915691,-10.034072,-31.128216,15.625566,-51.02381,44.094856,-13.613545,3.251827,8.286449
-50.911777,-5.7003393,-21.568342,-15.108992,-24.349133,9.605855,25.858543,-16.142796,-38.52635,19.232464
9.17878,-26.686865,-46.32859,-61.1871,-42.921783,13.188863,48.924347,-0.91063523,-36.94456,24.956106
9.0368,21.234364,4.1036105,12.932102,0.745481,6.05274,-21.49248,-23.309301,24.879246,-74.4241
1.3729048,-1.7317191,57.637737,4.5106688,-21.73554,-46.668938,0.25159514,10.713497,2.5921314,-69.91569
-12.354644,-23.900682,-67.27999,-17.605747,7.4997244,-21.662817,18.044533,-7.786708,5.2321725,70.24838
44.223984,46.203533,-11.931825,1.8972507,10.319477,-35.682266,-32.17356,1.1220685,-22.520737,-74.639656
31.369692,-1.5172534,11.412701,19.314346,21.794256,-41.135265,-51.401077,41.569134,-4.5097346,-37.381252
-24.883734,25.848856,-9.360585,-46.05663,-7.029724,37.484467,33.31568,-4.982305,48.312717,-31.608204
11.967727,-20.459757,-31.567257,-57.185783,-25.248383,32.125546,18.593185,-30.622545,-53.15312,32.059505
-53.46438,-13.240758,-15.483967,3.3188732,6.7299986,-21.888647,3.503563,-28.460886,-33.69772,35.008007
17.098896,-96.932,-27.821754,-31.006075,-9.131025,-54.364372,-10.100591,-5.8515787,-10.660113,5.6203723
6.264494,10.498976,12.43665,16.421535,16.65745,-53.123753,-30.372915,-22.22569,-6.5003824,-64.37589
0.82818973,-39.518494,-18.393833,-73.68308,-33.68071,-23.877207,16.820583,40.061142,-56.704567,59.13039
-14.827584,24.784819,28.381172,-20.543968,46.398365,-50.600597,-2.791426,-24.128513,2.2862666,-12.257961
-46.48864,-25.77672,-8.931464,-7.4643693,4.7591352,-7.781865,54.40615,-51.88547,-21.411674,-27.136938
7.0483894,46.984863,12.79947,27.186146,-31.584057,-28.286785,-40.286613,-7.317643,-34.572826,-37.539673
-32.427807,-34.22001,6.627466,22.012339,-14.880051,-57.53625,55.518604,-23.76846,5.179511,-11.018774
-24.779514,-91.38945,-22.766161,5.6074867,11.708166,7.3018875,18.166054,-77.56842,15.812435,20.53897
-65.22242,-78.10416,21.888165,-13.788154,79.813255,-36.189747,27.482346,7.6950483,42.35446,34.945805
36.4746,8.798359,16.282381,-36.391613,16.179317,-36.760334,-30.118847,42.164978,-10.141985,-93.00739
-20.617943,-45.474678,8.745411,6.6471033,28.356672,-68.847855,39.4662,-40.493084,-28.177025,-26.707663
-37.542023,-7.975061,10.224271,5.1918716,-9.319672,25.175743,-16.77194,3.4183836,73.800934,-34.22654
-11.601129,-42.067703,1.964365,-8.701466,2.68593,-50.62368,63.209633,-50.81481,-25.374054,-64.528366
11.939835,27.12155,-9.260845,18.095736,-47.557056,34.466652,13.311345,-16.68794,40.44179,-35.098763
-32.293446,-23.544758,-19.701233,-31.107649,-13.10956,62.801907,16.60592,50.460228,-9.712895,-39.806267
-21.06916,19.9068,-39.49731,-30.852884,7.5469217,67.11631,37.761448,-8.316419,17.461472,-21.011374
-13.417112,-87.811356,-37.123993,-34.22213,-17.338726,-41.233494,28.87774,17.777676,2.324217,37.75027
-28.08245,-58.47618,-13.022761,16.30871,-31.35208,-44.168068,45.075214,-14.919706,-29.968851,-27.407543
-29.942766,-10.632071,-33.5952,-22.968916,30.283411,32.889996,52.227554,-41.243504,40.960014,-16.074274
-0.18997672,-37.021183,7.0529056,-7.3869605,17.857893,-77.24454,51.679,-43.63261,-20.082228,-42.75439
-63.090675,-72.0465,-22.14138,-44.656185,21.606123,-35.645927,52.013744,-28.647493,67.78566,12.275728
-61.093666,-37.56351,-3.44589,-9.867189,-23.770044,-29.7183,88.06708,-17.463036,-29.039877,-36.776848
-13.819433,-21.688566,-68.50892,-60.78313,-37.878452,-39.27784,-0.6566663,49.05673,-60.351788,26.195028
-25.437712,-15.089136,12.672042,36.74018,1.7236704,-53.9564,57.576412,-41.82644,15.432071,-24.030775
-29.830845,-36.363834,0.31923163,16.150942,38.651443,-41.18409,33.703396,-47.966343,-7.5619736,-28.653196
26.52311,27.319357,-4.2565827,18.416824,-5.624556,-25.161192,19.49468,-46.00617,-31.774511,-66.181335
-13.788477,-19.700933,-22.489109,21.376865,0.7095859,-67.01899,59.919697,-10.633214,-23.73516,-26.673864
-42.867764,-75.730125,2.9441285,-44.948822,42.727394,-1.1478763,28.062849,-43.140827,28.159872,-12.878621
-9.093276,-8.84493,-7.944561,44.33645,27.71242,-34.348568,66.241646,-34.245144,-27.341333,-41.985855
5.1831107,-54.264652,-25.40286,-12.564412,-15.998949,-64.39011,50.137455,3.478263,-35.97844,-21.609972
11.733667,11.602822,-60.809723,-64.87243,-7.446251,40.274017,14.3415985,-15.8050785,-53.966267,18.203348
-3.582328,36.94717,20.327051,-21.580488,-33.90608,-48.52951,-42.45024,-41.234913,-20.803745,-107.792114
-15.006078,-36.22617,-36.959785,-57.05472,-53.440372,49.490902,-6.3117332,-37.82913,-16.415312,49.72488
7.2326655,-72.05495,-40.59017,-37.140617,6.552388,-41.413204,14.151622,-1.437278,-20.313044,27.753698
26.436506,0.27170238,21.248953,-1.490718,-18.72021,-36.13423,-43.513123,-20.001013,-23.460691,-59.20788
-21.793224,-67.07327,-39.825153,-35.870846,-20.907528,-18.72366,36.11651,7.7535467,-28.993858,26.074419
-36.112213,-32.144398,-80.25455,-32.300377,-0.8789968,-20.624813,-26.710592,-13.03018,-27.173069,26.609362
-10.096486,17.521183,1.0366862,25.111563,8.418415,-34.249996,26.746405,-26.2891,-8.105385,-0.14667186
-12.078726,-0.50473845,3.5620513,-24.692139,4.550867,34.987373,34.804535,17.888752,-16.115473,-79.19797
-41.07009,3.6437528,-38.943096,-34.2917,3.0208786,66.2332,37.479576,-11.867078,25.00214,-56.685474
-11.96578,-40.344013,-25.058157,-46.44517,-47.650875,-10.72286,-25.053894,-41.109535,-3.0369024,26.86137
10.162954,11.586123,50.528282,10.261639,-23.557102,-55.473904,-10.718363,15.1767435,11.255146,-50.99604
-3.973783,-49.006382,-16.968678,3.8136284,-36.381847,-19.814104,43.64523,-20.305685,-59.333492,33.806717
-1.5289838,-60.513367,-44.17296,-6.17825,-27.614576,-5.126292,-27.389048,22.239416,-54.880524,50.195942
-35.59006,-44.245937,4.012331,-50.371834,31.465073,17.573257,47.54943,-30.133425,28.23938,23.758669
9.036819,-64.201294,-27.382877,-44.833504,29.172472,-17.527285,22.951231,-22.06143,90.663574,10.896763
-13.656668,-4.29532,7.071558,-4.96052,-26.197945,-53.785343,-14.331273,22.31895,-12.400024,-107.87978
-22.790285,-59.837086,1.486275,-33.226597,31.6678,-3.5889213,58.79399,-36.377434,59.883377,30.041445
-14.3057375,-53.247074,-28.675226,-30.334452,35.71073,23.599047,5.7894583,-17.083418,78.67985,-20.261497
-60.202797,-36.15939,21.234314,16.494196,-2.3093185,-53.9956,59.626637,-16.042358,-29.384275,-14.73382
5.6520557,-57.44428,21.830893,-26.279123,44.653343,-12.174211,55.436817,-46.16391,70.83194,38.05287
-58.958366,-6.995832,-12.219192,-25.516937,25.930452,30.708584,40.45676,7.654378,40.26261,-44.219494
-17.442303,-10.260673,-59.759106,-27.087729,9.663501,7.7029943,7.9122324,24.31356,14.459104,24.260012
10.298474,2.84676,2.1522324,-1.5843867,-30.041176,-33.58039,-44.331207,15.560512,-38.73395,-35.949337
-33.32552,-44.753567,5.7854614,-20.858364,4.2191305,-25.44812,50.557137,-34.91862,-26.17688,5.933538
-12.312783,-13.759601,29.453434,5.1614237,4.576128,-39.7506,43.459602,-46.96269,-15.373741,-18.268837
-3.7368557,2.3782036,-37.42475,-39.73214,-25.049114,5.287795,36.33168,22.626986,30.87948,-12.479129
-64.23579,-6.4252634,-16.518572,-36.126503,6.0791473,64.9703,11.566289,29.098736,41.5518,-46.02666
-35.073833,-30.662748,-47.792385,-39.9083,4.870508,24.045202,-10.955499,-5.1489716,-40.06733,35.036167
-9.74517,-10.021124,-34.13574,-94.03522,-29.577253,-4.053286,-4.3650045,4.206493,-60.192528,16.187227
-22.111414,-22.26381,-33.74733,-26.93041,-6.836921,18.42556,40.020958,-36.00788,82.03452,-41.1207
-63.40554,5.0918727,-26.573076,-22.449858,1.1729124,54.87897,32.098244,-3.999018,51.502934,-48.481228
-26.422775,-41.96517,-16.362944,-10.434298,16.689465,13.241027,66.683044,-12.478909,53.748417,-2.1027124
-16.761486,-38.733913,4.1159735,-4.5111036,7.1152515,11.062188,37.04613,1.8618102,15.30607,-48.89936
-36.41522,-37.942245,-68.15459,-56.24693,-20.664911,20.401896,-14.705418,22.625147,-43.076023,5.1599913
-45.79389,-52.67967,13.256363,2.8932993,23.5247,-56.493237,42.746696,-20.683441,-26.749638,-25.872627
-11.525439,-62.819294,-3.0092802,-43.647045,64.27795,9.808871,2.4054992,-8.8319,96.06836,34.475143
-7.75978,-20.115877,-17.296667,11.398498,19.106104,-54.846767,80.856895,-66.046715,-56.75534,-60.84446
-2.098818,19.855371,-48.010605,-43.086346,7.0279255,73.65671,34.254616,6.395275,7.7663307,-65.783905
-18.070251,-49.75611,-9.134287,-41.33193,30.72093,-20.037312,51.405464,-44.187706,68.23522,19.199415
-38.899967,11.213566,-13.16179,-59.779842,36.164776,70.46544,13.328085,31.17029,54.47924,-70.764755
-9.026535,-52.915222,-11.087705,-19.371653,-37.263657,-96.52768,57.53783,14.257991,-40.30942,-21.65427
-12.609358,19.151089,14.245185,4.6739674,-2.777586,-56.852562,-31.151852,-0.6042931,0.58836323,-74.1706
6.720763,-43.90215,-40.709064,-13.887898,33.712353,18.482166,47.046856,-39.047985,51.820705,42.60861
-28.940966,42.430984,-29.602646,-53.01824,24.09967,56.297825,23.091532,27.646898,40.82237,-50.302002
-20.094557,43.751293,-21.952995,-19.801289,-12.766281,38.070816,15.504814,14.806164,42.918118,-39.526207
-19.147327,-0.11328505,-36.774117,-79.83382,-51.005154,49.90541,61.68699,-1.1493502,-71.174355,53.36077
-37.718487,-50.990208,8.9765415,-22.575388,15.357578,-57.32417,37.721634,-36.77053,-54.95241,-18.977772
16.453768,3.5635211,-5.520261,-20.599148,-22.56914,-57.08265,-25.912144,-6.4435434,-19.254938,-121.98353
84.0077,21.820845,12.602046,-46.76668,-26.883602,4.7422657,-40.565388,2.5606503,-14.958841,-70.85223
-39.323288,-63.690292,-26.621122,-36.13683,-9.7646475,-64.97914,5.7245855,1.4288082,-18.18056,-31.173815
14.726055,6.860696,8.926149,-7.09825,29.716978,-49.90882,1.2315568,-29.576876,-19.179502,-44.355988
8.360811,-42.239563,-16.34686,-14.660356,33.93792,12.596804,52.90369,-51.38124,61.77773,32.065533
-44.909935,28.681364,-51.268494,-31.088142,-7.159882,52.88348,36.669895,15.471095,23.710417,8.708881
22.41996,9.633147,20.371607,16.563591,-0.19564252,-64.91292,-59.95947,19.175991,7.2021065,-21.43621
19.833885,24.43898,20.120573,-27.786123,35.72868,-63.7328,-46.516487,46.491123,1.4741504,-88.10135
-18.903717,-26.61337,-21.59812,-19.257942,-8.4031725,51.350346,51.599636,-22.456852,35.301617,-21.379456
-44.632477,20.106459,-48.97153,-34.24088,13.603077,68.85544,31.747501,7.2236614,41.77988,-48.705345
15.747523,15.575779,10.00173,8.713942,24.97957,-44.914524,-50.022514,1.0709658,-12.823478,-57.252605
-46.150127,-20.992563,17.202063,-4.5127587,14.449352,30.077887,45.208958,-46.56001,22.24244,-8.614586
-5.353036,-18.733479,-20.045683,29.029137,24.590828,-52.645557,79.331764,-38.759155,-29.65577,-41.897087
-52.301235,-54.812,-49.46844,-63.00275,-28.959538,-27.324617,-31.017437,31.74227,-18.576199,17.308252
10.79417,-9.078629,21.679737,14.651275,53.9156,-60.017517,23.44371,-45.31107,42.995903,-33.57824
-40.848186,10.63202,-50.27107,-20.420673,1.3030586,17.845268,12.306569,23.719702,33.811806,-0.7388707
-28.904379,32.191402,-50.436707,-40.473602,-6.6232853,58.874054,46.7093,-8.042677,40.551205,-51.817978
-13.058867,3.4049618,6.5326495,23.586956,-41.995136,-59.641838,-43.250294,62.754864,21.672941,-60.7286
-6.1978455,-14.290423,13.157455,-3.365135,37.529564,-18.894192,49.00604,-71.66597,-32.84327,-33.26198
-24.235949,37.293785,-66.71048,-32.348797,17.0856,32.834976,17.41363,2.760266,32.803543,-55.091343
-5.6709094,-41.11626,-36.405975,-74.82482,8.576839,11.719393,13.42282,-18.086477,-62.21403,17.097523
47.602394,-19.159443,29.884304,-54.875446,-16.689571,-3.6210794,-36.801815,34.575813,11.798565,-64.86146
-18.691267,-70.272675,23.957714,-24.236809,55.638695,-18.078407,39.037533,-13.602328,55.446735,1.0751781
-24.734972,-56.311054,4.490447,-18.04393,0.47960567,-73.40743,39.42673,2.3008516,-81.55735,15.25588
-7.2455378,34.5234,27.4896,-25.358303,19.893236,-1.4975035,11.667361,2.7832851,-12.38385,-76.43949
1.3262707,-27.246107,-0.3353031,-4.871011,20.19341,15.177596,69.53313,25.725035,27.16626,0.043019295
-38.395462,5.792247,-29.746561,-42.967793,1.3449388,40.020157,26.25277,27.699188,71.28293,-78.14008
-11.747437,-4.3488755,22.531694,12.4175005,-43.42863,-28.710697,24.626326,-86.51583,-22.097656,-12.724268
6.7180195,-50.086796,1.1164978,-13.314852,62.536594,19.179476,45.755608,-25.143255,58.13791,19.086815
-56.886047,-15.040447,-40.06938,-16.567205,-2.357015,75.89991,17.845444,22.315922,36.206524,-43.207672
32.903244,-1.5514033,13.562612,14.521712,44.060005,-27.877872,-33.76838,32.261017,-12.056991,-72.89272
-19.702042,-31.805588,-18.14876,-43.822556,55.53257,16.782215,47.10197,-8.485241,62.952953,11.679752
12.790171,-22.53459,-34.349533,-5.652372,31.943014,-13.4618635,62.089092,-40.344074,76.53758,40.287544
8.376256,33.196434,24.571676,-5.1544466,16.624456,-61.278324,-24.784092,44.31665,-42.409904,-76.03061
-8.676364,-54.213737,-24.128803,-29.282272,52.567444,3.5057619,38.9021,-6.896929,80.642044,-12.753557
-11.045202,-37.44331,12.025365,-12.329036,10.729334,-78.42975,32.174603,-41.784252,-13.854905,-17.648808
4.298521,30.854616,31.449547,2.9781983,-13.70135,-16.832954,-45.133778,23.725706,-12.266311,-16.217098
-32.089237,-44.385414,-5.5401416,-0.42862967,19.047094,-73.37394,50.38581,-3.6661816,-34.328865,-28.764029
8.41337,-28.879791,-28.342031,-33.692547,-13.649288,-23.620539,9.127495,-12.989661,-62.6114,61.77375
-24.456064,51.104275,-3.6438174,-15.735019,-35.163544,-49.42218,-8.5572405,35.622665,1.7641566,-54.851852
-23.422829,-44.285976,1.5327592,-3.3898537,30.162403,-65.52438,23.989614,-35.070568,-23.715984,-26.574059
-52.258217,-40.273922,16.95049,2.336878,-32.235153,-28.94493,67.86812,-16.25776,-38.009144,1.5668778
-12.817892,-79.639015,3.623242,-15.357197,23.140532,-5.923209,23.696543,-17.334112,98.45582,-9.731795
-47.4391,-21.055033,-76.78919,-44.90359,2.943984,-22.627686,-25.311573,-19.084755,-25.679903,24.095255
-15.499213,-61.349236,11.758312,-45.73347,66.20767,-2.7331572,25.355951,-29.433456,48.352116,9.3509865
-19.340452,-69.138214,-20.252659,-12.925783,41.915905,11.502362,38.571342,-24.938847,101.79182,24.66609
-1.9252632,2.764375,6.0183053,7.3270903,-38.89178,-66.16373,-36.056633,66.065704,-4.792697,-65.77977
-12.022528,-44.27229,-19.586782,-40.564945,21.149513,15.396541,37.670914,-39.350887,3.5642302,37.587936
-58.708706,27.203852,-62.935253,-40.229828,10.079951,58.268047,11.016475,10.955613,30.561262,-33.775883
-55.09448,6.098243,-62.737125,-29.299028,-1.5035747,-39.81899,-29.720263,-0.91557956,-11.2262745,22.239368
-18.322298,-56.81882,-19.856003,-25.367643,-39.183228,-8.06889,-17.614141,-29.318218,-28.642405,16.752995
-13.289032,-45.898438,0.02585584,-7.414038,-21.343197,-68.69537,49.009533,-7.2896724,-19.778053,-7.22803
-12.76284,-26.20809,-31.133007,-44.016895,1.8490376,-9.762701,42.60235,-16.48446,54.875374,-21.441338
-33.85395,-32.51152,-5.1626453,-14.797945,15.030024,16.065075,59.184185,-13.97785,68.19145,-21.58951
2.328259,-6.5737143,53.547016,-2.0553775,-31.349615,-24.228212,-14.659466,30.210121,13.873583,-60.588116
-44.27376,-27.490427,27.175833,-25.413944,36.36328,-48.521786,23.75501,-29.669634,-56.156284,-26.653898
-35.987846,17.158691,9.117622,-48.400166,-17.30313,28.870493,21.229548,-17.702208,5.841435,-37.30666
-31.847282,20.513186,17.975628,14.254659,44.342632,-28.197142,76.61861,-33.4225,-16.833498,-25.11668
26.561693,-11.703464,7.6684184,-33.91114,15.262008,-28.005093,-63.18095,35.79045,-3.1420546,-54.442142
-5.9246707,-9.970062,-23.838774,-56.36474,-37.65334,7.024436,33.35761,-26.560768,-41.1742,58.77739
-12.131106,14.718829,5.4856305,-16.195547,-33.24919,-52.607376,-32.610092,-15.832928,-18.4957,-109.60248
-25.707418,-60.286533,-9.025498,-20.494524,36.64865,18.336605,62.166893,-36.343105,66.3275,25.881535
-37.128777,-47.679237,-32.512833,-7.941862,12.3129635,-29.272783,17.508694,-2.6502194,83.268295,-13.954267
-4.170321,-79.84425,-9.327592,-20.48852,1.5333912,-22.782043,38.69978,2.605714,3.7050135,38.898582
8.887026,-11.051694,-67.729706,-44.70306,17.788132,10.407012,4.9147654,-26.890518,-62.74069,40.35955
-20.964819,-14.768658,-36.271202,-51.059803,10.491976,-8.687831,27.497093,-24.328215,-3.8462086,2.5284362
-14.90763,-24.20526,4.897352,1.3821747,4.0879126,-62.30242,68.40718,-45.44151,-21.375793,-19.392738
6.967968,-19.922598,-5.114485,-4.8306866,22.421457,-55.71777,14.295604,19.343958,28.675035,-50.019268
-42.01707,21.10391,-64.96854,-77.084,-25.841768,8.75817,-33.634808,31.962132,-32.853428,6.291916
9.95623,-17.198336,-34.35833,-16.165009,20.037352,-6.509278,63.317215,-52.408226,73.49208,37.729736
-22.023603,7.674899,-34.20405,-7.957631,3.0769532,77.68231,40.243435,-25.984884,56.41785,-36.302322
-15.147524,-51.669502,-23.019972,-44.692368,-22.04449,-32.28072,-7.583136,-40.863285,12.967223,24.022324
28.49223,11.201028,14.337733,-20.846867,-16.039557,-55.099876,-41.05205,29.989298,-16.452765,-53.797203
12.84692,-25.80701,-47.730072,-89.0125,-10.11765,-21.31087,28.575335,-20.507479,-84.55081,1.8036828
-4.557598,-53.009888,-19.222996,-17.407547,4.7850924,24.596985,48.44022,-10.065613,30.02002,14.583611
-36.84417,-8.907273,-26.660833,-58.292828,9.386881,27.95375,39.224762,13.408551,33.410908,-56.395576
-30.144352,-18.990635,12.571372,-11.132726,3.399669,6.040264,43.42571,-31.005491,-52.088062,48.413048
-10.402474,-73.97818,23.993961,-39.50755,45.705532,-23.263763,44.63057,-24.128334,51.679592,1.954783
30.933125,30.288492,9.875922,46.965557,-3.8056958,-35.390068,-0.67053473,-1.3215712,-16.257786,-44.683094
-47.444183,6.3742867,-3.5184283,-49.747105,0.24348736,-16.576225,18.010487,20.599083,-2.988311,-63.5552
-25.2974,-56.409573,17.574661,-18.82152,40.918766,-6.4270983,59.57682,-23.515394,36.77026,-3.3171427
30.355745,14.464528,0.28223562,2.1099687,18.080849,-29.627155,-54.567047,10.644913,-22.386784,-66.61512
28.564817,13.526343,-39.68562,-89.58269,-9.893866,45.77561,69.97318,-22.080387,-80.075836,60.13949
-31.528463,-20.696215,-96.25127,-33.571907,59.930683,-38.617428,-78.40669,-51.64608,-50.47259,-52.226143
-10.325195,-42.025936,-17.677622,-42.713886,15.396648,-11.101756,29.289743,14.2356615,-22.21346,34.29788
-24.713972,-5.789716,-22.478615,-22.89282,32.550632,25.999655,48.866905,-18.47987,56.316887,-30.725506
-6.267598,-40.749603,17.886427,-9.701222,43.16857,28.652367,50.433006,-41.20712,27.00308,-27.490051
-8.706875,1.949467,17.679605,14.498164,-7.8141603,-49.482075,42.359936,-24.14019,-32.018932,3.1864567
27.393612,8.812416,26.41498,-17.888447,18.69675,-3.1225932,-44.345222,11.743233,-31.62071,-76.1143
65.410034,-9.389793,10.620778,-19.355951,5.9668245,-11.540047,-45.24474,9.344898,-7.9933853,-42.640705
0.66131747,44.734165,-31.941103,1.146702,-28.016926,47.43688,9.787091,-32.490788,60.21145,-25.2303
-39.47574,13.726583,-37.307014,-33.949936,25.896759,24.33298,48.747807,3.9986305,19.033148,-45.414818
-36.45616,-71.6601,-44.296917,-4.3069873,35.109604,11.866243,37.314926,-29.93817,99.04921,43.0099
-35.58567,17.331558,-12.643906,-23.476942,-17.911304,25.31489,38.717266,-39.08923,52.97452,-16.770922
34.857193,24.018309,11.368456,-12.387401,-9.302294,-45.097374,-44.649155,-9.893071,-3.1729517,-52.193447
-5.9970217,-46.4289,-9.348649,-59.15602,0.34979582,-18.229725,28.484678,-17.552608,-20.472334,51.665966
24.28686,-11.680648,34.79274,-1.7751766,4.4284678,-3.9787552,-43.864742,25.508934,-19.530588,-56.746315
-15.701951,-19.028801,5.6591063,4.6584415,35.623165,-61.60813,37.608414,-43.76375,-18.953632,-23.765257
25.96649,20.283148,5.6849875,8.257535,23.356308,-40.94007,-52.252846,11.369067,-14.862093,-64.92619
-8.972658,-28.333345,-23.32073,24.125101,10.539938,-56.873722,73.68949,-38.315933,-24.260498,-53.831646
16.03714,17.092262,3.2680717,3.9739196,-10.3797865,-31.900623,-62.325264,40.825863,-1.8253615,-17.269875
-26.606268,-21.442095,4.0463595,14.633485,6.6282444,-35.1358,49.40101,-42.61987,-35.5797,-53.13088
-57.79346,-51.541126,-26.606037,-63.81674,-19.890427,-15.153158,-54.80454,32.019974,-4.2422676,23.182974
-28.310028,-21.359287,-3.5916815,-14.483727,16.951889,11.132359,66.84647,-9.3412285,49.025948,-17.948153
-35.5109,-35.26966,3.298483,-23.903868,-13.253653,-12.586367,24.779396,2.8121612,15.97101,-23.604803
-4.4007096,-20.671124,-51.72083,-33.67224,-4.3373737,7.926306,20.451847,1.3739178,-49.855846,52.311195
-22.084028,-5.1240273,-34.012966,-10.369466,12.817941,59.8175,48.252018,3.468207,42.287968,-51.31005
-72.23548,14.40337,-20.321056,-4.996532,13.749348,59.553646,48.662354,6.1853824,13.223925,0.019702435
35.05404,23.548933,13.351564,-16.906641,-13.329735,-42.347443,-40.080215,-32.090214,-8.136578,-91.61745
-48.964146,-30.40237,-28.75409,-25.06993,39.422817,17.297674,55.208843,16.824425,51.533688,-7.7527585
-16.927114,-10.912163,-17.246798,-12.760378,-10.57707,40.162956,-0.28563812,-4.44966,86.37648,-25.737959
-4.8257656,-84.1714,19.3321,-31.374702,26.1496,-8.51613,21.782627,-66.82452,66.18046,-1.3658535
12.351562,0.56940997,-43.947403,-36.99344,-28.542347,12.483117,10.935373,-21.528507,-54.499424,57.45134
14.830954,-64.21514,15.630249,-52.014427,31.212961,14.74492,28.85886,-30.534544,48.63483,35.879578
25.06643,22.642305,21.59668,30.57117,33.105442,-19.77127,-34.108017,26.60804,-21.843525,-71.635414
-2.1661747,17.509102,0.085039794,-23.515995,-28.087296,-40.35234,-39.221252,1.7600691,-19.11422,-99.47801
-46.265583,13.549497,-40.67514,-41.282845,-8.300344,38.06351,52.529076,12.951799,73.66276,-33.27257
-0.032344837,7.543171,-47.28071,-37.89657,8.067479,44.071335,28.435318,-10.144794,70.52736,-59.37348
16.966005,41.832027,25.896091,-23.645546,23.233938,-29.754076,-7.1203065,12.320079,-41.936134,-97.63585
-37.015488,-43.504406,33.800488,7.3832693,36.396355,-34.26459,50.644836,-54.20817,-64.36533,-28.101913
-10.218196,-2.4844785,-25.124336,-26.51018,17.163706,46.673687,35.253883,22.366955,9.672973,-84.13296
24.533796,-8.351506,-7.053893,-22.026836,-11.289192,-17.00005,-48.293537,37.38652,-27.309874,-60.829166
-68.241615,-43.935814,29.031225,7.394129,5.022566,-42.780384,62.205593,-14.274266,-33.946823,-16.476507
15.1575165,5.6359863,1.6589413,-16.32315,-10.262558,-52.208847,-27.867483,4.785152,-12.172928,-122.14261
-0.1763525,1.4527153,10.474575,-2.969921,-0.033370834,-77.984795,9.047348,-48.75477,-21.824184,-30.41358
-2.5798783,-45.94293,11.516279,-4.212766,6.664714,-73.06718,68.64365,-26.369116,-49.94816,-33.46842
-21.866919,-70.09948,4.624541,-25.825344,48.532932,8.605418,83.721855,-1.863058,60.5895,53.40397
19.201822,23.287407,0.97072333,-33.494488,-48.106304,-28.454952,-34.75162,-28.09515,-27.429386,-107.83837
40.400497,-1.0157108,19.969332,10.059561,3.4076848,-20.00598,-45.285442,40.182964,1.141321,-37.567608
27.637753,7.9344215,-62.054626,-83.523605,-3.4593174,-1.8575538,71.373,-0.6039133,-48.765373,36.14285
-26.078234,22.597857,-72.73773,-57.65989,5.347765,11.724491,13.437848,-1.3128283,-20.96076,-2.8326075
-67.532776,-62.029747,21.63593,0.5297296,-18.314066,-56.87404,36.852486,-25.69251,-31.229218,-10.277869
-25.238708,-63.940643,1.1386449,-18.243597,17.87712,6.5364494,65.02371,-36.113785,82.26932,27.741915
-55.996635,-53.755547,-27.810774,-49.46948,-11.874814,-16.677216,-2.1276488,-10.323659,-16.312963,17.04686
-18.827662,3.2515705,32.585003,2.8114517,1.8098581,12.531174,14.410659,14.597966,29.31016,-70.57065
-31.717764,-5.233534,-6.1280375,-6.082677,41.126034,-99.36767,44.10954,-19.09927,-44.52408,27.426544
-0.6885558,-12.804623,1.7649174,1.1544905,10.689161,-44.63617,-11.724828,-61.37432,-31.643137,-59.97171
-21.517075,38.3535,-74.692986,-53.637383,-29.772804,26.604397,-0.40076625,16.622694,-35.5236,33.57193
-19.89627,-21.57244,-35.84754,-48.038124,-26.90272,10.624079,5.0109453,12.151576,-53.10223,52.24697
-33.44307,-47.020008,-44.78484,-20.504787,27.653942,-17.323034,42.530693,-0.18235922,49.528225,4.5637574
-42.685196,-71.85413,24.884787,-9.11943,21.391079,-42.730106,47.674847,-22.98647,-48.6261,-19.48629
51.45318,11.569919,-8.32726,-45.681873,-16.21812,-29.64096,-57.328827,24.854534,-19.994247,-52.223194
4.1866584,32.415173,22.693205,-22.642628,-33.648766,-29.591135,-57.744392,-17.501581,-26.633799,-76.68407
-23.809359,13.894133,0.043462098,-9.419618,-7.645183,68.86142,11.11889,-25.587381,53.603184,-36.7657
-41.093895,-40.640102,-59.536987,-51.140842,-14.017219,22.475594,-5.4448338,10.985043,-62.01321,-9.76904
-16.451035,-19.61196,-15.084183,-15.788157,5.6718073,-41.19263,41.521484,-57.434113,9.872542,-11.45645
-4.769529,3.3105795,1.7259939,8.536155,-5.5330834,-67.002846,-45.542892,-37.246777,-12.412985,-72.95257
-39.44396,-28.366367,1.3850563,-0.051034898,4.619564,1.0299718,49.058296,-77.0165,-2.5859835,-27.033459
31.309778,-54.461067,-3.5841794,-5.913591,45.60377,26.915297,45.57899,-36.407673,68.46083,24.639845
-0.017835235,-26.689552,8.353312,-14.18361,5.887574,-69.841,47.050343,-35.838413,-54.17593,-20.827675
5.4137635,-58.073456,4.504849,-40.347664,58.634804,13.134452,58.120056,-15.3735695,60.845924,35.075203
-48.450222,-1.1037256,-35.765976,-10.461984,9.290086,32.345028,41.46348,-1.2475134,46.19182,-43.907307
-32.805363,27.041775,-13.174752,-23.709854,-19.218187,46.049408,25.719627,-9.49077,63.89998,-44.899563
-37.40191,40.096153,-50.28332,-38.86344,3.8043716,39.75495,8.821572,-14.971719,33.343357,-43.673176
-38.817333,18.01011,-40.284653,-31.904589,-30.538889,-11.096552,-8.661684,-24.159575,33.963673,-41.8126
-23.3607,5.02894,-13.451326,-58.07662,19.295921,43.208416,53.244217,-33.978996,41.57372,-80.54047
33.299225,-19.05827,25.669537,14.240324,5.317051,-47.47108,-32.983116,21.11614,6.091736,-64.45596
36.27153,-47.48746,-9.692719,-14.305962,60.962,20.228165,25.422483,-31.812517,66.76407,13.461176
-27.64286,-75.25921,34.20015,-21.500462,53.38331,-3.0156891,57.054585,-7.8110113,37.901756,1.4569459
-37.426323,1.7664566,-7.742478,-45.408173,35.210808,41.583405,54.996315,-15.547514,45.309322,-70.497314
-7.007447,-68.66881,15.499081,-31.584257,36.764465,-0.97189206,45.67053,-39.798927,67.42007,5.6882358
-8.695557,-64.873,12.674697,-18.030226,35.71736,-15.03691,73.434074,-3.0562496,47.896877,14.4657955
9.046089,24.07851,40.22316,7.623024,13.335583,-31.466253,-16.752867,9.309443,-0.899144,-91.9765
7.154391,3.6775143,9.493793,4.093334,-20.667074,-56.76435,-10.763239,63.900696,18.55739,-36.34934
13.842226,13.081259,17.332155,32.284233,24.172146,-38.531563,-49.83679,34.123577,-18.814524,-67.06996
-43.611557,-48.78768,2.9065197,11.167271,-38.796738,-17.795465,54.501198,-31.394196,-32.053837,-24.48801
-40.062103,-67.90199,-7.261857,-51.78154,-34.164497,-20.232832,23.684093,34.228664,-70.29122,42.16666
6.7723856,-55.072792,-5.9566774,-54.858,53.612293,-9.802565,24.513735,-24.663517,67.16965,-1.616324
8.398396,16.637836,0.8430497,-0.46094805,22.27585,-71.352684,-36.2393,40.97099,-39.266033,-107.70016
5.311107,31.496372,28.67967,-5.388772,-2.0752583,-37.301147,-39.354557,10.961073,0.42688733,-35.845486
17.769354,-25.450157,62.479164,14.178286,-0.028889174,-50.286747,-9.187673,29.83736,11.719894,-77.70901
12.1610775,26.134148,12.857645,34.09032,10.016077,-13.841468,-37.951714,17.857752,-25.296618,-58.64583
2.0205626,9.902041,6.551093,-11.299376,-33.62735,-43.080463,-36.937252,10.524836,-25.928076,-47.11104
-27.223454,-38.737896,-18.99679,-25.810705,-3.774897,-44.00153,15.318937,-32.906258,2.9138546,1.5908442
-28.648352,-25.560923,-2.3830192,-25.57826,-29.244457,-45.39462,35.67739,-41.215347,-56.069725,16.55259
33.08207,15.700555,6.819827,17.887403,-20.491938,-37.907024,-34.337307,11.630546,0.34467107,-41.1193
-8.598008,-70.90607,3.4284868,-23.121134,22.748579,27.429382,60.64275,-20.731352,40.79611,10.34086
24.762434,20.967985,10.454514,6.4966125,6.85332,-63.073856,-43.906693,-16.79008,3.4821398,-49.369534
-26.552101,-9.74005,-18.316002,-45.128872,10.353118,-32.63034,-6.151679,2.838147,50.15493,-31.54561
-32.640144,-85.41391,8.464985,-44.155983,49.31077,-32.444443,39.36261,-30.213104,39.618053,14.761639
-3.5483642,-73.016975,16.538012,-51.180492,53.406967,-9.966771,52.473324,-38.18738,59.160408,16.93131
16.134272,-68.289024,-47.718197,-8.090907,15.644684,-65.41849,35.806435,1.1450996,14.207224,-1.887964
-8.445627,-33.740253,-17.486473,34.966297,12.3617,-30.913874,30.639435,-24.191633,-13.5175705,-46.772694
-17.561178,-40.84707,-5.7360106,-39.209885,34.53435,44.212063,39.863914,-46.230675,39.700752,-74.57164
-49.35465,-9.336778,-51.924366,-23.803846,-12.426819,60.742786,15.599973,1.1591601,88.279854,-27.232924
-32.62426,20.747091,-58.05761,-43.83394,2.9993238,41.59865,35.931732,16.571571,54.870213,-34.707172
28.13256,15.310601,45.14097,-16.027054,22.20518,-21.716707,-34.920143,36.993843,-17.45443,-70.47721
-53.09493,-17.846552,-18.104395,-22.95765,10.723622,37.884193,36.514503,6.3066216,38.52149,-67.67468
16.514565,-47.939766,-29.084469,-44.00738,-3.9318783,-57.64369,-11.820504,1.0895088,-41.039406,56.367077
-36.88276,-67.933945,2.0310204,-35.11246,23.308083,-9.886802,42.506836,-19.149471,88.664,24.421757
7.8932123,-65.78364,6.862705,-29.981722,52.896214,16.700008,40.142773,5.593914,64.798996,57.954727
17.39841,2.8253634,30.581083,-19.932045,16.052172,-37.402847,-16.956944,26.415607,27.126896,-64.39921
-27.253456,-51.66702,-70.917885,-37.439796,-8.416662,-10.190883,-32.835335,-3.019929,-11.378302,36.910347
-32.79455,-83.287025,-1.2819432,-38.207546,24.830582,1.170511,57.153008,-43.570103,50.619453,15.19058
-23.509872,16.528242,-57.32171,-37.134266,6.1940584,21.359373,41.74666,3.7524543,62.43642,-57.064213
-20.783539,-21.725122,41.3207,12.276814,14.140823,-19.23557,20.627312,-62.31679,-45.79107,-44.699467
-21.914131,-23.94206,-30.106194,-49.925987,27.094812,38.177048,46.047447,-14.214549,66.269905,-7.5085096
-40.497696,-56.449684,-9.244691,-40.986305,7.2329855,-44.918755,-3.1937115,-13.235744,-28.016928,-3.4339585
17.871384,37.870667,11.350368,-11.130666,-0.40658775,-37.630413,-54.44202,6.7573724,4.401914,-47.56385
-49.93578,5.253975,-21.508013,0.45249975,3.664977,-61.067444,57.13091,-13.515853,10.197904,-60.28145
20.505114,-5.529932,43.729984,20.058167,-24.724176,-65.08193,-14.745951,26.497631,7.7877927,-61.223717
23.133492,7.11036,2.3163016,-6.4839854,11.682013,-42.554424,-43.96704,6.8224797,0.5651917,-53.44164
-26.525803,-20.647148,-22.290953,-34.541954,24.915361,23.39556,48.23525,13.319192,49.63728,-78.446304
-3.1953583,-10.476995,19.20051,-2.3660636,-8.347109,-45.274918,26.941563,-36.816505,-31.575672,-17.258295
-19.270912,4.7200375,-45.828476,-33.61382,-0.85301244,51.02313,-9.959678,-5.104663,-83.3915,75.707664
-31.114569,-1.8008183,-21.07459,8.737211,21.622341,-18.608023,64.87929,-52.845585,-9.128537,-46.009403
-40.99425,-43.564163,-44.428047,-65.73177,-3.0060883,7.049247,-9.64975,4.3653417,-8.907408,14.949949
-7.6571894,-3.8774447,-60.333664,-84.143654,-6.9397235,47.804924,56.082703,12.919855,-44.774223,44.874477
-39.684925,-4.5482135,-37.08461,-37.793507,30.727629,48.795372,25.432745,-21.788914,34.647984,-39.99732
-13.883195,18.744482,-52.270172,-38.9046,-0.59632856,73.00459,36.723694,-0.011653118,15.427188,-42.10185
-19.177822,20.650396,-31.380205,-44.30557,16.415716,76.25017,50.194195,-4.117671,7.548358,-43.43975
8.522171,-19.035896,-68.044426,-31.42206,-30.134043,33.442486,12.169586,-7.7968435,-19.480053,18.043148
1.5056056,-18.27367,21.831608,8.065323,-28.557556,-61.57875,31.851532,-59.96022,-34.18252,-6.6275167
-4.741522,-7.395293,14.874207,0.26564503,12.421499,-42.863605,45.996723,-78.81971,-50.480938,-1.6103414
-37.65492,-37.43405,11.315106,2.6137059,24.150923,-28.042738,49.5227,-63.288227,-12.753962,-30.136477
-26.23175,-27.152117,-4.309892,6.414707,-1.1912557,-54.543514,54.417038,-24.46648,-36.52438,-10.609191
-57.671986,-52.903423,-25.216728,-20.279005,20.987062,-4.09535,73.75228,-23.983448,43.72962,-14.752508
9.7826805,21.34732,18.54741,-33.834488,15.69311,-49.512005,-22.492859,38.38942,-39.77123,-105.01094
18.775112,-66.904076,-8.893875,-40.63503,30.350775,-4.2664223,7.4148045,-40.75561,74.38548,2.9408107
33.30538,10.502707,2.6227126,-30.607906,-61.14794,-22.782684,0.70436156,11.090173,-12.728399,-87.37859
18.720943,-1.3201265,-97.249825,-90.63999,-38.933643,36.1046,55.691933,38.609764,-66.66768,29.097248
-15.818571,-30.11434,-5.734453,11.874271,19.035841,-49.03602,71.02736,-55.79256,-44.67807,-51.2344
-19.369884,12.513963,-53.518593,-31.067165,25.857388,32.07212,27.8702,-4.73787,33.452827,-39.12084
-11.691446,-69.13418,-22.02288,-29.191595,29.291798,-35.822956,59.37217,1.8034191,35.426205,14.500624
-56.761024,-7.098915,-69.1163,-31.443151,11.583777,-41.71385,-28.0819,8.306961,-26.516335,40.436092
-22.0598,40.525635,-49.64851,-16.821573,-7.6738906,65.883606,26.9242,-6.206845,50.466534,-39.13252
0.41657615,-13.98036,-28.573658,18.29551,-11.799542,-39.387783,30.915255,-18.00432,-45.118176,-34.639854
27.8724,17.906303,4.7534704,-18.140486,2.4454854,-45.2055,-42.38962,-16.49777,-19.238325,-98.55855
15.010107,6.2506104,-16.522957,3.2485955,-11.973808,-56.95066,23.098986,-26.009686,-34.88653,-33.71556
-37.551094,-32.19429,-48.917965,-17.970913,-3.1026323,-12.566017,-10.909494,-33.719536,-37.513657,44.465584
-6.87898,-68.16839,2.1377234,-27.43236,61.290844,5.194417,50.613144,-8.431918,47.53621,8.975595
-12.627352,-15.45371,12.146506,15.770085,59.547436,-55.30213,51.69476,-57.389374,-47.519257,0.047599792
-3.2244785,30.245096,38.366455,-0.06454504,2.5573595,-48.943035,-40.01642,6.615671,2.6287487,-42.637398
-33.248116,-17.37028,-16.286676,-6.3093424,17.512997,-20.853575,65.46777,-35.372204,-22.098907,-56.07049
-20.315395,-32.711033,8.73279,-3.1612387,4.2479677,-46.761906,58.548775,-54.723083,-12.576089,-44.887238
-42.59156,-21.298779,-12.854412,-14.881883,-13.55006,-53.03634,50.459152,-38.622505,-32.466324,1.8133445
22.349455,-14.057879,-44.368137,-65.93861,-0.6249093,10.039645,35.916344,-17.14801,-53.78876,35.148987
-26.56025,9.376912,-24.006332,-9.253398,17.927113,45.528786,46.06225,-13.039159,31.214575,-24.534561
-24.347677,-16.225187,-72.71794,-23.355682,8.459853,-37.495373,-16.837334,-27.155247,-48.398544,16.75332
-28.995777,-45.006958,-32.404152,-42.35852,-24.65287,-14.102501,1.175096,-14.243752,-43.527718,31.664232
-21.978384,26.083223,-21.22667,-14.377436,-2.0001457,41.692368,45.534378,-0.266196,69.830635,-62.99042
4.830939,-53.57101,-13.502201,-16.57548,44.5948,7.0787897,43.634487,-57.000664,78.43216,5.995869
-36.39036,-26.99251,-39.0596,-67.420494,-26.662764,39.89859,12.668675,-21.89118,-43.561195,29.076748
24.72626,6.145438,-50.14588,-58.211315,-10.11141,5.0199413,46.527912,-0.86428255,-71.734146,51.874313
-40.625538,-27.095387,-37.08376,-8.716207,-15.129085,-51.413765,13.139327,-4.408006,-54.54076,7.97595
-27.760777,-63.830105,28.809547,-8.982923,-24.749067,-71.48486,69.26451,-6.6289325,-43.305206,-11.41452
-33.416756,13.622778,-73.390015,-38.870197,13.809184,9.855136,44.783684,17.59091,52.343952,-43.456726
31.406174,24.340631,-2.732474,-89.74959,-58.270504,35.81785,33.553566,3.3100598,-18.395882,79.96283
-40.665783,2.4716337,-3.5699117,-16.376055,-18.942211,42.712055,21.933435,6.932738,19.115522,-34.984188
25.010496,20.047062,1.6666191,-27.542149,13.059467,-37.301086,-53.94644,50.622646,-30.891651,-55.40787
0.019343317,54.253826,11.262658,-35.58662,8.07843,11.76772,14.780068,13.406852,-16.569935,-74.28383
-3.528518,17.90245,-67.29098,-40.381073,18.720705,-40.75612,2.896835,0.004019076,-72.39384,64.689255
18.98094,-9.288143,64.633896,-12.335045,4.4678793,-25.613884,-0.17659873,26.159065,-4.6284304,-79.34919
-34.371292,-23.0457,-44.77491,-59.66478,-33.95308,60.069103,16.81599,10.854161,-36.236614,21.552198
-8.6659975,-34.580982,13.852355,4.088561,30.231775,-86.06602,46.489487,-35.47062,-28.190598,-30.417553
11.888077,-71.21456,4.540485,-37.437256,53.333347,17.914131,33.800755,-7.4171658,53.923847,45.449944
-24.212616,-28.278467,-34.904114,-33.98633,-22.845942,7.5579224,56.031513,-4.0954833,-7.5206704,-27.235018
-56.941246,28.742228,-46.262665,-50.1398,0.7911997,71.40061,5.257944,52.401733,61.271526,-48.449394
-35.46992,10.26544,-39.07531,-25.946844,9.3642235,27.203316,45.943653,-0.59840566,51.470646,-55.364258
14.846711,-83.941055,13.058104,-35.89243,13.300737,-21.978943,18.11701,-48.18552,68.9954,-26.103935
-45.97903,10.2712755,-36.39226,-45.17864,11.175367,47.682606,24.346941,-6.367425,51.37167,-54.69923
-14.110818,2.4836056,12.216601,-1.5625677,-3.6303978,-44.252785,35.062775,-36.722137,-24.837576,-25.808386
15.364788,-9.002563,-51.154537,-83.38121,-11.72965,-15.879149,6.45909,-13.907612,-72.67658,6.078555
23.219652,-46.35785,-1.7105699,-19.340696,27.579138,-14.424509,36.585777,-49.643654,69.825516,14.357687
61.785263,-0.7440794,16.669727,-26.824564,-25.04349,-6.386266,-43.846687,8.058746,-7.9648023,-38.374886
7.8726616,44.57673,11.319027,13.206533,-18.385685,-2.5337198,-20.322058,12.92223,13.593708,-60.576225
18.498503,20.593155,-4.197466,21.333473,-29.286942,-54.0932,-13.303676,6.34939,-27.398924,-14.349242
36.392548,4.066684,5.514439,0.33446205,13.816418,-49.520657,-41.53118,0.04517185,3.5349405,-52.975853
-6.253974,11.361443,-0.9403271,14.223872,21.60096,-15.614057,35.465168,-47.955284,-0.89538515,-53.215443
-80.0453,-46.345955,-57.473522,-63.080353,-35.4805,22.422338,-50.843277,31.034197,-49.27508,7.277079
50.72506,7.9685593,28.742847,-36.52899,21.217014,1.2824628,-36.55401,28.7694,-23.280941,-62.094566
-32.5415,-2.6154864,-32.81454,-57.991165,1.6243719,23.762974,29.363441,-19.70382,-29.49453,3.4774795
-8.790563,-26.83357,-0.44029975,-0.81881857,-5.180272,-65.3877,41.07739,-62.241325,-40.65219,-19.248228
-53.773556,-0.87789124,57.34304,30.078388,65.380875,-30.756477,67.267044,-55.40512,4.402057,-23.61819
1.403196,-54.55222,-7.827007,-39.987057,10.487534,10.83688,65.67911,-7.1329064,24.86814,0.33288717
30.899546,32.467808,40.502552,-5.4367247,28.15189,-23.064909,-39.42162,9.493084,-45.798004,-96.19125
-33.094994,-42.124626,-16.8693,-39.657093,-31.090261,-19.475601,-8.171024,21.04439,-30.916502,34.751892
4.4345474,4.729623,-12.490207,-49.46222,4.761837,-32.337807,21.496881,60.23,-61.559254,-42.294895
-36.26466,-50.212837,27.430782,-23.976452,-0.96409297,-72.47809,49.460964,-34.13952,-35.33147,-10.367767
-30.312218,-61.966362,7.4668746,-16.072485,-19.666952,-46.405514,71.391106,-20.319628,-21.273495,-49.090225
-21.985682,24.107874,36.427406,4.628956,-34.06605,-67.94926,-27.98401,-3.6692438,-1.2028126,-70.454155
-16.771502,-65.2346,-19.354692,-26.801613,1.1664124,-62.95111,71.6778,-26.271273,-28.033497,11.03812
-31.34874,8.551563,-37.431858,-22.03737,10.09934,67.15635,42.048576,4.070159,48.228382,-60.796055
-30.488531,-18.937847,-31.395935,-34.930943,29.879091,25.56655,54.135406,-58.797665,49.632633,-2.4170046
-18.042133,-74.553986,19.853909,-20.145931,55.45306,-0.82992905,37.858448,1.6275411,38.374027,-0.074583426
25.363014,-44.752502,-1.0316702,-14.047839,28.784578,22.054756,59.274006,-48.635555,81.73427,43.94027
-39.265987,-37.858696,-79.777695,0.53826284,-12.174811,-21.756226,-39.79064,-17.295916,-23.29567,34.682465
-55.528664,-72.08673,17.135098,-23.99648,58.09529,-54.6253,42.644825,-11.764597,28.091402,14.00769
-33.65709,54.048607,-45.07933,-42.239597,-20.9096,57.347443,18.049978,31.121077,50.013508,-32.132645
-64.17836,-49.367313,-1.4656627,6.1983433,-22.93631,-51.677597,58.54466,-13.790031,-7.731551,-23.345963
-55.960697,-49.163227,-29.29315,4.0739107,15.118309,9.249513,53.21191,-20.897655,34.952797,28.64276
-6.2089653,30.841013,-54.96491,-59.993225,-58.944496,-3.3570437,29.418037,-4.0548387,-26.960987,56.815205
9.952432,8.598669,-1.1627568,17.341288,-19.264225,-49.637493,22.639172,-15.003774,-56.268715,-14.826853
1.3993584,33.36048,-23.986816,9.58216,-6.2009068,55.87977,13.564266,-32.020573,56.370205,-41.801765
-44.672398,-5.33728,1.3549905,-49.799206,-12.47179,44.129265,40.337048,-19.844599,42.995274,-55.635715
6.844088,1.896025,-32.95555,0.8490033,9.054995,-12.310186,73.304565,-70.87731,-33.055504,-63.114292
-25.61894,-24.229132,20.791233,-6.9026113,51.503803,-52.40825,31.976696,-55.088306,-27.340195,-18.862059
-30.696133,7.249196,8.085219,-1.2719715,5.8105927,26.272577,3.852173,-11.58882,6.228379,-60.494698
-41.714214,-33.51712,-26.033388,-58.419598,-30.42091,11.320705,-27.258959,26.938755,-21.216219,33.28544
-25.269833,-32.876328,-22.362661,-32.01204,8.979308,-8.697238,11.368061,25.946808,-40.278202,17.5174
-26.804913,-22.406029,40.30987,17.001766,32.996418,-31.712547,26.897516,-62.29379,-47.09187,-40.58153
31.882431,21.102884,21.878233,-9.052031,-23.164223,-52.216564,-27.897491,-28.467236,2.3409638,-65.824936
-48.858627,-56.651157,10.115838,-15.161608,-2.1439931,-70.61279,5.2006197,29.814531,-30.199114,37.048954
-30.122248,-54.66118,-3.2289207,-20.924639,29.185598,-47.831985,35.909325,-10.381257,-38.7111,-34.549576
16.099825,9.117856,58.869404,-22.140753,5.1225004,-35.446205,4.214883,26.031857,-11.12418,-79.2223
-44.716217,-6.517964,-35.462353,-20.66529,0.6899406,29.50569,32.878216,5.163828,48.539696,-59.86962
9.144313,-29.611713,-15.091493,-72.86135,-31.8891,-40.29003,-8.532355,7.0655637,-62.65071,54.110214
-16.52353,-47.310535,-0.68769735,-9.377324,38.013214,26.31617,40.96968,-40.860508,79.96367,-25.451193
-22.96681,-30.118195,-38.13726,-64.17022,-57.979694,-33.621456,20.409843,17.402544,-42.562256,47.560703
9.491117,27.431398,24.54212,3.7111452,-1.3695003,-50.813232,-40.892303,6.696108,7.1349196,-41.965134
1.5777777,-59.7623,-3.8105178,-33.40703,42.358944,27.914928,39.6425,-36.112335,66.008194,-14.965829
-5.124458,-49.06005,-46.898125,-36.32551,-4.873314,2.8479655,-14.256673,-50.374542,-71.023575,31.779997
-8.808306,-62.57963,-14.6959305,-46.1039,37.43769,3.469557,12.429255,-18.167753,99.44396,45.69026
-31.636051,-62.351395,3.494213,-9.056301,46.397873,13.631061,63.558956,-54.220215,53.09645,1.8307323
-19.100958,-35.8239,-30.245466,-34.683254,1.3012837,-31.435373,-20.337261,35.91688,-57.07991,35.59038
-8.768121,-94.239914,-17.822172,-10.95786,3.4719431,13.871789,33.090424,-49.721447,47.219555,27.091452
-1.5018067,-21.166895,17.120909,0.6801908,24.568441,-63.266315,45.1935,-76.62432,-27.309027,-25.605776
-6.803563,-47.778656,-28.864256,-41.6676,-12.268417,-8.377274,15.62863,28.942856,-45.945827,26.903982
58.336914,-26.670998,27.007637,-1.278527,18.747627,-29.136166,-35.294838,2.152441,0.3450349,-69.20953
49.52005,-9.634997,31.707493,-11.361747,8.897549,-47.48408,-20.768034,-12.967107,7.8719945,-77.54323
-51.880596,-26.369774,-10.554255,-55.06194,11.9704685,32.653503,50.545467,-11.369493,6.5391545,-58.607086
-4.813595,-49.561672,-9.937289,-39.679047,41.08857,8.01193,21.073883,-27.352388,62.263348,18.707815
-53.21113,-62.341904,-29.737421,-14.1883545,67.67904,-22.618938,21.635345,-29.767107,59.67868,-20.352026
-12.332619,-32.711155,9.032515,18.055729,59.474697,-50.304913,28.61263,-41.71629,-37.077374,-31.527937
-29.594833,-22.805998,3.0024898,-9.309721,29.941374,-40.51727,13.799173,-59.872406,-41.403492,-16.341997
19.82498,18.194426,12.665952,-17.402143,22.804596,-68.85099,-26.48751,40.118652,-35.022045,-73.51999
32.09745,-15.108598,55.18607,-4.7704444,-28.161613,6.276682,-41.519825,26.60765,-5.538636,-52.668186
26.357254,10.849534,-56.62941,-87.57619,-23.03409,6.518712,6.590829,11.023156,-45.55639,31.314829
8.025845,-40.318176,-55.89639,1.0404501,-28.320898,-75.48168,75.65115,-20.996187,27.684145,-22.964502
-20.380157,-6.835078,-41.008522,-13.827177,31.25828,-20.434145,44.78203,-6.1366305,95.10579,3.7324805
-45.967865,-25.400146,-22.720938,-20.67473,4.852849,39.54181,50.071163,-12.79597,16.846834,-46.188126
-15.934205,-70.25805,-13.50654,-56.572407,33.92574,-23.71881,53.747616,-39.963306,59.38885,0.124923706
-18.824697,-81.402336,-4.1454253,-63.200256,21.5334,8.282954,67.34446,-72.766045,32.537117,21.449915
64.31477,-16.933695,36.2999,-16.902359,23.405296,-21.15338,-38.040142,1.6735361,-2.0797558,-54.82076
-9.011286,10.170882,18.28243,-2.4967985,-11.121841,12.907119,6.3995514,-51.274815,11.214584,-64.67418
-27.189026,-14.40482,-33.828274,-78.30857,-20.75195,32.012688,3.0100522,-3.6741133,-40.585415,39.190926
-18.93309,-106.35191,6.904053,-20.103142,22.02085,6.71,44.771454,-72.028854,71.3831,14.507555
-26.243118,-43.28124,9.370852,-20.90695,0.5691016,-76.53761,43.233963,-30.912468,-20.23136,-2.181311
4.016739,-3.4090438,-72.34027,-35.59274,24.642208,-34.98977,8.262475,-12.99898,-28.438873,29.581465
-34.61393,32.793053,-46.2286,-3.0112422,-29.180065,65.97879,37.30598,-28.928448,43.487003,-30.839043
-39.225018,-66.51382,-18.14504,-18.140654,70.94679,5.91551,47.942318,-49.201153,66.617035,-0.9116275
-19.781164,-35.997715,-33.264248,-19.32828,-30.945461,-72.11911,54.606243,0.76730615,-55.57702,-57.351433
-57.284794,9.592132,-15.380882,-20.321743,6.828271,47.985985,43.50437,7.070367,65.006165,-34.853676
-33.692825,36.532127,-2.4237545,-57.35361,-11.602612,28.144073,39.83058,5.0866694,30.280016,-62.14571
-35.8239,-39.661774,-14.89389,-76.953804,-35.632286,-6.5682764,5.1704636,17.36127,-27.005545,47.03384
2.521393,-26.550104,-4.170726,6.5358458,8.908925,-46.814915,-23.57256,4.290791,-11.810217,-38.744785
-20.442173,-30.168343,-2.208744,-24.006449,-20.66882,-36.622154,21.223787,-63.208244,-10.84574,9.852158
25.026968,37.865547,31.608734,-14.845697,24.499939,-30.038612,-39.930916,-2.3226886,-38.538548,-99.72774
-19.728245,-1.5413598,-84.01036,-73.90623,-36.77354,21.651718,-6.5124407,-17.775858,-31.848837,3.2152438
-59.729637,-13.152075,-11.895247,-11.906375,16.164125,52.047634,30.606379,-13.898986,80.85274,-21.463589
-36.29979,44.48999,-54.340595,-51.851074,4.8463287,80.31124,30.237507,24.326895,8.598626,-54.341473
27.968634,-9.858816,53.48008,-19.186493,4.8978634,-14.994799,-18.069447,27.29647,5.650118,-65.79611
-5.0319133,40.231136,45.443928,-6.9551206,20.60189,-37.94426,-55.63024,13.070884,-4.17558,-54.991524
2.4026928,-45.773876,-12.820908,-36.503807,20.045837,17.038418,69.689674,-47.917686,78.138275,35.879433
-44.920086,-19.662794,-38.35122,2.1986742,-12.766884,65.75895,21.142977,-27.746891,68.40732,-27.466934
-8.929374,-77.091774,9.985107,-11.459031,42.539814,15.186854,24.27191,-54.279327,87.034645,-15.491413
-26.978138,-63.33236,-28.815714,-32.850956,24.480743,5.71583,49.59841,17.526426,22.129274,8.221512
35.103394,8.003115,-37.943604,-71.415565,-6.88485,-5.692583,51.469353,-30.53474,-68.359116,50.529785
28.481796,8.093726,-43.62649,-45.73423,16.490759,-2.8827434,21.670874,-15.451206,-67.42694,62.512238
-47.48496,12.254495,-52.56022,-35.096542,-12.119531,40.365948,25.311918,2.5424955,4.5452933,4.155049
-20.605455,20.100204,-73.218765,-95.54555,-15.760302,32.637447,19.825464,-35.394756,-54.341057,19.581081
-13.709986,29.433374,13.29963,-17.172663,18.428879,-72.00334,-21.434374,47.173126,-35.609016,-101.328415
15.914604,10.387143,29.545145,-47.262695,19.522343,-36.00814,-29.0356,60.010715,-4.547518,-73.16864
20.154455,6.5988884,-42.40929,-68.61505,-40.24934,18.97885,62.99675,-9.267597,-61.98224,46.69599
-15.891296,-70.08516,15.494879,-19.304905,45.800545,5.736414,62.453243,-37.5709,52.945717,13.112526
-27.109259,0.017541617,-9.399064,9.431313,1.9246113,-52.308224,60.726185,-19.485146,-37.9802,-26.02879
-34.595295,-60.12497,-35.75339,-8.076072,42.159885,2.1945848,63.448254,-28.64786,63.120964,19.15768
20.626333,-3.1247067,-35.48641,-26.710196,26.314846,-11.27584,25.151697,-31.310888,-62.525208,70.89053
-16.350557,47.694042,-50.55386,-48.11788,-2.7195837,79.30874,37.994305,11.868421,17.391558,-42.495174
-5.4429054,-59.319763,-8.531062,-11.259567,37.8111,24.234749,59.295628,-21.119358,73.402885,43.99015
-6.6856685,-6.4456825,-15.351328,43.186115,24.288383,-38.248203,53.634365,-32.33326,-37.092716,-45.459446
-0.68169093,-64.78118,3.5147715,-55.793327,40.520664,-2.0679517,7.2528515,-56.64623,67.73715,24.905514
11.990337,9.520202,36.859352,37.90881,-15.852918,-79.97601,-35.51845,9.486092,-3.8098783,-46.257404
-23.442759,-55.688286,1.0744402,-12.16775,27.239574,-65.440765,47.19899,-39.28583,-14.215802,-57.470943
-31.961475,2.151608,-27.92297,9.620781,8.203372,29.709076,60.48964,-53.75856,29.32064,-26.876606
31.58194,26.65296,-9.186289,11.366926,-30.371754,-34.48422,-38.899044,41.42475,7.6772466,-11.7355
22.304585,-27.116835,65.793396,4.365552,6.0040855,-21.204487,-0.9259106,19.366488,10.752112,-68.61477
16.096382,-60.777805,-9.616958,-35.030396,46.372772,17.533998,41.177124,-5.075351,85.17598,34.845825
0.8680283,-12.4003725,-49.660046,-75.74729,-19.427057,22.434534,19.961876,-3.0350842,-29.720898,19.804014
-38.983032,-29.87938,-54.31599,-59.84952,-22.925112,4.638297,6.7091837,-24.06026,-12.419685,36.95851
-37.45835,27.663689,-46.053234,-20.509594,-18.340391,53.11885,21.393747,-14.196511,69.77597,-34.252907
-7.7281013,45.19191,2.92071,-7.495736,9.928994,-40.26994,27.385069,-7.655856,3.0922077,-42.37319
-43.145412,-71.51129,-20.259474,-21.858849,70.33459,-14.620748,32.498764,-27.059078,72.70802,-4.7221384
-34.579376,-47.49533,-48.591652,-64.11923,-38.054485,-31.695112,-0.97054434,23.269444,-6.823232,13.422783
25.656511,-7.595134,42.93853,-39.230846,1.1041708,-25.668034,-13.750945,18.339493,22.710794,-44.47411
-18.94512,12.7827215,-33.0686,-32.8327,5.3794775,59.452408,37.616577,6.896197,10.108927,-76.08171
-40.216347,-4.4382887,-24.389381,-17.377468,3.2863612,28.263865,42.801838,-10.30704,68.32706,-61.404305
-27.222479,-46.520763,-56.12076,-34.4898,31.866186,3.451596,21.502235,3.3640554,31.918953,-13.210561
-42.1543,-20.268864,-61.678368,-21.654642,-24.31299,-8.47792,-37.66147,-30.26522,-47.560272,17.055166
-15.6510105,-27.31134,-0.56465393,-9.292978,49.50241,-45.01269,48.6607,-36.039528,-35.758923,-33.21917
-46.595215,-47.417397,-12.853367,8.866515,2.882317,-37.558807,81.24283,-41.556225,-14.438451,-67.92826
-56.196365,17.311617,-42.58395,-33.142033,-3.419787,62.807278,32.469883,-26.31999,31.757372,-38.21831
-34.17507,35.96591,12.178109,-37.24811,13.024131,-8.017567,36.476116,13.596919,12.221695,-77.67689
12.950214,-67.12671,-2.6227083,-27.933876,25.864084,-26.934668,59.83628,2.5172663,34.735386,20.314604
-11.154697,-65.245224,10.208464,-1.2486547,-35.057858,-48.8526,51.865353,-29.765226,-32.68877,-43.079838
-6.6513653,-71.628685,-23.862766,-20.378284,73.412735,1.6799161,20.67867,5.675901,90.79132,22.527067
2.041901,22.304546,22.458834,4.0235405,-24.13411,-44.882053,-13.229679,29.81121,-13.96387,-84.99693
-19.155151,-36.75784,8.059229,4.268014,27.532568,-37.129017,54.187492,-55.9465,-17.0223,-31.703022
44.493385,27.602543,-13.466959,-18.076017,-19.729391,-30.048113,-49.948093,9.884245,-27.93124,-45.384975
32.289463,53.522545,11.694895,-9.147392,4.7756624,-45.732685,-42.38221,-22.846964,3.5234916,-81.12623
-12.981357,-55.230057,4.239207,-25.542229,36.940716,-0.32373306,50.594654,-34.456394,25.803436,26.95097
2.6128383,17.355303,29.35221,1.1823704,24.17453,14.044905,3.468493,-4.7509418,18.229525,-74.06681
-26.461983,-43.128166,11.848296,17.285118,-15.735391,-59.945423,53.085026,-14.987073,-40.55519,-18.494862
-23.074419,39.10341,-13.427692,-0.4513803,2.3429282,39.86172,20.092787,12.725085,53.947716,-51.730732
15.680243,-3.174416,13.476414,-4.58411,30.356594,-44.95251,-10.787558,12.86643,40.150356,-52.539505
-10.54383,-53.518085,21.835339,-6.553781,69.82655,16.648022,51.66705,-44.557568,74.13846,16.194624
-26.99799,-38.254032,-0.70846444,-18.827532,-19.945278,-45.57703,72.525345,-8.113391,-61.03825,-35.926846
-29.226877,-33.96363,-7.341193,9.9466505,-14.307673,-41.313717,26.712996,-20.679283,-13.694627,-28.902344
-46.37016,-65.22013,-28.95443,-65.618706,-8.424535,-32.09202,-38.95998,8.254796,-0.6767555,10.270607
-20.467873,-45.034958,-13.949504,-31.119831,33.527157,-8.519825,37.024986,-23.709642,48.90537,1.116847
-46.845356,25.003046,-3.755583,-59.01326,-4.1697106,9.33733,32.862297,17.395693,-10.543831,-30.965858
12.8539505,2.077906,43.13075,-31.949612,27.607012,-16.464006,-0.7504138,40.55612,2.651258,-21.701363
-39.973984,9.297443,-46.468624,-34.735687,-16.680336,10.571173,10.42587,-14.057069,97.994896,-17.22976
11.041478,-59.07257,-13.605986,-14.912551,60.786945,26.699646,38.785675,-7.0324283,80.12024,27.883337
-36.777237,30.23199,40.264183,34.000065,70.41674,-31.846642,83.12685,-61.86944,2.3231914,-29.144339
-4.006915,-0.57906026,-25.542814,-58.530346,0.49397492,-8.795632,-6.4705157,1.9265789,-106.59325,28.391792
-13.5483265,-44.916264,-5.120947,-50.196636,55.652946,17.436867,13.950168,-22.187391,80.0562,25.453114
34.178673,15.521794,4.693273,-1.5950907,24.864311,-32.37804,-50.056133,16.494577,-31.322765,-77.98682
45.600258,23.989365,15.056741,-19.835848,37.016197,-27.337954,-25.223957,17.355522,-35.245304,-86.18043
-27.372372,-36.647003,-4.2679067,2.0112631,-2.4009135,-49.032635,78.21486,-18.544485,-6.462599,-12.810045
-11.03794,-38.39074,-15.256472,-16.318748,32.007618,-60.260254,44.3536,-6.552608,-49.965744,-28.347483
16.666086,-49.484184,-4.8620424,-40.517475,-59.229412,11.689605,15.480351,6.3671575,-17.284794,80.01877
-8.269734,-2.851351,3.4708838,3.0378,-30.907984,-47.246986,-29.672129,11.517785,-34.21794,-36.452038
-15.615806,-17.239878,-11.960534,-8.294572,-35.93049,-47.57375,52.997192,10.892519,-39.53337,-23.087519
-23.135168,-33.23315,-25.397978,-37.40643,61.436565,19.467152,44.65387,4.7392764,61.56822,10.159561
-23.357176,-16.14972,-23.50479,-21.658678,6.390046,51.009186,28.492922,18.46976,12.1580925,-80.09297
-1.6352283,38.398697,25.877483,7.5331764,0.011822343,-38.72932,-29.922125,11.792607,-4.434421,-36.842964
-1.3443216,-41.561977,-11.966851,-37.154842,44.344074,0.08547425,43.925373,-24.075327,66.45242,8.730055
34.153046,32.685593,9.016179,1.0749779,-4.2592382,-42.986336,-50.96064,-0.15899482,-1.3364445,-37.933002
10.531604,-49.603607,-14.530772,-42.98556,29.66021,22.898056,30.783243,-14.462479,66.52576,-32.563595
-5.313035,36.819168,19.27599,-4.6410575,-21.134924,-12.350893,2.7497697,15.658777,-5.902773,-72.11155
-24.883787,-35.972115,-23.046312,-39.097775,38.366104,36.995514,18.400503,7.4134903,63.293167,-58.70988
-3.121028,32.18712,-2.3945901,-11.912819,22.530954,-12.577221,-6.0311747,11.747163,23.363691,-74.96146
-39.306725,0.051867455,-37.98887,-48.635464,13.884852,38.092514,31.81036,1.1046007,56.009403,-69.68281
16.011364,35.968536,40.182724,-0.73455465,-11.856989,-33.228592,-36.690144,-19.285084,-22.477613,-105.06027
-19.433447,-43.93442,-21.741484,-7.594013,18.82293,-6.132433,2.5910673,-33.846535,-49.365612,49.612244
21.25857,-28.542591,17.332155,-18.084846,43.10535,-0.98101205,39.06386,19.412695,56.57382,38.86254
-26.025772,0.57517385,-49.16958,-53.154472,-18.981586,28.720966,-9.188789,23.06215,-35.23032,11.8957405
14.970469,18.370237,7.9005094,-2.9790804,-43.569267,-56.75831,-3.7352352,32.911465,-9.263179,-96.619354
8.606093,-37.881123,-50.186295,-22.95848,4.6388655,5.5301695,-5.296182,-27.960989,32.606277,15.301695
-14.702091,-78.70666,32.04902,-38.534653,54.549507,8.871392,31.771955,-81.562325,57.502544,-4.905521
33.81942,-10.357876,-0.122745186,25.974922,-8.331428,-42.586327,-55.28323,5.4845104,5.1948514,-80.525276
20.323132,-4.4172597,-64.32929,-89.93531,-16.307438,19.597252,35.2764,-11.251703,-52.27156,14.118393
-3.2324739,-36.89899,-3.2091124,16.346766,26.069155,-45.88353,-0.60175633,-11.417402,5.092823,-51.285637
22.111464,-6.43488,63.84714,-0.069470644,3.0336375,-9.993306,-12.423609,12.727525,-0.08930801,-72.75108
24.66936,-56.029556,-4.6877594,-11.0735235,67.774025,25.554634,34.33119,15.387165,91.59004,52.60965
-22.789335,-18.771524,-24.755398,7.9872503,14.719503,-41.383698,66.5819,-61.50717,-47.088413,-49.109417
40.22251,-53.059887,-8.930535,-23.95011,-18.869497,0.90702677,16.921553,-13.678861,-74.70631,83.41552
30.599022,21.751501,35.224316,13.4911,15.075622,5.9045935,-33.521976,-30.231556,-5.6573763,-81.8589
-13.861734,33.72138,-38.499832,-53.51275,4.072178,25.687727,70.3753,-7.086533,58.35263,-61.255806
19.214006,-10.2081785,-30.080883,-59.53009,-14.474652,-22.848898,4.5815086,-44.286247,9.131539,41.676277
-26.91497,-5.98228,9.254333,5.820904,-38.575264,-37.297386,28.377512,-3.9813452,-38.152054,-5.7725377
31.112177,-58.64166,-17.917105,-9.325472,41.47052,24.610397,56.72453,-40.449375,82.78093,34.14628
-56.36307,0.075374186,-31.417854,-29.550734,4.306037,62.36434,28.193096,-11.75819,38.187454,-47.004158
-30.922094,-21.451225,-28.0395,-41.854633,-4.48856,-13.183835,27.318216,-36.825516,-12.884115,20.106869
-25.845236,-50.372417,-19.010712,-35.08058,33.526386,-0.14832592,68.6794,-29.762634,53.623653,0.48437357
-13.559638,-41.750763,-15.407797,-5.060331,8.933224,-75.9091,71.7444,-16.603283,-29.750513,-56.547424
-54.700073,-6.852597,-27.734575,-38.55228,21.57638,60.63534,33.909306,-0.8943342,31.6767,-59.92619
35.586327,-19.589006,61.39028,-22.949167,15.589316,-26.808079,-5.7308207,9.757085,4.899717,-80.84367
-15.581942,-58.12583,6.6605425,-40.71011,42.701805,9.196401,41.144173,-70.713776,50.804714,30.839716
-4.0342684,-37.821167,-53.996304,-77.63595,-8.384203,17.097197,-3.3946047,-32.146866,-34.410885,19.771059
16.974674,32.001575,15.210842,-9.767939,2.1213622,-75.041695,-33.564266,-43.42582,-9.692767,-88.15956
-10.264222,-34.551384,-59.95583,-22.818247,10.501983,30.34871,25.90779,6.4887996,1.9560454,5.4186187
-27.69909,-59.592712,-15.605313,-38.429756,21.917887,0.6463263,36.218105,-8.57522,30.33233,44.34227
-13.655912,-59.96739,-30.518888,-14.676994,65.97699,-11.667659,31.385141,-11.852742,72.49339,3.9931302
-24.929049,-54.83505,-22.47679,12.013121,1.8548129,-53.02158,59.52438,48.4562,-19.49484,29.247217
62.638077,17.857006,2.33641,-28.76315,-11.7787695,-18.89116,-51.154232,-3.2593923,-6.9995313,-61.84363
-38.115543,3.098172,-39.16321,-21.683998,16.599787,75.07074,44.455296,-13.521878,36.937767,-37.799538
-28.031702,-9.950164,-26.486855,-25.642965,27.350033,16.277884,51.577156,-7.886008,39.904842,-24.894297
-35.81637,-60.116917,35.56615,8.095432,34.79556,-31.93666,51.492287,-47.31945,-58.94271,-25.080004
27.3889,-22.548948,48.12448,26.334234,9.691234,-43.416054,-21.849047,34.759747,9.771324,-58.522564
-22.025719,-11.263553,-33.05246,-45.28659,-2.1513844,6.4402885,25.715256,46.769928,-46.62142,-48.044044
-4.206489,-37.236855,-18.131159,-54.85158,31.202864,54.41455,22.97496,-26.606903,75.15756,-23.100834
-23.621328,14.848436,-72.33,-41.098476,5.728551,17.361612,0.44368422,1.1008319,-59.10505,44.750534
-1.5028692,-69.52956,-5.914622,-28.530243,34.357605,-10.632153,66.76746,-19.048399,70.79309,32.560997
-26.118355,27.628202,-57.997047,-75.78623,-49.704025,0.3842311,31.158249,9.8916645,-23.106016,38.52824
-28.518465,5.857078,-27.525867,6.775422,24.386246,15.750737,73.21741,-40.19388,0.81946427,-56.499043
23.574945,-10.71412,-39.83032,-49.55911,14.420451,-0.90453905,35.518726,-19.256332,-43.90384,57.629753
-19.65204,32.49755,12.175834,-32.321873,-12.68993,-19.469978,16.47125,24.10129,-10.066928,-74.87214
-9.134282,-22.785805,-32.132133,-30.179422,20.246727,24.822556,53.019062,-6.219667,56.462902,-67.88489
-9.16797,34.35729,27.27685,13.453475,13.062871,-31.154877,2.1391244,-26.576536,-5.8786473,-24.960438
30.683327,-2.1857107,-37.168713,-30.149748,3.077578,2.4479764,25.32913,-20.278852,-63.46013,73.53931
12.376002,-51.50653,-15.002565,-34.049133,-33.726593,-17.283428,-3.8885503,9.692711,-57.21723,56.873966
-18.997328,6.4425793,-36.02064,-22.796818,20.834774,65.608475,45.892376,-17.909815,25.343866,-36.829468
34.376526,5.477488,13.417242,2.0726843,-6.966441,-28.834635,-44.633224,32.11538,-7.899715,-29.014874
24.771126,-45.256683,-0.3898611,-24.60747,35.509907,7.444434,46.94821,-36.085518,66.72945,19.12403
-2.1762831,-51.23418,-3.5194633,-31.106937,39.181942,-19.64048,28.938705,-16.516575,76.314445,9.923363
-42.726124,-17.420095,-34.80689,-33.61847,36.611645,64.11845,27.244957,-14.022014,70.27554,-28.499884
32.28018,-29.54267,54.781094,-3.689641,20.167917,-18.81834,-11.561744,13.458786,3.756235,-77.89323
-5.671375,45.820618,7.1814303,-39.992336,-0.16059878,30.380077,25.943382,7.078542,8.417149,-54.528847
17.981401,-30.462265,-28.174238,-44.81035,4.1870346,-0.9007039,8.616985,-23.645464,-70.936516,45.123894
-14.615802,-33.766266,-26.774792,-34.697514,-50.781013,-42.049297,10.184422,33.488586,-25.41699,58.23295
8.701528,4.082643,32.662308,-9.063542,-17.74565,-12.119491,-40.48007,11.12383,-17.85429,-56.957516
-26.68831,-24.553724,-40.928802,-39.609425,0.2468431,-3.291359,31.791294,-12.125117,43.10294,-7.6327
65.38739,10.900761,-13.746151,-31.212692,-12.282743,-27.54146,-53.665016,12.317371,-19.152464,-41.95318
23.554667,10.291016,6.181091,2.9185474,-22.72425,-46.62873,-33.84578,30.020939,-11.140622,-40.457344
-38.47221,-10.87005,-55.04245,-44.271828,-25.364048,-2.9499018,0.7696177,-31.254494,-27.211996,25.24113
2.2079506,0.61840534,-27.016165,-9.425317,-31.41211,-37.751167,24.57601,-3.6695013,-40.60999,-39.175808
-3.6527505,-35.883762,-25.147572,6.401861,5.907592,-62.69298,60.44512,-32.45363,-29.166496,-61.42815
-13.718607,-27.771885,8.945726,-1.5561599,-9.14707,-59.127476,33.966526,-60.56764,-48.51662,-17.956316
-7.631213,27.391584,22.431658,2.4576378,-47.76013,-54.963493,-2.1406112,27.376232,-35.8934,-84.55001
27.40263,16.067793,-2.568,-4.974428,4.272407,-58.303707,-48.145416,7.6407914,-31.398087,-102.25622
-55.70384,-2.196302,-28.851421,-30.539164,7.6871557,38.144066,38.118126,-18.388353,41.081234,-54.690247
-22.993689,-46.081154,-23.046558,-83.065056,2.713394,11.249122,15.167046,-21.334755,-60.81885,21.664396
-21.006247,-11.215007,-32.024452,-16.123901,29.15719,48.000576,56.259296,-8.124401,25.970999,-49.50583
-12.835218,5.30828,-19.227562,16.916502,33.782326,-33.25086,71.67721,-63.44389,-33.237217,-59.2393
21.714828,22.190517,8.547877,19.452261,-19.637894,-50.410046,-49.20559,23.63268,-20.016968,-55.98119
-18.720137,-26.431536,-22.353111,-25.033236,-1.1091989,32.35509,50.06396,-14.632559,33.698627,-34.250305
-14.132351,-28.704918,-0.040630855,-14.077204,-24.699785,-75.43557,3.1182864,24.321783,-11.779169,44.723312
-29.096989,-35.498505,-32.950447,-24.455791,-25.74996,25.68072,43.700832,35.95659,-21.531384,9.268763
-19.502903,-35.16604,-26.760792,-80.07599,-53.6475,35.21354,19.119547,-29.609434,-15.697477,61.404697
-43.214386,17.30758,-21.262644,-31.282934,3.4638152,52.188126,36.96585,14.577244,48.68281,-66.33252
-26.837694,-17.476585,2.8551254,0.015006661,-48.0638,14.073715,-10.977697,37.11181,30.44953,-38.047493
-47.46366,-26.605549,-1.9325557,11.188919,-2.6483402,-65.38786,46.951527,-7.0755506,-45.324265,-19.060894
12.439994,-58.708874,7.965342,-58.410522,25.219915,7.3340864,34.352543,-22.800667,64.26881,53.23108
-9.874308,-17.791758,-36.331585,-42.706123,26.256952,-4.08539,39.915062,-34.343235,19.881428,34.785664
-19.196701,-25.393944,-24.044807,-27.551723,31.815363,-7.550081,56.375546,3.8658981,72.681015,-32.35914
37.539726,-5.5328526,25.89415,-57.924206,0.4663133,-12.218014,-11.936442,38.10355,11.127455,-66.794205
-22.269196,-34.367,5.816547,-5.8498855,33.633644,-63.927868,57.920666,-26.650427,-44.58001,-18.350256
-29.077885,-60.886215,-24.60958,12.604046,-32.957085,-43.456882,47.025585,-16.601618,-13.086471,-41.51331
-32.764523,19.19356,-74.30208,-54.486958,3.602838,9.486843,18.084322,3.1639493,3.086653,-25.577791
-8.701326,-7.051879,-40.59028,-91.760895,-47.99542,-9.2679,24.033169,-27.027254,-34.54646,11.168577
-23.849087,-28.56345,-55.06738,-24.668444,9.274278,8.494694,30.252903,18.47936,21.449251,20.710878
-8.707935,9.872643,-12.325876,24.733198,8.450251,-34.303833,48.282986,-29.417679,-23.990265,-41.262398
-32.389404,-14.071279,-32.825096,-39.760826,29.573051,20.865042,25.579643,-51.301945,50.639256,-3.1621542
-25.226204,3.6380684,4.453383,11.9505825,21.25543,-27.475983,2.4043436,-30.986633,-18.202412,-33.37627
-11.93568,18.563755,52.342426,12.630443,6.5273333,-84.46939,-31.61177,-11.816465,3.7603443,-44.616848
-30.182848,-71.07268,1.0144708,-38.489555,29.06366,0.42903793,7.548959,-26.922579,71.81418,18.338785
-53.883175,-54.510555,-17.841244,-16.3713,45.996605,14.671899,59.324753,-35.998466,81.05233,33.125755
16.675095,-45.094982,-27.761053,-40.2108,16.242693,7.9696903,1.6730833,-19.007788,85.94997,-26.295383
8.212904,-57.837414,5.2286625,-70.92745,3.0013998,-10.191802,-13.023553,-50.455734,75.23839,38.539246
-32.34032,-31.628607,-9.95305,-10.429258,-14.658925,-78.9326,67.879326,-4.2927966,-46.60712,-42.284206
10.325043,-33.607784,-62.206055,-66.369385,-16.746895,36.246387,46.790394,-6.473951,-52.385933,33.244125
-63.160194,17.34632,-33.995193,-22.264,12.556653,47.37799,35.89689,8.796453,44.75439,-31.418545
-52.344448,3.6856372,-2.1103368,-18.80289,26.574423,15.318173,63.15078,-33.64918,-4.18683,-31.325495
-41.64669,27.043325,-18.833612,-59.93304,10.614912,58.329945,32.240955,12.492868,71.04151,-50.327698
-24.43132,-24.279108,-3.61159,-43.276806,22.170864,-36.307095,-7.8608756,12.924455,44.833466,-15.059337
4.0878105,19.04987,6.230802,12.131371,-16.904285,-26.07463,-61.197315,44.536575,9.238384,-22.715063
2.5910373,8.651431,42.257275,10.336109,-19.910536,-62.30283,-10.890752,31.426891,-3.7795546,-66.310715
30.240892,-12.21428,-36.9086,-34.86201,22.39383,-6.840072,20.962307,-30.197544,-74.91477,70.065605
-38.019375,6.6958323,-59.469025,-11.691531,6.226885,-4.4159775,-1.3134308,2.5332518,2.1113331,77.86305
23.464487,15.181853,10.313342,22.986929,-12.23203,-52.31888,-32.227413,49.11663,-5.7915854,-38.338165
-2.0668936,-79.97914,-4.65368,-14.396099,22.23707,0.067380905,35.11357,-40.302242,21.494406,18.430613
0.5347558,47.944675,-9.878269,-54.340286,10.509499,-8.985173,4.435253,17.017006,36.20526,-57.094463
16.819605,-80.930885,0.5454337,-22.951502,31.496002,14.454793,18.585733,-46.359585,72.2042,6.554753
-0.63550144,-7.5488696,-57.08241,-57.78763,-36.69865,-33.99178,14.305922,-25.882862,-0.6798014,14.365576
-14.005228,-35.40178,0.87220913,-13.319041,33.417004,-46.845684,56.21543,-28.959082,-22.49991,-29.363966
-15.85766,-55.25501,-10.642332,-12.233325,44.696766,2.191357,36.611153,-30.523594,71.73359,13.009739
-3.6031663,-73.08604,-17.051626,-46.735798,8.179964,-53.672543,24.491632,17.126806,9.6303215,-5.560992
-0.9477301,-47.843765,-30.6132,-13.870983,33.509224,21.003906,71.04579,-32.013927,46.531204,52.883995
-46.89799,-39.152603,2.2653644,4.355111,-11.505789,-39.829742,64.71503,-24.553028,-5.841062,-42.215244
-28.469973,31.945883,-35.910255,-26.183994,20.43672,24.98692,44.8055,-32.331314,29.497292,-56.418377
11.138142,-36.88895,-12.406389,-13.054161,35.76848,1.0451443,59.453857,-48.62041,65.5366,32.579998
39.37838,-60.82321,-4.0119076,-50.18641,33.314705,-17.443548,16.933788,-28.307762,54.738754,-8.680265
-2.1828897,-3.1328566,-6.941431,19.91508,8.566279,-51.999157,19.21077,-38.44391,-8.81838,-34.828133
-26.839657,-11.026506,-11.247968,34.971012,-11.809528,-35.28065,45.63282,-18.66774,-24.144825,5.9720235
16.419151,-10.320443,7.7229867,-15.437301,-51.128887,-45.403145,-22.674355,18.034533,-33.891293,-39.114513
15.961374,-52.56478,1.0264304,-30.743837,38.625374,18.977394,59.072243,-42.1896,81.84701,33.809193
-10.975662,-18.125402,-23.431227,0.17313993,4.263845,-79.09839,54.59373,-36.26442,-38.328568,-33.342674
13.381573,1.8752043,0.14250183,4.9018574,-7.367365,-45.885983,-31.85289,22.169123,-15.60173,-54.246334
8.133394,-40.872654,-26.99981,-28.753786,37.63257,15.32508,65.61104,-42.638737,66.03899,41.996197
-46.40092,-38.355152,29.34175,-28.88159,19.682547,-57.53024,48.20576,-41.39786,-55.461964,-31.033869
18.427504,38.074234,11.72102,-46.15544,-37.915825,-52.340405,-61.53736,-9.660292,-12.715312,-89.12792
-3.1283374,1.2996356,7.63401,-11.312044,-5.0207863,-49.01842,26.434721,-18.893406,-12.070827,-40.503227
-31.051817,15.7702875,-26.038925,-18.205376,-6.4852796,55.29713,38.783638,-9.996852,21.994293,-42.373436
-35.78656,-45.107,-42.6226,-56.296577,5.4886503,10.262452,2.211132,-16.728624,-79.87205,-8.74265
20.603823,28.449574,58.377365,-34.980137,19.062346,1.4553998,-32.083084,23.43881,-26.12549,-84.22874
-30.484016,10.786769,31.373917,5.3935413,-8.537843,-76.36271,-29.397938,3.1248655,-2.6391969,-82.86661
-61.682335,-16.384987,-48.915573,-23.632936,-14.663613,2.0778677,-17.955246,2.8014474,-43.707832,14.852741
-6.5960574,4.929236,2.5547767,2.5942829,-27.55684,-80.61008,-48.89421,7.755901,0.49845678,-56.939568
2.7782457,2.5834696,18.981209,-27.977022,-49.99474,-9.612711,16.738543,14.189648,23.06689,-69.85023
0.53335,-43.334602,-21.73168,-41.212418,-18.839346,-14.87447,3.2926652,-48.568016,-36.911366,57.329796
5.644196,-62.5723,-25.401161,-39.65818,50.882084,-31.390133,29.27836,-29.766222,76.11673,-3.4089355
-27.892464,-23.157282,-28.288816,-35.21179,34.66684,28.121092,50.378357,14.610737,36.18816,-67.38894
-59.962822,-75.70209,-12.880801,-33.243618,35.43738,4.249777,53.53055,-28.889845,60.213604,19.613966
3.6819036,30.251244,7.6667504,-20.12206,-23.222332,-56.185837,-32.703938,-30.375982,-29.142132,-105.28199
-55.171776,5.7412677,-19.678833,-38.924625,25.785034,42.040325,29.415535,-0.49313512,40.019455,-45.61705
-29.70691,-2.8662283,-29.262243,-21.780508,34.919365,42.372337,41.5982,-24.989061,37.563023,-22.286375
-13.063124,-32.086025,-45.348217,-75.65292,0.83939004,10.182793,12.621724,-15.080676,-55.332607,29.206553
-29.596708,8.279683,-18.352867,-22.569706,-13.042323,48.96092,37.60592,-6.841631,19.815084,-19.665401
8.470932,-17.656015,-58.73098,-59.15921,-1.1109803,22.20111,9.564232,-42.927643,-47.55267,46.603065
25.407507,-2.9186432,33.978516,-10.104032,40.250507,-30.108541,-21.327232,28.181067,-1.641832,-75.05725
-30.643799,31.83689,-60.81249,-53.596294,-4.4205413,11.253615,18.798157,0.3984607,19.864191,-30.506184
13.887697,20.75563,5.978398,20.191397,5.27771,-40.49763,-49.06683,47.955643,-10.851543,-38.512714
-16.09233,-9.837848,-41.391098,-54.456272,-20.718435,14.9105425,27.901705,-24.465305,12.144831,-22.669857
-7.085354,-44.613815,-40.35362,-12.636841,26.893396,4.1010656,39.578358,-23.143435,36.627434,36.34219
3.9108226,-35.583675,-57.25031,-46.95521,9.1852665,3.3720014,-6.8576126,-30.526073,-45.961823,32.92311
-26.722624,26.682425,34.873104,2.7764285,89.59119,-56.57129,1.782269,-40.349926,11.184895,-9.190099
0.6775203,-0.7226862,7.095595,3.4406092,55.25491,-38.231564,53.007904,-73.92167,-33.022198,-21.27046
-39.737003,-43.220303,2.3381963,-1.711741,23.249346,-66.69667,30.736486,10.49671,-64.41441,0.9437947
-23.953814,4.316672,-46.870007,-11.886047,2.4718819,46.574356,48.46918,16.108158,51.39929,-23.289839
-37.787075,43.780567,-42.703907,-36.177074,-13.9694,65.67674,39.66509,-1.1110427,36.456627,-4.9701505
-29.20542,-10.112099,-12.78017,20.770042,-4.351183,-39.384487,41.486084,-16.905624,-54.074528,3.4003196
-37.836666,1.2689824,-34.165173,-27.296207,29.212135,21.110691,47.122993,7.7220674,40.885677,-49.51748
-14.344552,-41.583847,-33.354904,-20.817308,-10.839823,-77.73394,67.9195,-49.350018,-42.568226,-48.163914
-27.35459,21.725945,17.639156,4.576248,48.123066,-26.723278,62.549755,-26.616426,-19.282373,-38.944874
-15.625759,25.254719,-51.691578,-48.74476,18.975607,23.129038,48.75082,1.6793414,62.728626,-32.23667
19.011576,-18.493984,56.588085,-4.8580303,-31.545038,-5.8803587,-29.09074,22.138182,-5.6411147,-71.45269
-24.449062,-28.680185,-39.393223,-33.43705,3.6446521,-23.210482,-16.067492,37.267006,-54.151684,34.867455
-46.693012,-26.620562,-12.520744,-54.997353,-7.2506027,29.264435,2.521259,-16.664764,-28.436575,15.447237
-14.331815,-24.095966,5.9336295,-9.979605,48.751858,-47.295288,55.073696,-38.36985,-25.648937,-25.231007
20.552685,-4.389985,-68.33933,-88.61517,-34.62818,-2.7618563,-2.863599,-14.569799,-32.62977,-4.947461
-21.935112,-7.2900243,7.907251,-50.559372,15.28818,-25.60275,3.9831853,12.378619,11.251162,-31.060965
41.63626,10.672489,21.00475,-8.031246,-1.3391842,-64.811226,-21.570848,-34.50606,5.5050654,-77.87189
34.950386,22.932186,-25.90586,37.06898,-16.630405,-32.212597,22.13889,-35.214756,-16.448204,-58.895134
19.232002,-12.72701,-75.51543,-92.107216,-38.002804,20.418018,11.992035,13.480054,-14.884039,11.011574
4.725369,-31.134892,-27.763283,10.629652,8.373077,-34.4421,66.83299,-59.703045,-20.709372,-61.61405
31.101494,-0.5831476,-74.73226,-70.67845,-33.35011,5.933611,1.9662193,-25.179718,-33.575817,35.534664
-9.966551,-35.71055,-0.95691454,-4.818843,-12.150496,-80.12334,53.961746,-20.879585,-42.022476,3.7417407
-67.912735,-56.426357,33.157482,7.2863293,-12.513198,-39.30859,61.450516,-16.242947,-44.21319,-3.6828952
-16.088203,29.57064,-24.69554,-32.079254,2.2593777,52.322605,53.016026,6.7887406,4.077758,-75.7233
-51.762405,7.403487,-39.635746,-24.200724,5.8943615,52.091423,35.787273,-24.652714,47.398582,-49.27209
10.209006,-3.3879046,-36.343864,-61.14187,-2.1164372,-2.5542257,14.683841,-22.505823,2.0950108,30.271318
-17.024527,-6.2482886,-40.468193,-47.137043,23.956299,21.834534,58.741028,-20.062475,18.233252,-12.259004
6.677188,-22.762575,3.8819327,0.9580481,-2.0643528,-57.035618,51.06424,-43.90059,-69.58017,7.702785
-13.639419,-29.365778,-13.70873,-13.624551,32.692966,-59.814636,42.253613,-10.040876,-36.261433,-18.087645
-23.297293,-28.37449,-6.8804965,-5.53096,51.721222,-64.021385,38.993496,-11.711642,-57.098835,-10.255826
-35.61055,11.3478365,-30.639795,-15.292936,-1.3929982,55.762344,55.87306,-28.382177,31.768732,-36.671776
-43.132244,-2.507541,-4.1130886,-48.032505,22.776255,38.81898,44.450993,12.240774,69.25467,-68.04209
22.90624,28.684387,11.511256,1.0522878,18.355558,-62.743435,-30.575172,18.78274,-22.351995,-52.50818
-53.721413,0.803645,-25.75611,-21.522846,9.1631565,30.10498,35.636242,3.3241436,46.776897,-50.793846
-34.621872,26.90446,-32.91408,-38.585796,3.8493812,27.123037,59.213974,0.93001235,69.95621,-47.794025
13.105138,-24.372065,-34.046024,6.912033,-24.27891,-82.37574,-10.541087,12.500356,3.459778,-0.59346575
-24.417162,-37.23958,31.747578,12.824317,-13.338284,-50.05065,69.41774,-15.321594,-17.344246,-18.003338
-8.050174,-59.09765,-3.134185,-25.938421,48.295464,-20.790775,51.19688,-7.116172,73.4875,21.772594
-22.787245,23.969072,-27.259703,-50.89704,-24.605045,-61.713253,19.214497,21.449444,-29.117634,40.744606
-32.066933,11.116349,-82.86085,-43.434887,-16.434984,15.146527,19.502134,-26.266783,-12.199008,13.020527
-45.144672,-14.298535,-9.030699,8.910013,3.7475743,-79.49768,41.84004,6.1583014,-42.679695,-9.216935
-13.279845,34.400665,-69.74598,-64.34945,11.263641,4.397378,13.28859,14.991601,-14.378429,0.7900983
20.965662,-73.20858,11.315957,-35.82263,32.78512,21.28421,28.54399,-43.676304,72.16925,29.526243
-26.085867,-25.6671,-11.571161,-41.53684,33.226864,25.287418,43.899918,-46.46919,64.582664,14.892714
-10.428366,-5.8218737,8.85979,1.9067442,24.650402,-62.416847,53.971123,-54.280827,-26.262014,-11.792651
-23.828026,12.227165,-57.14286,-35.99732,18.33998,41.210114,12.023772,21.064085,52.810726,-31.758068
-41.624508,27.451698,-37.007866,-34.301437,11.305048,27.73876,42.99972,-14.999886,25.16118,-40.303688
0.23527783,2.4802682,47.172096,11.966839,19.548588,-40.660263,-29.074804,-32.376083,-38.1283,-58.782124
-45.9831,-48.39036,-44.526146,0.56187725,15.395588,11.735162,28.139502,-25.958214,52.300945,24.59375
-12.8315115,-30.109915,-35.27857,-35.490837,42.034157,10.417648,14.865462,-15.131182,74.824615,-13.079351
24.849012,-7.436802,-7.8697424,-15.208337,-13.991694,-40.36425,-55.277363,24.276035,-24.588568,-88.404144
-62.16317,-28.053556,3.263854,-22.34034,-24.030962,17.77036,20.509598,-2.6175017,39.22232,-55.682358
-51.676537,-13.742757,-25.289165,-20.016392,25.438421,46.110184,32.076527,-7.225918,43.081554,-67.70236
14.719157,25.582556,23.086035,5.977165,29.011314,-94.498314,-8.795598,29.84001,-34.78734,-77.09239
-29.417582,9.625591,0.631514,19.184347,4.856228,-25.29671,40.003445,-54.913326,-62.45524,-7.1539855
-34.037735,-3.303675,-15.566553,-12.804411,-11.449625,-27.392626,-5.026474,-53.135532,-54.32459,-11.26358
25.842638,18.915934,40.957264,-17.104294,25.423544,-8.0269165,-32.010983,15.494109,-24.863773,-93.90758
-19.609129,-53.550713,12.555436,-46.13489,49.15226,11.521037,69.13422,-32.751877,44.937336,30.12392
-53.363773,48.87863,-38.894817,-40.098198,-0.358423,59.652473,24.629318,-3.6882257,53.078293,-26.736683
-31.045458,-70.71683,-30.086525,-43.16808,21.711136,-11.608133,68.32094,-40.401165,54.9437,12.168049
3.176382,-59.485825,-13.342838,-12.962058,36.187725,9.969163,70.98577,-39.0987,35.366096,37.91555
-54.780647,-6.0795527,-11.555064,-8.146996,19.372766,7.368906,44.05562,-27.839811,-32.837242,5.259733
-0.34835023,-12.81146,-6.6276255,-7.2371087,-33.874565,-38.291897,-11.069593,-0.8131211,-10.214306,-21.36427
28.70951,7.0366783,56.739334,-30.371222,-13.974441,-16.260204,3.3177786,-5.797907,8.936527,-52.711082
-42.5319,-26.463753,37.919434,-14.377049,38.81736,-52.26292,52.577908,-37.1562,-41.80377,-9.355728
-24.501242,-11.61384,-30.602215,-61.156635,-12.564828,43.37813,13.467247,-28.466885,-65.228546,60.991234
-47.348103,24.343672,-33.391026,-39.100285,23.41162,36.286118,66.63902,28.47706,52.53115,-61.07344
-5.2974806,29.655115,12.605338,-14.51143,14.391702,-59.33544,-34.46474,39.69067,-20.359447,-64.92363
-13.590499,29.08219,-43.25814,-18.010313,1.7497718,42.508102,45.830093,-15.824823,32.549877,-50.627167
-57.222996,-14.019331,9.34491,23.623898,33.21062,-14.94173,50.987865,-15.344767,-55.957424,6.8882422
-41.6148,-30.030409,24.020027,13.592303,-5.952326,-32.597813,59.54665,-22.037315,-41.99741,-0.8915589
-33.023785,-67.69571,3.337737,-45.45404,70.9204,21.453371,6.0952883,-19.475084,77.139824,36.46795
29.986036,-31.973595,-72.567245,-70.269356,-52.085026,22.310324,56.462784,7.611764,-29.933636,19.038279
-13.426351,5.8347354,42.405716,-27.457977,-11.286623,-20.430431,15.42272,21.40732,3.6791067,-79.53422
-18.34042,-79.103264,7.1207695,-13.330766,57.307434,-11.154666,10.080832,-19.707497,64.25413,1.5065398
-27.526237,-54.778908,2.9298635,-5.3715343,5.222865,30.86958,43.884983,-40.514053,58.838467,-36.670773
-12.78609,-69.81542,-8.353342,-39.944557,51.738052,11.329552,51.43926,3.0737228,57.688637,43.366142
-39.11516,-2.7024693,-25.900389,8.974546,43.446823,-33.235344,14.840198,-23.7333,11.649828,26.384987
23.835375,26.21873,-1.888022,-6.81021,-21.950876,-28.917015,-52.68576,26.089254,-11.502925,-16.827364
-28.196177,7.6805096,-35.562534,-24.9356,5.9474897,-7.330651,-1.3202499,25.70524,37.615143,-39.526188
-39.36912,-43.3605,-4.9924207,21.896408,30.837193,-40.62485,57.69832,-27.151762,-21.882114,-40.202297
22.84957,31.178364,37.312603,-0.9659168,12.348722,14.95334,-10.544443,-21.576208,-0.29980695,-79.91382
-27.675951,-78.78791,-5.90887,-58.28702,41.153748,-22.945553,-20.526365,-63.532757,80.41267,12.395483
-38.55031,-51.790718,-33.89401,-2.6090887,-4.2822447,-27.858086,8.355976,-34.44479,97.364494,-4.614467
-59.377304,-51.793633,-5.8222213,-1.1295849,-25.649885,-55.481415,51.84073,-28.528847,-23.193966,-27.382547
-16.262707,-14.5608425,-19.212337,-24.00465,34.031796,2.7246282,36.316154,-17.037674,66.08348,-9.134498
-28.193121,-43.17066,-68.3072,-46.315403,-16.303608,14.865008,-18.666636,14.234321,-33.631626,-3.1391973
3.8846917,-39.316784,-57.551178,-7.2191625,12.296604,19.28455,23.349535,-22.358845,48.678776,66.49739
-42.84345,-43.53149,-43.72005,-33.490845,-5.6591115,22.919462,39.36325,-25.622578,46.11565,-26.434616
-8.228315,-66.961296,8.437082,-8.734358,43.971268,0.6189623,51.31922,-31.175848,77.87105,16.193275
1.1594111,-43.156975,2.4561076,-33.453842,47.68532,6.381914,40.594307,-36.856663,60.395584,7.4649024
-25.488718,-33.5399,4.599631,2.1262624,-8.541683,-47.2272,61.257282,-28.632177,-10.55946,-26.412846
-46.20868,-61.10987,-38.934704,-22.66362,68.70116,-36.009026,28.792887,7.6620183,64.941734,-3.7498643
19.560171,28.090721,23.387743,-30.927876,19.693632,-31.962757,-28.966803,10.904893,-27.463316,-80.27043
-44.987484,20.515333,-39.21187,-40.126694,-12.5717745,49.54363,23.019596,1.7467793,41.142956,-50.95649
-8.867673,-69.94298,-30.60713,-6.719737,2.7446048,10.561056,29.042423,-45.421463,9.972006,0.73805
-37.56507,-39.82997,4.414016,-2.6701224,18.884018,-48.9116,31.51403,-54.055843,4.3207164,-32.77048
-11.39419,-8.908084,-6.3766065,6.7601347,17.433033,-49.468964,27.813715,-31.021095,-43.43166,-21.548092
-1.474376,9.679351,-39.03601,32.973816,3.0465195,-56.86169,81.6634,-46.14966,-16.406404,-22.106386
-38.748425,11.035233,-31.288042,-28.695745,0.81615305,65.19385,41.106083,5.419573,50.305138,-53.17923
-21.418682,-16.544264,17.252132,0.9372184,-3.9412649,-57.14185,42.25931,-13.978004,-36.000404,-0.90354264
-32.761726,-74.128555,-2.914254,-30.893574,41.39281,-25.76308,42.796436,-25.83818,42.29711,-1.5447458
-26.944342,28.149427,-23.788786,-68.6556,4.321656,73.50513,29.011738,19.618864,10.084699,-67.73207
-15.630344,45.319756,-52.00182,-10.241313,-21.24322,62.421227,17.166626,-31.005777,58.429264,-24.474762
-27.454767,-30.01469,-7.4911394,-34.056446,23.685205,-54.392574,59.32409,-15.9419365,-1.600841,16.031702
-4.8173957,-40.385624,20.048155,-10.894135,-24.680195,-57.63397,65.729225,-40.28886,-35.90253,-40.712723
28.09178,32.392593,26.602228,-20.420732,30.370937,-34.286854,-49.421055,11.21323,-27.810274,-89.58699
-36.017918,19.15039,-26.882662,-61.562378,-5.29503,28.274279,1.4778507,-10.848397,-39.224274,1.4058824
-41.857525,-51.614414,-37.8909,-69.3604,-23.36845,-4.477422,-2.1741967,-12.933992,3.303907,27.552565
-53.67072,16.173256,-38.896324,-35.438854,10.040971,37.25311,37.743946,35.632824,61.66475,-65.52501
35.032303,-25.26222,26.078836,11.437043,-7.1818595,-58.50567,-30.381884,-85.2892,7.0605173,-54.8191
-45.48601,-57.61528,17.7311,-7.9363384,-7.7255454,-41.303745,33.67387,-36.635715,-58.93818,-25.370739
51.5002,-10.936604,8.938854,-11.683885,-8.44335,-2.2047622,-37.38297,19.689993,-17.244164,-55.82029
-29.37118,-1.9658965,-32.062786,-16.563387,54.208046,36.442432,27.769777,10.869655,53.24268,-17.877846
-12.562173,-71.87576,23.078098,-22.488317,60.03732,-5.2589436,41.185726,-22.991116,51.04735,2.8021631
-44.696327,8.445721,-25.297987,-43.85308,0.23222446,30.2556,33.244186,11.902227,50.697853,-68.52431
21.557907,15.887065,34.225956,29.319643,-29.854109,-77.07919,-29.739325,4.8631444,-2.3424385,-71.09279
-26.794342,-64.00453,-27.707624,-14.603389,47.9978,-2.324132,42.15216,-23.489235,65.597694,11.423841
-43.95452,-80.18786,-14.094497,-50.748486,43.42258,-36.945843,25.889013,-35.492054,66.07698,19.06824
16.177032,13.858233,4.994403,30.13949,-8.701481,-39.40778,-41.465954,4.0965257,-5.0101743,-64.36114
-25.29074,-25.281507,1.906496,14.435928,16.149794,-33.652077,60.219013,-48.301327,-32.684044,-45.5976
15.094171,-65.33474,-17.19082,-42.643475,4.8918056,-49.70973,13.192956,-3.2016292,3.6479356,37.251488
27.682755,7.0453944,25.968845,10.308913,-14.195075,-51.768227,-34.40109,9.359327,4.7295685,-49.278046
14.654335,-48.102417,-3.3910801,-61.78444,40.42428,-8.746233,22.513744,-27.336597,60.54418,19.075537
-6.6584415,2.6640036,40.00814,-23.22021,-10.815888,-24.396452,8.135707,22.626183,11.134613,-78.71892
-25.02371,-12.724694,8.556825,-4.656206,24.938042,-36.999428,27.06597,-55.80842,-25.386097,-12.305195
-34.180706,-22.174034,-28.322006,-44.75478,31.614252,37.639126,49.253525,-15.545282,41.4677,-5.032081
-53.647102,5.468631,-43.755417,-37.47276,-1.9333779,52.317894,37.438793,-11.31317,10.200703,9.838673
-10.34259,18.280327,-11.400602,-10.665241,-7.7814817,-35.39809,-37.988068,-28.784307,-33.54067,-6.3861737
5.4223084,-49.32725,-10.173374,-51.245594,44.98523,7.7864666,28.233274,-37.26121,67.03994,16.43304
24.026436,18.719809,48.976086,-10.528251,8.627719,-10.151619,-31.620737,1.1622663,-15.320858,-93.90231
34.488144,18.63685,27.464027,-25.766161,17.28947,-14.469143,-38.467697,37.075832,-28.3233,-54.31849
11.048849,1.4961009,3.3368413,-15.333481,-20.689705,-46.606876,1.2161312,15.801944,-22.656723,-117.62903
-56.439323,19.070406,-8.422849,-40.29098,-1.7882899,33.016933,49.136433,22.012192,34.48074,-35.169846
3.3742168,-67.92864,-4.1229196,-28.606121,-22.19987,-82.795044,55.13538,-6.213563,1.9703314,-21.466991
-42.879944,-1.0392505,-31.96635,-28.545704,-15.98868,69.59228,24.990343,24.355194,6.667935,-35.12628
14.382458,-28.26056,-35.265713,-29.317028,16.019922,6.3282948,48.87127,-30.02953,55.31516,50.42266
31.658459,30.89425,19.932634,12.842027,-2.8043582,1.3815761,-37.07841,-27.569006,0.17175704,-76.84896
11.863662,28.617735,11.413908,-19.105312,-18.535688,-66.19547,-28.747831,-48.946083,-19.112328,-98.74957
-15.152461,-57.59491,-10.267833,-20.675386,5.577173,-81.873505,55.66705,5.345836,-5.1679335,-19.218174
-10.868775,-51.402405,11.617023,-32.689716,35.538834,8.2698145,73.70003,-46.867085,43.01372,28.40567
3.9142818,-13.567857,-64.16035,-28.993536,35.620438,-38.07185,0.08137286,-22.173946,-50.89167,47.49948
-24.509987,-28.16742,-11.0881,2.6430767,27.973232,-48.765404,53.01402,-27.560131,-41.62602,-48.427834
-42.225475,-11.293525,-2.2119787,-19.568443,11.762597,5.249178,67.71416,-15.346444,-7.012696,-59.06836
-37.396603,-63.285343,-49.86049,7.631526,-6.8804116,-15.918322,7.591571,-51.382565,33.110928,18.592573
-11.93961,-57.52155,1.7794394,-12.563567,63.54192,22.597416,33.081005,-30.785198,74.48433,10.195765
-23.304052,-72.97181,-38.709625,-12.030579,45.92032,10.699285,52.135685,-45.55572,97.32563,26.249573
-17.753708,-87.94022,4.7921963,-21.956553,34.291218,13.709452,57.657803,-70.34903,77.54269,16.193705
-41.0704,3.2939112,-79.072815,-17.83789,11.193013,-37.770756,-19.788002,1.5417438,-29.834524,54.807594
20.171495,24.407293,-82.16266,-61.3187,-21.64584,33.96231,20.589424,3.5310812,-50.65029,25.160757
8.741703,11.136523,30.306461,0.97090936,13.627197,-65.27874,-24.270363,72.94621,-24.078766,-78.990166
42.159325,19.249584,47.97903,-57.651405,3.4032161,-6.4093504,-7.091927,34.77444,-21.357845,-81.53957
38.819855,28.244358,8.265041,-13.776333,-5.98651,-45.43417,-46.679214,-28.331863,-9.708728,-70.72886
-41.9201,-26.166601,-16.531662,-9.504509,56.096912,28.519447,28.712934,-8.375742,65.012436,7.8336864
-11.062513,27.486637,-32.301723,-21.257742,14.818536,48.414444,46.75236,-20.503643,24.139938,-38.601826
22.603922,-67.787704,2.9955306,-65.423065,29.106344,7.815526,12.229173,-15.947648,75.7442,36.56536
60.685356,-4.2910485,12.756723,-5.94406,44.957943,-43.466545,-30.739115,3.2242918,-18.596727,-79.129425
-49.49055,21.750381,-41.078014,-21.989506,-12.589577,56.07395,42.904774,6.915821,45.40017,-43.113216
51.914337,-14.259503,-65.01435,-71.227104,-29.49217,-3.4153278,8.506812,-11.516305,-44.843067,19.023401
3.6443424,13.5604515,26.654797,22.994804,2.6143177,-9.132666,-10.101961,-19.482143,-20.479042,-73.94707
-0.51745284,-14.30471,-10.602736,-51.185207,-45.88381,29.78465,33.341404,8.365846,-27.668152,67.50815
1.1977521,-90.871635,11.638039,-14.287691,49.984016,1.0140529,41.20879,4.086163,67.55702,-5.5144644
20.991257,-14.741755,-50.130688,-51.162205,0.53165984,-16.596148,15.205726,-23.06567,-24.9321,56.14545
-47.857647,-15.758853,-14.572909,7.561084,13.855195,-9.320503,24.505005,-29.431406,-21.886774,2.9198527
-40.940395,-61.291084,-38.055664,-52.946495,-34.33945,-21.95675,-41.27566,22.57681,-20.748974,11.128906
-41.236572,-0.09565224,-60.177776,-47.254173,-1.1998237,38.805023,36.66293,-25.214647,44.446373,-54.20144
15.677988,31.054365,19.419407,18.141306,-18.345303,3.369726,1.6093149,12.730837,13.83289,-55.346542
-69.48091,-45.095364,-58.633118,-66.58907,-37.065945,24.431711,-40.007748,27.594078,-47.069023,7.748901
8.118685,23.308214,25.532375,-4.143402,18.183365,-0.10836271,-13.325269,-1.2408129,-9.539591,-86.46865
12.97933,-71.14238,1.5898178,-33.659237,45.54881,23.131018,49.64255,-45.59158,80.00902,23.879213
-42.79511,27.583002,-14.054907,-27.124777,1.6240766,19.929003,23.700928,-1.8252705,39.37263,-60.74376
29.8667,8.997175,40.078613,7.406081,14.577174,-11.539116,-39.690746,19.878748,-5.2917995,-79.11787
16.852356,6.8213224,-81.30581,-89.31524,-23.826357,45.968163,88.872574,31.199047,-71.18746,49.80247
-26.570976,-44.899197,-7.538286,-10.80301,15.597305,-56.628605,45.727882,-36.115852,-11.718028,-57.546703
-30.919943,-36.547455,-4.958776,-16.412558,16.551071,-27.576717,38.253662,-46.441414,-11.097502,-9.737335
-15.674849,-36.31354,-52.485863,-38.952736,-14.377772,-8.58778,24.861305,-25.290298,-11.728184,1.026434
23.639526,22.6905,13.712853,-7.44833,40.820827,-62.208885,-10.047448,12.63798,-18.077429,-79.14575
-18.138926,-35.51608,-6.546757,-10.128765,-31.815937,-77.80491,79.22725,6.800568,-38.646606,-20.374931
-18.739597,-46.484837,-18.331963,-40.966602,43.192886,-1.0774179,57.75897,-51.44583,63.500927,16.150621
-15.301189,-53.66573,-0.04185024,-15.100966,62.61243,-8.450361,37.598087,10.807455,77.63187,-5.2946534
-38.457314,13.569903,-34.93019,-39.517483,4.422057,46.18056,40.36464,-9.283414,15.350123,-34.789066
-40.14556,8.826972,-20.097961,-43.387615,19.290619,40.005596,56.07475,10.266398,53.47552,-84.431656
-38.008324,-50.477783,3.7694082,-30.273554,16.642511,-55.073643,18.730495,-15.711355,-3.071377,2.7549393
3.4381287,-4.0450974,6.5666103,-15.866945,-2.7481823,-67.80762,-35.635777,7.0269346,18.767714,-54.980087
-15.619734,8.644525,-39.046696,-73.80013,-32.706337,-46.81237,28.420702,5.430327,-24.842628,20.802626
-15.936265,4.29888,14.178868,31.822136,23.450617,-36.029472,-5.3872395,-14.184662,-26.26813,-35.190777
0.62693596,-26.553205,33.80734,-8.581888,7.423424,-52.294968,-29.242939,62.030643,8.410228,-23.479515
35.052986,21.745161,2.8260381,-4.3073225,45.059635,-23.576502,-34.268154,40.876373,-27.67284,-45.93538
0.64544606,26.79064,21.921982,-48.75387,19.526184,-24.09698,-4.1065297,23.516953,12.209863,-52.791138
9.269007,-4.731977,-10.297732,8.97754,-13.6052685,-53.570183,25.831036,-8.234951,-31.81987,-15.49889
-24.342838,-20.189226,29.917841,-28.910149,0.71694064,-58.630936,-20.88727,-20.370417,-4.7289305,-54.549767
-28.60992,11.478511,-28.770218,-16.189539,20.517817,38.2009,49.2195,-32.002686,36.677143,-34.017254
-14.788111,-26.676947,-30.39654,-11.621708,10.265417,-61.920044,51.785107,42.77353,-44.416492,9.582964
62.32666,1.8569047,13.196794,-31.848528,0.026548028,-4.555095,-38.22064,13.134815,-0.22537804,-55.00086
45.296043,18.463875,-69.81285,-60.263123,-42.55494,20.931017,51.97386,22.969992,-50.011566,34.3507
42.69072,5.6312275,-70.00358,-69.187706,-33.74466,4.354824,18.914612,-4.553837,-56.065063,32.32123
8.133043,2.6309874,45.648674,10.229717,-24.623878,0.8675337,-43.10994,-12.006847,-0.8933462,-70.813255
-53.81103,-4.2287025,-54.32967,-36.89006,-17.035995,61.511852,23.217663,-3.6692798,65.57077,-48.489468
26.966713,9.654393,-9.386245,3.9447978,-13.289048,-56.531876,-14.155837,10.14301,-43.603188,-28.11716
1.7538409,-18.632414,3.988709,-42.154037,15.7342,-57.90865,32.709606,0.5151909,-0.29330534,-30.1328
-11.225194,-62.703354,6.4462,-32.218513,33.75668,4.2307606,48.760036,-41.94716,61.030067,16.287119
-12.039796,-78.42396,15.515089,-25.617243,26.62921,10.954092,67.47163,-20.971205,60.1216,21.242079
-25.265266,-18.247675,-30.646816,-23.942953,20.297525,23.798426,21.365797,-5.789657,68.36046,-15.754189
-44.742275,-13.564519,-48.326527,-49.99542,-41.786064,36.895184,21.374298,6.709202,-48.637676,39.60898
-48.033337,-29.07391,-14.8167715,-8.6318245,15.897009,-9.585582,57.304947,-28.825909,-11.983735,-33.45822
-0.40818748,-58.17521,-16.795074,-36.89365,18.256472,0.5168989,22.814293,-21.810833,100.91909,43.141296
-38.02818,7.1516523,-30.846672,-31.268745,3.8516746,33.511166,42.955338,-6.303731,59.756382,-63.501022
-26.002533,2.6932383,-1.4455758,24.900576,11.67866,-27.695673,57.828777,-48.376793,-74.542496,4.4261613
-26.063564,-10.594466,23.511784,4.597328,13.766098,-33.909084,46.253757,-64.46775,-79.631775,-3.3011081
-51.38596,3.9816396,-19.603128,-11.3051405,10.871155,44.703953,55.888912,-6.080468,27.404589,-41.538532
18.69743,18.86358,-3.5534406,0.5744636,-5.7399316,-44.60761,-41.393528,-1.0943388,-41.79736,-31.066975
-17.08504,32.372856,-17.438908,-13.862988,13.101807,-61.671654,36.776455,-14.659961,1.2644448,-55.960476
-34.353245,51.75256,-44.942913,-46.784092,2.2541244,63.232113,36.35244,14.220963,62.36034,-33.07048
3.919288,-5.3786507,-43.06639,-38.728897,27.500803,2.3644311,8.764611,-11.385719,-70.002106,61.788837
-35.29071,-47.276394,15.604645,8.936561,-32.826397,-49.76169,55.80602,-21.344969,-64.382484,-16.635454
-49.356056,-14.652919,-10.059857,-43.50748,-14.375387,29.63138,4.569394,0.4677592,74.148994,-50.725437
-39.17823,-27.097612,3.425436,-23.183516,15.002592,-14.095306,-1.677449,-44.27079,-23.992954,-12.634861
-12.552205,-3.030242,38.17781,-17.435736,-37.06132,-21.557209,15.97224,6.3406363,5.9163632,-69.844055
-65.46064,-74.198814,-8.3361025,-26.538242,43.473797,-13.422128,31.66324,-33.284164,32.40951,-2.4429715
-4.8433714,-18.503664,23.60723,2.4145901,0.51213145,-63.66305,63.18666,-44.888832,-47.77932,-20.465538
-11.141319,-17.882418,-20.744549,13.582282,0.517359,-68.47084,61.90924,-11.179513,-50.866074,-32.136147
-4.9578123,-40.454346,-23.876812,-38.088608,48.678066,17.106274,46.809742,-0.04585703,70.01349,-9.79341
-3.1588805,1.091968,-61.41576,-71.52729,32.929863,12.362279,58.655346,-38.74532,-87.65426,18.978836
-33.599976,-8.304389,-62.647163,-34.59235,-11.983618,-10.743287,12.47374,-5.441908,-14.404379,41.945442
-17.173315,-0.7927685,3.9124985,6.165312,25.46747,-60.43908,56.99127,-54.613552,-17.15113,-21.287237
-44.705444,12.378942,4.980125,-0.4933919,13.046493,-36.455986,61.487324,-11.520414,-15.300074,-26.740456
44.678246,19.377779,14.537944,-3.1592276,9.985839,-55.97666,-19.102762,42.793777,-12.483797,-91.88775
-19.626287,-2.0639834,-24.6955,-24.39363,37.778812,13.914542,44.204365,-3.1604865,44.95771,-31.078445
3.9740598,-43.27429,-46.730125,-29.992338,-38.81111,-2.166356,-13.939244,-10.950582,-14.713411,42.645607
-22.13342,-18.178135,32.661034,-27.998009,1.376826,-44.699333,-10.289916,-36.114113,40.004757,-19.32907
-36.796097,-4.141094,-26.080011,7.112151,-25.881266,24.724888,55.08699,-29.756044,25.025183,-34.74005
49.126183,-4.8760943,-27.553627,-49.76818,-43.12689,-30.527737,34.926277,-25.439556,-57.701244,37.40798
45.543114,11.995216,-9.784275,20.463638,-4.123013,-13.937115,-48.858345,36.282837,5.1316657,-48.302532
-3.6717038,-34.406948,-14.26936,-54.34661,-23.307705,-22.85372,31.62782,35.02576,-30.48531,43.427505
-27.783573,-9.632369,-36.9067,-48.564484,-8.327472,-85.52708,35.31235,38.649952,-64.20627,38.16619
2.5251958,-35.672626,-14.740313,-73.7684,-47.563316,-26.783463,-14.665077,1.0692811,-87.06396,41.210285
-48.123005,-41.976616,-40.046387,-61.43024,-43.42951,49.204926,-3.394569,-24.417034,-34.21388,34.37938
69.56943,10.44192,0.80564374,-20.46,3.661452,-28.55553,-50.70651,0.38627487,-8.619541,-47.417908
-32.283524,-45.988407,16.1622,0.11385703,12.378438,-59.900536,55.61052,-50.19251,-70.45101,-21.247187
3.82261,-24.661737,-9.573429,-65.28271,52.224144,11.209937,35.690956,-0.08526371,84.008804,45.56913
-42.539215,-21.83628,-33.426502,-73.404274,-2.117472,6.0866776,-3.7384326,-11.534057,-48.045673,39.1196
-12.077957,14.796049,-23.072336,-35.161472,-9.620484,55.857235,45.970345,-18.852629,22.892433,-45.247566
-9.252515,-20.129938,11.805864,3.6531746,5.3074226,-67.293625,68.69807,-31.141045,-35.60929,-12.910554
10.565881,-70.10279,5.239899,-30.490582,48.562775,15.00327,37.146896,-68.50048,63.73538,-3.3896224
6.627987,3.4940174,30.107183,13.514569,-10.062948,-72.7563,-19.794535,15.100389,2.5201972,-51.1196
-45.389034,-23.244658,-20.017044,23.52132,-15.428959,-37.737556,47.293915,-19.042143,-12.875909,-15.718474
-39.52124,-13.973559,14.435365,-0.78615147,-3.3370829,-44.026867,29.70105,4.7035813,-64.28965,40.71831
-40.016685,-8.534522,-18.3558,-43.595547,13.117335,24.794971,25.060532,14.40538,78.430115,-68.54369
2.2233171,6.214094,23.091768,-14.782903,-38.50687,-43.050426,-24.947428,53.549133,-21.20954,-63.745247
1.3265374,-94.196205,25.693066,-6.872288,55.830894,10.710629,19.176592,-42.920208,71.788635,-22.505077
-20.083601,-0.7012069,-74.84645,-35.484325,6.126957,11.665291,8.905801,-26.193777,-31.655958,3.5046453
-39.411953,-11.607549,-71.61414,-32.49782,14.915494,-41.77585,-21.441092,-16.695473,-45.944824,24.032295
-18.776495,-31.692553,-14.900489,15.094928,8.71294,-38.83213,49.4292,-25.492416,-23.866278,-45.523323
-6.288619,-1.6885889,5.0527105,-12.235498,-21.455801,-53.722214,-13.839982,5.8794847,-18.5858,-114.73397
-11.580454,-29.874228,-32.624645,-50.211555,28.494318,-1.574866,68.85381,-35.58805,67.76891,18.705046
40.365135,9.828176,16.673296,0.5482118,33.52465,-29.684546,-34.157963,38.00867,-1.512751,-65.58227
-23.568071,18.934454,-45.54142,-34.905415,-5.849084,42.014862,27.059267,22.960499,34.311127,-7.8106537
-36.86943,-4.3045025,-49.40302,-69.17302,-30.032774,13.038173,21.85591,-42.214565,-32.413136,6.773129
-13.8638315,-27.7607,-9.611399,-46.20527,-25.767262,3.6408389,-0.184783,-62.20932,-63.925953,37.655018
-7.7583785,24.481686,27.761003,5.7439585,-8.348381,-69.02532,-29.060707,-22.741806,-2.2812314,-72.85019
-26.092213,-25.62016,-33.21902,-2.527326,11.033568,-102.9517,50.218437,9.06629,-45.4036,49.255978
-38.768223,-44.94011,-47.92929,-88.78124,-28.6502,15.251367,15.694934,30.873707,-42.527916,26.522161
-27.128624,33.9999,-69.33745,-36.38251,-3.835795,49.082188,41.925182,-20.321644,76.60604,-49.98139
-52.325886,41.539074,-7.7840962,-53.51124,-10.9912615,50.869957,26.130064,17.109217,58.449223,-37.68854
-46.998997,-20.86446,-28.66983,-17.502647,-8.46903,24.475615,30.735289,-12.298237,38.329178,-27.837135
9.111468,-4.363691,-47.825203,-32.859882,26.211365,-1.0686986,8.259377,-28.900785,-81.702034,59.088047
4.622783,-12.907563,-49.093327,-42.075848,19.850864,2.6639187,1.7461247,-19.676521,-84.47181,47.501915
0.8544718,-33.25431,16.240688,15.653178,-3.925048,-28.554695,-11.560683,-16.850454,-20.459293,-60.59103
-15.866329,14.354718,2.1980944,9.761476,23.890657,-77.16779,-68.773544,14.541769,-23.68629,-45.547726
-38.906395,-54.285034,-10.09555,2.5278146,9.925849,-75.3838,-0.737196,-3.2047005,-9.946789,6.1570616
-37.454464,-42.240284,-48.530178,-44.889122,-2.3392217,-4.419608,-19.671518,27.452393,-53.814053,32.10331
16.002335,13.722286,18.865255,17.87645,-10.25724,-49.513615,-57.524017,11.785689,1.4426467,-24.979164
1.6123642,-47.47303,-34.608246,-30.807615,51.215164,21.017796,7.1670246,-0.40351966,69.52812,1.5030379
-20.90953,-10.693704,6.0623627,10.230209,-4.407863,-50.75361,61.981045,-29.249557,-54.607243,-18.319763
51.41397,2.2411337,19.891357,-6.5706043,11.697929,-60.546425,-24.560106,-24.470694,4.614553,-88.93489
28.732155,31.82133,39.204544,-21.21873,29.456488,-5.361528,-29.269651,15.85143,-32.867867,-93.55443
2.820796,-49.209026,-37.800804,-24.241388,3.2205412,-1.1250757,3.521625,-50.07082,-68.733795,39.6735
-4.135013,-24.343138,-48.921734,-56.950825,-20.928558,23.941921,21.073793,-37.862545,-48.71496,11.266457
-4.103353,-52.09182,-15.890421,-30.223305,19.439306,12.91208,46.49167,-57.965187,64.42727,13.552668
-31.493017,3.3589835,-2.4220288,-18.25497,-3.6055198,-52.877594,-35.774277,-25.631912,13.704062,-43.895542
-25.490286,25.87287,-26.14922,-41.025127,5.1428328,53.598957,23.010073,2.4358149,9.440347,-5.898367
17.318626,-16.51391,-59.362476,-40.48547,-19.467999,27.789394,3.2372427,16.774473,-23.759626,25.242414
-23.567131,-52.467854,-22.586885,-23.081125,62.893856,14.829946,51.299732,-1.6849548,42.663242,12.776464
-38.242596,-78.98847,7.0367384,-11.534907,43.73344,-6.3821387,61.459442,-11.405354,30.935162,0.6592077
-48.241196,-47.43873,-29.83097,-16.279753,81.2274,-25.4039,28.47891,6.281709,62.716793,-13.516884
-55.467358,17.755295,-28.621683,-20.936998,-8.231744,60.772747,21.565407,-6.135771,50.287575,-45.233204
-9.938184,-29.33223,-43.52463,-80.10487,0.5956962,-8.75902,-5.0992785,-8.361735,-46.617367,-25.40462
-13.777102,-43.04959,-43.68164,-8.775855,18.194326,-35.139927,13.700818,-30.86307,9.612645,12.822308
-21.820318,-43.205757,-14.414422,11.819658,31.602198,-48.98876,55.993633,-34.779984,10.635698,-49.3303
-9.562086,-55.724518,-16.616928,-24.81251,7.4284086,-5.8868923,14.71113,-59.934216,101.04383,1.0741954
-46.989166,-40.866455,21.98956,14.190317,-0.39630392,-52.28975,64.96741,-7.9602027,-15.55424,-20.84323
-34.663982,-82.03589,-2.0205326,-7.4537134,26.947477,-8.337872,40.294155,-22.361021,104.56221,19.005814
-43.8443,-20.111782,-30.160599,-70.9353,-46.394867,14.279959,-18.2724,6.981128,-28.221594,39.020203
9.121454,-10.011023,31.0087,-2.8740072,8.568174,-14.314444,-60.277214,9.836104,-20.537746,-64.25855
-40.414524,9.255104,-34.72737,-60.139957,-9.010783,33.560528,67.16014,12.564471,63.616245,-57.753284
-18.38856,16.000711,-63.96379,-56.079792,-0.7875751,32.414173,24.234667,-25.564495,-32.80044,20.552177
-41.364807,9.0706,-87.62627,-30.3383,-10.432409,-3.3846369,5.8364353,-4.8069305,-12.569896,-2.7760165
-22.458363,-29.189705,-44.127953,-18.701574,0.99351406,-8.175325,31.274492,-16.509638,22.746439,42.520874
-24.68703,-71.23853,25.29933,-20.632282,49.5039,-7.961984,46.44993,-22.69785,62.531498,7.9207797
18.450457,-57.461742,5.6816373,-44.1396,2.14196,8.65678,25.119003,-26.69575,41.046337,-4.2572775
-37.720898,-58.913082,-20.61439,-11.1511,35.525608,25.661877,64.94517,-53.377914,70.420456,39.770992
-20.077053,-25.979675,7.915935,-1.109345,-19.171667,-24.203468,62.780327,-35.084293,-50.07968,-32.18939
-13.80382,-47.305576,-28.771976,-29.41351,24.824907,14.509544,46.66331,7.96877,62.45048,-41.236115
-35.158123,-44.485558,-22.890493,23.400337,-23.571295,-29.210764,43.593716,-20.336718,-10.850011,-49.73019
-23.772902,-56.360302,-14.577606,7.8411617,-11.811456,-43.64917,47.62542,-8.283275,-33.080555,-30.110128
-19.432697,-47.97441,8.253948,-15.877979,-45.57733,-68.71604,66.9595,-7.1774898,-38.673237,-27.087355
-1.8126042,-15.555697,13.272059,-10.173197,22.828712,-43.98321,67.494995,-67.117714,-39.415096,-38.812275
16.556225,3.3512878,2.506444,0.4590602,7.2171097,-37.345695,-13.410122,-46.840527,-15.816513,-75.30826
-17.518032,13.463984,-60.460766,-49.35602,8.510525,20.832424,49.687996,35.092293,69.18978,-92.64319
-23.617079,21.5592,-37.02148,-9.763555,-2.9578617,65.35213,60.934902,-10.61076,35.711315,-47.01785
26.052025,-18.746084,56.99019,-9.066638,6.6349,-31.904167,-24.21723,39.386425,8.646032,-69.230736
-38.347893,6.2222824,-29.784164,-48.489925,-22.401756,35.969643,11.651637,-46.33322,-29.13353,2.3401017
-28.148472,-33.999832,3.4264607,5.2112684,15.217331,-55.355034,34.487534,-53.900497,-37.907104,-44.24366
9.863883,9.396958,37.64306,15.927861,9.352564,-81.043976,-16.489386,-13.846556,13.404711,-58.742706
19.673033,55.728203,14.755088,-31.671026,-6.4518294,-32.585186,-32.42648,9.363463,-5.786592,-50.8985
-30.954245,-39.939716,-28.58095,-53.11573,-29.341839,-15.673277,10.15903,-14.821773,-17.554943,15.532583
-46.597404,19.368757,-23.962484,-15.247651,1.4255667,14.652833,13.682706,-30.242277,-12.018942,-22.80111
16.90833,-23.231544,25.361202,-12.189058,45.461636,-1.0431566,18.950975,0.93437487,76.900986,27.426538
-9.874549,-49.61873,-23.548174,-44.698452,-36.490177,-35.70838,-14.08833,12.171774,-27.731691,65.386734
-0.7229434,-6.963419,-25.792778,-61.780064,1.8911186,-38.474792,8.068775,-17.424301,-45.22859,42.75052
-37.45391,-48.28631,0.17955184,-12.656706,4.5965557,-80.838905,9.987156,-6.418703,-15.235135,7.860378
-19.621954,-36.325886,22.536829,-6.3273864,3.6016986,-60.63085,39.851036,36.063354,-44.8079,24.06598
3.3376136,-33.740864,0.034082472,-19.67032,14.92908,17.579714,20.814556,-10.810006,66.33633,-46.70048
-3.0652883,-71.50473,-3.1251059,-37.448,19.79716,-26.277258,54.790363,15.977675,14.439775,15.029579
11.260168,-72.966675,-16.230871,-25.199799,10.074655,-11.065435,42.131966,-3.4963613,82.50007,14.645348
-4.623018,-55.20547,-1.4050853,-25.5131,69.16834,1.4708586,30.179077,-31.112799,70.637,4.887529
43.207016,19.572313,-18.42588,-26.0035,6.9657555,-24.321999,-56.894703,21.032413,-25.663475,-54.227047
-11.853332,-54.333008,-20.725857,-17.695965,26.449533,1.3375375,57.454063,-23.951372,65.77398,29.470251
-2.3656197,-30.859072,-31.105436,-62.95117,-47.230766,-5.4219155,23.7223,-23.079796,-10.892628,20.163654
-9.078816,21.480303,47.821285,18.234827,-21.364376,-75.91871,-22.350468,-2.858866,5.344472,-52.254066
9.464245,-68.80561,6.431509,-36.506348,38.56956,19.480341,33.893692,-0.86308813,68.96226,52.19075
-59.103138,9.5816345,-41.53533,-28.369436,-4.2931185,56.878773,17.164505,-22.718437,68.6193,-34.928474
-17.693216,-62.11486,12.379902,-30.987177,59.11057,4.5309467,49.351315,-36.055767,42.782974,17.049704
-1.8483275,-38.57479,-4.046352,-30.784721,29.967653,-22.563704,40.228695,-40.74069,95.41064,13.700724
-44.160927,-36.57969,8.1344595,10.103495,-30.954132,-37.170498,52.20819,-16.536858,-55.445206,-9.32582
11.551789,-51.93401,-53.878887,-54.158333,10.7362,-5.7038207,45.755154,-37.919186,18.58699,34.998795
-13.0636425,-47.743565,-29.07412,12.026794,5.4521475,-53.909485,50.795406,-7.229634,-27.29742,-32.86733
6.278943,-70.515816,6.186562,-20.913723,55.35083,-6.578511,35.788914,-3.071122,61.350746,5.8093357
-6.696726,-48.78654,-10.514525,-19.767475,14.11214,-70.84463,56.499218,-9.195115,-40.244892,-36.314644
2.5270212,-48.215336,-52.805946,-25.736214,-21.910082,14.086129,4.3978977,-3.3891006,28.379288,19.18036
7.1596055,30.043472,17.350903,-0.84234893,-8.203968,-44.601036,-41.7277,-19.521706,-21.500917,-78.95207
-50.042606,-65.00021,-4.355727,-45.797554,-11.06854,-47.203163,-41.823067,7.5734925,-6.959086,12.508125
-37.263626,-76.35845,20.984995,-39.527462,66.19791,-8.991381,35.781425,-30.205587,37.53438,-5.8827252
28.858658,31.795668,23.491987,-4.175028,33.852467,-61.656574,-20.334394,26.981052,-34.2582,-65.91396
25.768723,35.203926,1.9589415,1.870933,37.11472,-58.59008,-39.43095,38.514072,-45.38091,-87.60788
-14.557732,23.188204,-15.602028,-27.969233,5.9312363,28.245392,47.54965,11.472099,-29.024885,-69.910446
-8.766452,3.5482113,-26.553215,-0.43346027,6.5635157,13.31091,56.22955,-21.667534,-11.121129,-59.816994
2.1831713,-71.12443,13.408973,-35.76231,43.09394,7.2425814,32.652294,-17.036173,63.38419,44.147686
-37.561886,31.245632,-52.524048,-49.152786,-6.991519,51.16534,48.650166,-15.928228,50.855797,-31.839903
17.643442,-27.341894,75.09253,4.78821,-6.230731,-33.371864,-6.980199,25.348335,6.751902,-75.2149
-41.75766,-48.950935,-20.353544,-59.179924,-33.246883,-11.310778,-48.066288,19.70853,-9.246558,15.449888
22.205357,11.054379,23.378359,39.033363,-4.11904,-57.366203,-49.162075,-0.17118154,5.095821,-35.352135
34.02498,0.1849024,-13.301216,-29.439142,-36.0608,-51.487785,-67.091644,44.65441,-8.160281,-49.267666
-10.056813,-47.398052,-4.968286,-16.65015,21.295088,-53.58521,38.016296,-8.652067,-35.311344,-34.240814
0.5401712,3.9691603,-55.169083,-28.024597,30.21689,79.62863,36.038727,2.6897411,10.591303,-59.995007
16.899437,57.130833,26.75765,-9.772355,3.0554028,-45.3667,-32.26268,-35.40206,4.8816924,-58.832615
-16.978073,17.33448,5.0544586,-23.569164,-39.798016,30.067797,38.938828,12.57001,36.54404,-59.29434
-23.410889,-22.85221,3.5139694,6.626028,9.677215,-60.86633,57.781487,-8.381069,-61.47494,-1.0640029
-17.295475,45.93512,-38.738228,-11.517734,-5.2488375,37.215572,17.549948,-10.846952,73.32173,-35.127243
-55.023483,20.817802,-19.27625,-49.27164,14.511581,42.479424,39.728714,-16.151045,31.18812,-49.423298
-32.057552,-28.462147,-59.507744,-30.835636,-16.885105,-5.9490457,38.55154,-13.600333,25.106264,-27.94848
-30.424044,-7.061236,2.271806,6.6631594,7.077917,28.922617,15.184434,7.669041,47.717144,-53.712376
18.904835,1.3429134,27.858566,-5.1163754,27.997747,-43.773582,15.918494,42.8956,11.6012945,-18.281183
-20.918377,-70.0159,-23.075895,-10.779454,64.74655,-2.2424586,30.608355,-33.648056,89.94209,5.030936
-41.67061,14.458944,-31.928991,-19.889597,45.3956,46.770706,37.564163,25.941162,42.174236,-37.023205
-67.51121,-62.92995,19.008764,10.30555,-37.452545,-51.005295,52.41142,-7.709693,-36.160133,2.3583798
-24.079622,-38.953167,-46.658573,-12.894504,7.1649675,-26.907358,-2.7430449,-40.386505,-40.06167,18.441166
-23.067694,-2.6596599,-44.795418,-27.686935,30.397335,26.535435,27.391563,-4.0383854,53.33433,-23.34945
-40.770115,-59.8641,-30.92281,-15.009121,-56.872078,-7.3201823,10.618473,29.07135,-33.931717,51.852917
21.505453,3.7240994,24.718525,27.45435,39.411167,-32.497894,-34.17758,27.58588,-10.750647,-69.13959
-4.3140397,-3.426252,29.899052,-5.8271194,10.644697,-34.396164,-29.181486,-22.649618,-20.990028,-49.24432
11.835988,-7.340216,-11.640087,14.34496,-2.957754,-67.565895,48.23758,-25.236418,-60.44667,-19.017126
48.55459,18.643764,8.830608,-12.645013,0.96444213,-47.57285,-41.47925,-20.454266,-1.8728615,-67.10725
8.305904,-3.0886621,-41.160168,-57.20934,-9.938347,58.691494,23.744053,-15.029084,-50.089016,36.16587
8.404005,20.672323,41.541164,13.71483,19.00115,-66.29404,-13.944377,34.090694,-19.263313,-77.113434
-5.2277703,-67.517426,11.369464,-23.030294,52.09517,-14.096294,34.306377,-30.326035,73.79813,-1.7343332
-28.834047,22.48921,-3.9746256,-0.4760251,63.454647,-95.50758,28.961864,0.36579996,-43.384945,56.713707
-28.181591,30.170229,-13.617203,-3.1533284,-9.72131,-44.88579,29.556341,-1.3224237,-9.620667,-46.519245
1.9666984,-23.345535,-34.992584,-38.702106,3.8363564,13.272824,27.161325,34.329617,-32.06063,23.907297
-27.468737,-57.210182,-3.8843842,-15.0234375,-13.378155,-60.265182,67.29123,-2.5232162,-21.078703,-32.997124
-16.494772,-11.67128,-0.20733269,8.730412,9.536172,-52.652496,28.682444,-25.612484,-25.232407,-19.34854
-4.0472345,-22.387888,14.133507,11.048294,60.920586,-43.59992,38.126537,-58.360733,-41.830524,-21.426155
-67.36837,36.19433,-40.947086,-26.741076,0.600302,64.89369,34.5297,-9.301856,49.104458,-17.678425
-2.4339235,-5.157428,-6.876726,-9.539216,4.637081,-50.41378,2.3982608,-20.95955,16.470287,-57.415802
-50.64444,-11.890018,-14.356009,-78.94425,-13.812285,14.64042,-26.605427,4.4873705,-54.65185,8.41572
-34.105675,-19.968845,-37.82184,-28.9074,-1.2874712,60.028717,38.172737,-3.754662,9.593849,-16.802792
-23.7073,-34.52759,-14.663827,34.963455,1.1017339,-27.066488,38.435574,-30.394674,-11.229588,-37.451363
-40.451054,43.035515,-35.220078,-32.400623,1.5873291,-9.768849,7.0393095,39.075256,5.688191,-51.82965
-39.053688,-27.692413,-2.8006053,-3.3634634,-13.154452,-36.66172,74.76101,-21.957531,-17.12756,-24.624422
-21.377552,-27.71752,-18.478445,-41.052135,38.130436,14.800712,48.135265,-30.06207,45.784573,-18.30835
-12.398893,9.403332,-44.98443,-10.109578,3.494182,68.403366,45.597,4.113258,34.81016,-62.09095
-44.704315,10.2456455,-11.802071,-57.9148,13.7758255,28.353249,26.6079,-14.234852,46.344166,-20.85366
-28.012047,41.1577,-40.36256,-51.04688,9.872652,74.6766,44.71856,3.3943062,17.911684,-58.371468
-25.843925,-37.16151,-12.734849,-45.964516,-3.8654087,-30.802013,37.948944,-44.66247,-5.009691,5.8637295
-19.728533,9.716641,29.04953,19.581982,-7.4369583,-62.680923,-18.89364,13.669632,2.9302628,-78.06726
-38.60643,-21.108929,-45.683037,-51.978783,-37.323326,-34.856205,-46.6391,26.698235,-36.22909,-6.328873
-51.1566,9.9640465,59.96047,15.49252,62.624714,-23.824707,70.102745,-45.259476,-25.337082,-11.309234
-46.79575,-3.9370246,-18.367296,-27.404932,12.542738,17.221735,33.438477,15.829412,59.57465,-69.25155
-40.373028,9.603719,-50.504272,-20.050274,-0.70029217,-62.915436,-42.87658,12.467715,-4.5426817,10.227343
-16.656944,-40.68259,0.29474503,2.2936883,3.2132754,-15.63226,54.65865,-34.028564,-33.50593,-60.663235
-14.591741,22.898922,-40.190838,-34.918453,7.944298,33.776306,25.910196,12.098222,0.11429292,-21.937746
-11.931928,-7.1869698,23.491434,-3.634918,7.4351864,-17.784826,10.603141,-7.622851,17.02815,-40.6723
-18.12042,-4.7775135,56.127907,-25.474527,3.6111484,-26.962088,-3.7982125,-37.61932,-23.116678,-36.95082
-14.635745,-7.646327,-37.603672,-55.40052,-17.824856,11.142157,-5.739841,7.910261,-33.050415,32.32297
-25.948397,-68.79083,-28.40418,-44.765198,52.086216,-11.308705,52.170918,-53.576794,83.46919,5.8302426
-16.884933,-70.58899,5.752708,-26.609436,52.230793,-6.205689,54.174812,-1.4768795,36.746117,8.650934
-31.214056,-11.173214,-24.632578,-21.89213,23.212324,7.819539,55.491894,-6.355041,44.883602,-24.372025
-6.8013873,-31.217937,-44.880917,-25.309284,5.9028177,6.2281923,13.215592,-6.7380733,5.230719,6.8684945
-32.441807,-18.710339,1.0677683,-0.5945956,43.831924,-69.85711,37.498024,-23.537104,-47.760483,-18.958242
20.587643,0.34254572,1.4659009,-7.5151057,2.5973186,-34.595764,-5.8160377,2.853582,20.541796,-57.343403
-14.166322,-34.342926,-9.677324,38.994553,16.500027,-32.970684,52.466305,-22.455582,-27.951204,-45.399246
-50.895718,-33.98598,35.8208,21.222612,6.4573793,-32.13091,61.521267,-26.650501,-2.786701,-9.771176
29.734234,4.407842,-39.764565,-63.00709,-19.595974,11.656276,13.833302,-10.084031,-80.689224,69.29506
40.256424,7.068756,-5.825672,-7.2584004,-30.068151,-52.09676,-20.110235,1.895255,-30.57172,-31.439512
-34.902985,-68.57347,-9.260558,-26.39916,15.090044,-32.425232,53.17732,-25.335033,19.35413,21.2014
-52.06445,-79.08464,7.89321,-35.06691,58.880413,-30.558262,46.60683,-25.422222,48.87772,3.7991166
-30.991426,-35.877605,45.90364,-18.974941,13.1628,-55.468357,52.582962,-9.376021,-59.500107,19.304659
-3.5189686,-56.79734,-3.0427854,-43.61378,44.35745,1.2465644,34.463318,-28.630867,61.083687,21.374104
-37.42164,-37.814095,-49.865738,-58.48532,-6.499978,-16.208464,-31.276339,-9.09711,-1.4305645,18.43529
-25.676754,-27.0065,9.222432,-39.010536,11.509602,-72.96511,29.574545,-24.518005,-69.76061,-2.785847
-65.35381,22.513157,-66.17789,-35.51865,5.539774,63.947872,26.451237,16.34188,37.96339,-42.04003
-36.54388,-36.113285,-48.420586,-20.839266,-8.602068,5.3760595,-0.98498476,3.5845137,-43.38971,14.78944
-59.27887,-45.114697,-33.869583,-20.088064,-10.531212,39.275475,33.286747,11.205855,-31.680145,29.180502
-42.804024,-18.296282,12.041712,3.2644985,23.8089,-14.697865,55.671932,-46.125557,-56.86064,-0.45604333
-51.810566,-30.90869,-62.89997,-36.336796,0.53670084,-31.26338,-41.263367,10.200527,-24.857801,25.697222
-20.045864,-23.495516,13.461052,-4.7126217,27.551676,-74.84895,56.142765,-36.987988,-4.27178,-17.216244
-19.223223,-6.123371,-27.032158,-22.63687,13.142635,24.845146,42.50779,14.352096,2.1139736,-61.38831
19.217798,-14.093786,-57.977695,-33.046326,25.503822,0.43186307,17.403654,-18.66828,-56.92565,71.78926
44.53907,-4.3757105,33.160892,0.79972124,51.957077,-11.76047,11.55143,19.554865,35.553646,-19.246592
-22.003414,21.890972,-37.34294,-37.779995,0.26658368,24.725126,46.294292,2.07171,65.707214,-53.78014
25.768827,41.396355,14.194272,-6.1436124,-14.548931,-47.41214,-35.83063,17.277504,-30.410904,-53.737747
-29.832567,7.2017794,-61.932346,-85.16164,-39.344036,-6.8310194,1.6007289,29.080494,-28.043512,14.81669
29.975283,-49.056557,-9.570382,-2.2496922,49.77372,16.415762,55.04978,-38.07924,68.08563,23.723341
10.717865,-25.189758,-52.262062,-28.150888,-7.198267,-8.094718,11.637464,-8.684371,-24.333488,61.45008
-25.768702,-46.59802,30.027802,14.285641,-8.470483,-24.32108,6.1637383,-26.716839,-54.16135,-44.094765
-22.504768,-16.664661,-13.947695,-45.99029,33.174835,45.274494,23.163,-21.137465,57.978596,-29.785923
10.908619,9.385252,11.191879,5.528201,-37.80952,-41.98809,-53.358505,29.905071,2.0482438,-22.571346
21.832478,13.985578,41.271805,11.458318,28.946207,-12.420473,-47.20251,4.224881,-32.285206,-88.92055
0.80075055,4.314448,-14.726508,19.377226,-11.007093,-42.557247,19.25184,-31.741844,-7.0908213,-45.38412
-30.0964,-21.526924,-2.45193,-12.582092,30.190344,-51.30338,14.312391,-37.87184,-42.21901,4.839174
-7.440495,-43.208202,-52.322014,-72.87207,6.9250336,-7.6904435,-4.216761,-6.794332,-46.92951,-13.486972
-25.996845,-17.936823,-36.365196,-18.486877,20.496408,34.18536,38.321346,26.763393,11.416552,-45.164158
-25.647078,-38.99714,-12.324631,-11.173084,-4.9723253,-19.922949,51.58549,-58.223145,-27.88991,-9.915544
-1.9331957,-7.4110446,8.662797,-18.924206,-45.03768,-51.302307,22.7256,5.5035195,-28.507933,-21.78444
-66.893745,-68.47315,-7.3830423,-45.39583,71.03993,-8.346272,28.690332,-16.242525,39.35731,-22.171043
15.071355,6.691723,-10.902336,8.065853,-20.256092,-64.656075,1.4549148,-13.471744,-33.639526,-23.879337
-28.186373,-23.447918,-27.123066,-44.801754,27.611078,37.582428,27.369457,-12.081218,53.63983,-52.231655
28.404877,30.123045,37.898262,-4.766107,20.656485,-8.746904,-29.61858,-7.3950377,-31.424229,-91.03705
-50.435642,-57.638035,-31.938574,-68.25915,-11.413561,-2.899606,-25.36072,5.895094,-5.406261,32.231937
23.247517,35.433983,14.569952,-3.9318254,-20.930147,-50.211018,-41.08657,-24.141987,-12.189597,-63.904755
-15.504355,20.038967,-57.574615,-47.9083,13.426308,47.79978,5.28685,36.60676,60.734184,-56.342346
13.550441,26.555054,-36.926678,-23.93289,0.4581883,-69.151245,-43.1447,21.024912,10.559849,-75.53191
-39.664284,-29.0857,33.12826,-4.7953877,30.872166,-55.3011,41.976208,-30.895147,-58.79022,5.977406
-0.7279657,43.971775,10.729396,5.4683447,-2.9208102,-8.073073,-12.511805,-4.7377934,12.260511,-69.059105
-42.356,-50.390793,30.72688,3.8330042,38.679325,-35.581665,43.2074,-53.411407,-36.506462,-36.042812
13.826124,8.096087,1.3597071,6.862953,-24.512907,-33.13889,-52.451534,40.57605,-6.420584,-20.31153
-9.378945,49.294735,5.6521583,-4.461297,-1.597657,-31.492952,-20.017998,23.980055,-37.580772,-58.940933
-33.02538,-13.480332,-36.599136,-32.70287,12.08668,12.812728,29.241285,5.72915,30.037966,-34.999573
-64.574554,-24.020374,-5.2344937,21.709396,-6.3304076,-34.106354,54.054287,-36.16813,-23.139963,-46.859657
-33.377182,32.489037,-57.2162,-62.227222,-18.925135,21.981756,12.832158,0.31433612,-7.4149327,-12.985863
43.55255,7.6020393,-8.00208,-24.147701,4.4540977,-46.71111,-36.719063,11.449055,-4.7269907,-69.79512
-24.52207,-32.392864,10.677285,1.9772422,31.502731,-57.245007,24.733091,-44.432365,-27.578482,-14.795999
-38.310043,-42.38685,-13.81565,-1.4893011,0.15412578,-84.18603,-6.1562395,22.883617,-34.35154,22.444237
-4.4449043,-19.326473,-5.5922375,17.464933,-1.7126964,-55.677864,55.329956,-1.4144318,-64.49482,2.8688922
-44.178223,-8.643798,3.7064219,-11.398846,36.95182,-61.958942,40.99958,-34.386993,16.25559,-11.245899
-13.667463,23.95372,-6.4447103,-45.56396,-48.926502,-26.652187,-35.39889,18.321886,-21.647295,-20.750162
-27.118332,-58.369724,-12.952392,-24.924353,48.249573,-14.839324,49.677208,-20.158981,61.767147,18.451485
-39.09514,-18.309109,-76.75293,-29.412056,-16.945992,17.52732,-9.774728,-14.483354,-58.31228,32.5505
-22.946148,-40.661854,-5.424284,4.042981,21.720821,-55.30868,5.5073347,-41.952267,-32.833324,-16.211468
-54.059917,-33.806156,-18.555435,-48.56857,-6.1974306,43.678734,26.549135,23.156279,-24.667076,31.588495
-48.22195,-11.673509,52.06519,24.849453,59.713356,-50.27916,31.289288,-49.285614,-1.4771442,20.201572
72.630005,21.023903,-2.1380095,-28.145185,2.6963723,-28.595953,-45.036034,-15.875348,-8.340114,-54.73288
-28.008184,35.073025,-55.03435,-30.896193,-4.631272,54.31348,43.355164,-14.723344,55.59491,-46.693714
-14.682652,-40.254375,11.007641,-3.195737,-31.096321,-62.459393,55.115223,-33.472836,-37.733356,-8.791345
-31.113266,-6.181992,-37.343597,-19.026707,8.153797,75.51459,32.700832,-0.18469058,35.454052,-57.794437
-22.959679,-39.8046,-4.3259845,-15.351657,9.554076,-49.523415,52.87634,-52.12601,2.932493,-30.050058
28.126982,-4.367201,19.291372,19.382013,36.01493,-54.67882,-19.476608,34.286747,3.7673209,-76.42362
-26.919977,3.282726,-54.41771,-43.614628,14.864684,-39.802425,-19.82966,1.439552,-78.21978,28.741402
-45.630104,8.890576,-36.356514,-28.231709,23.261719,24.36552,39.648376,-11.438338,39.50877,-50.242496
-49.082207,-11.073458,0.32519966,-80.173416,-26.563232,9.678877,2.0745955,16.693745,-30.177916,35.53659
13.927036,-46.79507,-10.365294,-6.9708343,20.826586,-8.567332,52.203743,-30.203331,87.92232,34.556786
4.4998326,-45.745716,-61.425587,-38.96985,-16.607254,40.381664,-2.9559464,-37.847683,-40.51807,52.658104
6.955617,10.162505,-5.3481126,-8.73411,-27.78786,-39.939293,-44.666138,13.98443,-16.8621,-102.02306
10.281916,-4.701618,-97.20136,-61.91947,8.108584,4.4400816,29.1662,-28.808575,-42.415943,-11.88496
-43.263813,35.66152,-36.005657,-26.148594,-4.8009515,31.178036,19.19077,29.679338,5.0894246,-27.44397
47.585754,19.016527,18.158386,2.9316075,43.08505,-34.525776,0.048859477,26.057,16.818434,-44.310795
-29.428709,-49.242374,-38.078205,-47.42736,-27.702652,32.490963,-26.249712,-16.176155,-15.9361725,37.760796
39.051643,19.9601,41.176594,-11.383655,34.550167,-10.181467,-9.183161,6.141107,-26.262709,-96.44245
10.284252,27.887484,43.462643,-17.973831,-8.663395,-46.233593,-33.457138,-7.8509984,4.1220527,-48.46391
-45.485237,-42.832745,-1.6537328,-5.048208,-15.588178,-61.01032,44.98359,-38.149666,-45.07055,-28.009598
-3.032022,1.7319515,-30.901617,-31.737177,4.5644665,58.99482,36.604122,12.388472,3.5487375,-67.36029
-31.984241,-38.43336,27.35418,-16.504011,3.0078502,-86.275185,30.628357,-25.2091,-30.794514,13.154184
-4.5203834,-70.34433,0.42081803,-45.75935,53.77981,3.7411306,43.024197,-9.323093,60.57926,42.71427
0.7889981,-66.599655,-21.61698,-22.949467,-19.487556,-71.30445,65.794174,-7.1022716,-36.725796,-53.185093
-21.741041,34.27311,17.729574,-41.4903,11.066095,-8.632511,24.66727,12.910173,1.0273821,-78.66155
8.586458,-86.34319,-39.023327,-41.36923,-4.778901,-82.35555,0.8834442,1.753882,6.270661,-5.0965233
-13.317585,-20.191113,-13.716373,-46.39971,3.9011395,-29.21599,9.754228,-3.0488212,-45.89632,52.074352
-21.124466,23.217587,-48.82457,-28.808552,22.583534,38.410778,47.863297,-1.6023948,55.38786,-45.11082
21.474188,-53.32113,-7.597596,-73.57687,22.968983,-9.451223,10.12959,-39.59183,68.31393,7.76876
-7.390452,-42.14643,-12.029817,-19.527008,23.215591,-100.2768,52.96752,-13.089515,-36.2001,-27.645441
15.394725,37.263767,7.311178,-6.368419,-14.286057,-39.88842,-41.588383,-15.782367,-34.91365,-40.056793
-43.142548,-20.012686,-33.46577,-14.342922,38.83126,42.007477,49.34701,-3.9893324,49.55824,-46.09261
-12.706396,-49.515255,3.5472617,-6.885773,13.192373,-70.15048,53.51642,-39.58692,-10.110792,-25.815557
-14.523511,31.006927,-34.02827,-18.977123,4.0722284,57.852173,43.35319,8.881416,51.547436,-51.04205
-1.6926954,-15.109253,-11.889805,24.618404,0.95853734,-64.487495,47.143974,-10.861205,-65.625435,-2.5710523
-4.0903916,31.059666,8.23192,-36.279808,-38.247112,51.287563,12.608894,-39.32195,38.93315,-26.690899
-7.9358253,-20.544664,-43.987198,-28.092712,27.775396,-17.102818,39.511242,-25.669395,32.549755,12.145193
13.434207,44.526638,13.161252,-23.25648,-25.51881,-43.82201,-36.58105,-44.923386,-30.783367,-99.18251
-15.205392,4.3917036,-11.890223,-20.790977,10.255793,38.41752,32.45566,5.025028,72.99672,-61.67836
-31.46558,-17.167288,10.315884,1.644779,33.854317,-38.900364,50.16518,-72.946724,-13.555329,-39.187065
-38.350452,-12.356802,-70.94303,-9.064905,12.983922,-48.58853,16.242907,27.894712,52.532257,-4.72061
-0.8656586,6.496456,37.409416,-22.24515,26.154034,-53.65246,-45.82568,44.357815,7.559124,-76.08523
54.941933,6.3600435,28.060484,-37.42933,18.747038,-21.957026,-24.479334,12.540234,-19.90278,-81.90724
-33.228344,-52.8803,1.0730383,-8.69023,16.794619,25.862892,51.070114,-3.5748882,83.49443,-29.852251
-46.553856,-41.12251,-88.234146,-36.262497,5.1218433,-9.238659,-41.5313,-10.100119,-61.40249,-13.180186
-43.082787,13.571353,-45.495632,-27.902697,24.929764,29.20446,49.722294,8.324169,42.208607,-42.438923
-13.261717,-37.859844,11.411196,-11.070797,12.523628,-63.77239,48.847622,-55.80268,-6.562694,-30.937653
-51.803753,-53.908432,-23.623737,-11.159691,-57.549385,14.55211,23.503456,30.800156,-55.727512,64.461
-6.129058,55.298588,11.981848,-42.556377,4.188923,16.788027,11.050752,8.816695,-10.734207,-51.971237
-22.035048,-3.8666902,-65.2407,-37.429104,-2.8738444,26.587925,1.6290286,-21.04991,-40.13789,9.511299
-35.152954,-85.065094,-5.08722,-71.297646,34.682198,-9.932561,51.46964,-72.598015,43.343708,2.6941905
-19.790178,-63.32384,-35.364944,-7.0128226,-18.330381,-32.554737,15.386883,-27.603376,58.073456,-32.420967
-45.899994,52.997562,-34.6706,-37.20928,-16.671066,55.844303,34.770767,14.557724,64.81884,-17.519836
-22.159985,29.546392,-33.23746,-34.197628,10.145916,33.358418,54.939915,-1.5721279,-6.494469,-71.159805
8.353924,-23.608912,31.46394,-28.763205,12.351197,-99.12882,51.43291,-17.927696,-18.251463,-6.169591
-16.047806,50.74046,-38.082966,-55.601864,8.441728,87.624115,33.29218,30.305285,4.3829384,-56.210155
-31.39434,15.604631,-2.790587,-36.33207,0.924484,-17.990692,22.040289,28.525677,0.6762555,-69.995705
18.37451,-26.105787,-52.653877,-73.28566,-19.285982,40.11351,77.47469,-26.308979,-57.36686,52.62379
-7.8830204,-13.6717,-33.72139,-66.7132,-51.67327,15.003978,35.62954,1.084591,-17.674992,47.88153
-24.588758,-74.34416,-7.074582,-22.460129,14.730214,-1.3664805,52.713608,-42.73668,93.78274,31.452932
9.470523,37.796154,1.9334064,-30.929087,-29.82093,-40.779324,-48.19808,-1.1930584,-28.52006,-72.624596
-20.101625,6.114998,-45.6676,-61.165474,5.1400194,34.336124,9.612162,10.9075165,-43.14939,13.561659
-4.1419764,-35.2557,-24.459145,-32.366253,-13.547851,44.497665,-9.663659,-22.378496,-29.017727,31.604239
-58.163857,-5.682658,-22.385294,-13.987728,-6.9771295,11.882138,71.46214,-38.983776,8.877727,-10.508284
-19.628462,5.9656115,-42.77701,-32.723824,6.373313,41.09482,41.485985,-21.183905,4.495201,-57.096474
-15.141872,-61.981544,-34.833214,-16.007198,-3.8884926,12.166367,35.59937,-19.26927,28.405924,49.80204
-23.584286,-63.05788,-63.00136,-26.19593,-6.132781,-17.184185,-14.432963,-38.05443,32.56593,-6.517293
-11.232894,-28.965244,-44.009163,-26.914986,0.20441437,7.1604996,16.374647,1.7595484,-20.427574,39.67196
-27.732714,-2.9235637,-14.222887,-11.102751,-14.675384,49.55914,10.670677,-14.437968,74.459305,-38.16724
-45.331165,30.744026,-32.931004,-50.363075,10.252512,49.377552,30.534296,-11.398695,42.01621,-43.54798
14.141044,18.481306,15.382863,-16.564516,32.56876,-64.13638,-28.59733,62.13049,-33.76204,-98.58932
-10.453141,-1.4255689,-10.684992,-1.9949003,5.8768063,40.995434,50.506584,19.062742,29.929533,-54.663494
11.641564,-65.05418,3.283782,-19.931879,39.284985,1.4759352,62.907154,-43.49852,64.22048,14.552717
-9.342351,-41.194374,-14.625581,-36.231346,46.022793,26.498098,39.56394,-38.731846,66.733246,-18.757338
20.703365,19.32173,-44.637268,-89.73896,-11.358554,27.863985,77.433975,-15.472415,-73.25742,39.61399
-41.000126,-14.91469,-13.892974,-47.402767,-18.648844,25.230139,8.910404,-33.88991,-54.33393,14.246214
12.333073,10.218647,10.016171,-1.1058047,-13.397253,-48.552917,-37.47992,18.108955,-26.675285,-84.587326
19.318956,34.404762,20.700884,11.135922,-7.979128,-34.056595,-28.896349,11.713736,-17.666168,-72.291855
13.039517,15.094669,36.057537,-24.260302,3.4556444,-46.3398,-20.128355,55.201874,-17.203798,-79.510376
29.328608,-28.17492,-54.790226,-28.70697,0.73118544,17.138319,18.392914,-22.57674,11.730196,50.328568
-30.450274,2.9528034,4.522137,-2.8949494,5.4403315,13.240452,33.86968,18.394745,44.878567,-57.962135
-44.230503,38.83137,-46.416294,-32.63118,5.609318,53.782833,38.422867,-13.928156,26.722467,-24.2852
-35.62397,-24.005014,-6.2857113,-31.52596,-38.39168,-9.975919,35.919926,-12.218564,-41.064243,28.170218
-55.87976,-9.670476,-23.335705,-23.45743,9.294351,24.661543,48.868275,9.3438225,51.619343,-61.511658
40.22174,37.40436,44.56377,-17.004143,23.731457,-8.552662,-3.623917,5.619381,-32.076973,-85.94983
-31.194601,8.961333,-33.0998,-71.59683,-51.212708,20.78857,21.13863,14.315648,-22.783285,42.209045
15.343501,-33.94026,-36.911922,-9.152339,-12.011367,-16.767452,-22.7325,-30.122107,-8.115207,34.269363
-5.9284043,-73.91629,-0.048631538,-33.284622,18.39921,-14.320248,63.611702,3.1700504,26.786753,29.916164
22.012043,2.367594,9.441783,16.6763,-6.4934354,-56.87017,-60.54297,-44.496532,-30.651443,-76.22013
34.909187,5.273395,-3.6762378,-14.021188,21.174822,-15.287864,-52.699,38.230778,-28.646004,-70.445244
-9.34161,-32.343246,-15.133838,-54.62729,-34.014744,1.9013329,24.085567,-4.4986625,-71.803444,60.735107
-19.574348,43.01385,-8.152951,4.0641212,-8.093158,-13.295675,-1.0222356,43.588852,-32.771286,-44.662586
20.750273,35.012466,5.995396,-2.3473344,-1.1393204,-20.70672,-49.963444,11.061551,-10.026291,-34.25188
65.22226,10.067105,1.7940955,-7.624693,-7.587888,-25.56626,-48.788635,2.2402468,-20.847153,-33.023285
-20.039497,-57.32064,-29.759945,-15.323305,-27.032015,-52.999664,-18.1649,-17.53246,-35.838726,11.736513
-32.56816,-30.846626,2.8117957,-13.862768,33.314396,-55.64948,55.31951,-16.307304,-25.558178,-17.903046
27.554708,2.7209733,-79.85775,-97.21251,-11.7660885,-8.683125,11.869598,-34.3209,-23.408945,5.924893
-46.477425,-68.03967,-13.848715,-36.919403,-0.86252695,-62.33433,-19.349852,5.7113204,3.9933665,4.986273
-6.550775,-54.457775,3.4386058,-53.500565,43.6803,-14.765612,18.352093,-55.956524,69.08642,-8.060768
-0.053415805,-33.67539,9.252961,-3.2362874,48.109524,-47.433884,52.032066,-43.711727,-50.211124,-20.83978
-26.819868,29.513384,-41.70929,-59.48272,1.9640477,54.796043,53.62259,5.649177,37.66851,-34.757534
-25.273405,-48.64464,-50.71316,-41.137695,-29.089891,8.378686,44.12761,-2.4314616,-30.952436,8.694258
-17.975445,-44.35272,-30.968838,-22.82263,36.75647,21.678736,47.843094,-9.809169,36.170063,39.967827
-39.01114,-32.351677,-29.240156,-27.519348,-10.122224,27.10475,50.47477,-44.03067,21.721096,-7.445386
-8.247436,19.579794,-34.367546,-33.18957,-2.0736167,51.954514,55.254578,-13.469928,10.553409,-60.503838
-16.727339,12.336834,2.6253276,33.353943,15.6442375,-43.220352,13.348012,-14.625769,-39.347878,-27.999174
-21.936699,55.41902,-29.347712,-61.21974,-23.134827,63.22082,14.153586,12.6102495,52.47083,-34.98087
60.73317,25.650492,-7.6398573,-26.432873,-0.56372935,-11.860014,-61.053917,-0.6022996,-29.931026,-41.469604
-25.6752,-25.009647,11.630565,22.421858,25.58966,-17.520542,44.60537,-59.053402,-14.596376,-40.53877
63.498917,18.929968,-13.96003,-31.374653,-16.313118,-27.85201,-45.707882,8.553947,-23.695969,-42.354465
-33.242313,-27.901676,6.4583607,0.96858764,-10.832576,-50.682487,94.98515,0.3655966,-32.788498,-24.247078
16.357546,30.272722,-53.56952,-99.10967,-35.931736,39.837925,30.93144,3.8712811,-47.064438,43.516823
-38.698616,-50.317833,-6.048431,-10.089666,5.872987,-74.49057,25.301287,5.4044704,-26.59522,-23.010143
-0.20335959,-49.275345,16.372976,-12.706336,2.948881,-67.41664,62.954315,-42.9718,-32.057407,-38.59449
-1.1589018,-21.924639,-46.057785,-14.139027,1.6305826,-28.583889,18.343742,-0.1355881,-31.38468,66.713196
1.6193767,-15.587234,-45.61195,-60.128353,-24.062504,19.115847,21.043308,10.72733,-58.276165,14.738361
1.1108196,34.220726,45.56503,-3.5914524,10.790376,-66.92168,-52.083633,-11.992207,-0.15481348,-63.787964
0.72440803,14.011458,34.333435,12.313606,-10.433546,-68.08409,-43.827854,6.563043,3.0724354,-28.592667
-48.019283,-23.896877,-24.76853,-5.429998,17.422817,29.351315,63.388367,-30.83357,23.01071,-29.241014
0.19476742,1.6117829,45.365215,21.267195,-4.5304074,0.59467566,3.6908765,-38.64814,0.99975425,-42.77855
5.736998,-53.62899,0.3016767,-27.683456,41.84168,24.42027,15.812031,-51.101612,74.311386,-5.402907
39.87097,-20.515047,15.688755,5.389327,17.850819,-36.61271,-39.731163,14.706457,2.513476,-57.18972
-20.767063,17.361868,-55.92431,-20.258465,19.98661,49.525208,32.15454,-21.806833,21.764843,-32.775806
7.253625,8.299042,16.165596,16.292408,-1.6496699,-41.62116,-42.490993,-7.3670464,-5.1209207,-70.99536
7.6546264,6.8782644,-49.634487,-85.16755,-13.128842,13.056707,19.415012,-13.442075,-53.619118,7.160457
-53.770348,27.830782,-14.80067,-50.928833,-6.1826344,36.788166,59.279583,7.944428,37.46268,-43.484646
-2.295404,-2.243163,4.617295,-12.240958,-28.951805,-43.23704,-22.174225,23.137518,-4.4593244,-92.44406
-21.632751,7.8438625,-45.62526,-28.527325,27.462849,7.934518,50.88695,28.16708,69.39611,-54.10217
1.0826889,-73.53726,3.84687,-17.113443,48.86977,8.683405,37.02796,-10.029983,67.47212,-20.642597
-3.30838,-90.07739,8.363619,-31.355862,28.175093,9.839094,69.33104,-20.2816,57.824833,35.43434
-9.342729,-25.993093,-22.62688,9.603904,15.289383,-32.41387,77.64535,9.339866,48.06271,8.738796
19.656849,19.829365,-5.815837,-1.2710546,-17.527151,-56.300327,14.423642,-5.2727203,-33.123375,-4.680981
-13.416616,-59.9331,-3.3768451,-19.83717,27.910234,12.424085,37.16264,-56.59161,9.859232,40.41304
-9.684477,5.875065,8.83454,-22.290575,-38.540886,-41.271835,-26.998123,-3.7429101,-29.306269,-118.03904
11.309181,38.42004,38.653316,-21.856705,2.81797,-43.506214,-22.161833,3.7603211,0.844539,-44.546577
12.299117,7.5037365,23.757215,24.367386,15.278923,-72.86043,-27.967352,-0.12299457,4.6571484,-49.683395
-47.866066,-8.725987,-28.691298,-38.24177,17.792408,32.741592,26.525423,18.651936,63.463398,-64.298744
-23.070274,-65.68914,-35.942745,-49.99032,-15.618497,4.016754,-21.327858,-17.519285,-16.927502,15.197109
-3.0875134,5.5136337,0.62410563,-25.30827,-74.49629,-57.64016,9.370858,-23.283474,-42.169456,-104.2337
26.335123,51.449383,8.821015,-15.215468,-2.394966,-43.308575,-52.917496,-13.851922,-7.7991786,-77.64064
-19.09167,-26.623045,-11.964702,-48.530895,-9.813233,-63.95085,22.964466,30.504795,-25.70339,29.510004
-70.32119,0.722268,-44.56134,-39.649364,19.573366,54.591484,21.844309,11.036801,67.21712,-28.384872
-36.36231,-30.33742,23.261513,-19.476986,14.714646,-45.663494,58.073223,-17.243513,-44.84894,3.4911237
11.220717,-10.964367,22.983978,15.38127,-55.869717,-55.614418,-18.407267,22.893353,10.413693,-74.7196
27.139015,34.56489,18.559973,4.304718,30.615847,-41.708466,-23.580036,4.7807264,-10.127584,-95.690735
-2.2387977,-46.937172,0.2167663,-26.02108,27.223558,6.79342,74.19386,-44.88429,56.25157,32.695755
11.828864,-64.50617,-8.40377,-41.221344,38.518578,-28.543232,16.37397,-16.075716,62.336544,3.422133
52.225113,22.434694,-15.478977,-31.080482,-4.7619076,-31.084475,-56.651104,2.5642672,-23.86115,-62.2766
-1.2271265,19.801891,-4.7066374,36.65363,-29.213442,-27.961996,-37.234856,10.721462,-15.743824,-34.833202
-36.694042,-39.517326,-13.998954,-9.54875,-26.595398,-16.3336,-11.957229,-53.255943,-32.412853,29.704508
-23.545134,55.389877,-24.676054,-17.938053,-5.9260044,60.117207,24.245857,-6.500931,33.899105,-45.080643
-65.39796,-55.524822,-11.330313,-4.6637063,-17.058483,-61.6459,60.061684,-2.9091904,-9.583736,-18.470596
-24.83772,3.290894,-32.608917,-42.4133,3.5291708,51.727688,8.673313,13.104348,-21.02201,-3.619827
4.608297,-64.554596,6.7776656,-24.108135,27.924898,28.048098,69.40951,-33.360394,43.47562,-8.882551
-34.988136,-62.23317,1.194315,-41.140038,38.825092,-11.53433,66.71916,-40.67534,61.423145,16.776064
-3.060752,-55.03336,-27.766096,-8.90979,18.312927,4.8484735,25.111288,-30.38222,38.783894,29.73278
-56.743687,-60.663452,-39.16762,-20.42795,41.630188,-20.03198,22.902538,-24.091879,67.71031,-23.526363
10.7167225,-17.250265,-26.874838,-45.22292,-30.033329,-17.330276,-1.0817916,-20.059736,-58.31609,52.71309
-51.045746,-6.3685083,-5.542503,-45.600048,33.011494,53.858814,40.405327,0.25198334,56.372704,-53.013138
8.718994,-50.851295,0.6651861,-34.228737,42.84427,11.484367,31.475546,-24.647966,77.36632,46.064407
-26.717937,-12.791247,-69.25909,-44.35887,-9.64937,17.646482,-1.6715146,-32.771614,-50.650555,50.025757
24.703732,23.93269,42.9842,-4.655303,32.678577,-19.6538,-41.99723,16.744793,-32.46962,-97.161575
-63.05768,32.558197,-17.209305,-56.91919,-13.272433,62.48877,37.366016,31.372902,44.244144,-45.40606
-21.415762,2.5336478,-31.82566,-19.026379,-23.727736,-70.23219,33.973217,-6.7064543,-27.385874,-29.507208
10.170621,8.196763,0.5491496,13.768603,-0.34574515,-31.292288,-48.326565,8.755485,-7.717273,-60.63122
3.4225364,-21.222763,-12.340427,3.6661513,-4.076193,-95.34913,41.126266,9.186937,-50.060066,22.756674
44.685066,-17.06256,-39.308865,-44.79114,18.977583,2.420662,29.736675,-24.60004,-44.629368,57.619797
8.590327,-4.403388,-30.451338,-85.59887,-39.953205,-8.931426,-5.979934,4.193821,-42.943005,34.786804
32.575348,0.49008867,-18.165737,-8.375837,-16.134417,-62.815285,-24.93738,10.648876,-38.872654,-38.362415
-3.1044705,-34.078773,-20.453812,-15.113337,4.6290827,-51.558353,46.283012,-5.522524,-34.04567,-26.298737
2.5410864,-34.489773,-0.5875926,-7.8566694,-5.9212003,-61.741905,47.684353,-38.70592,-23.23645,-18.325607
14.887023,13.302295,-61.43076,-68.909325,-6.2095113,23.715405,25.88374,-24.10389,-47.571026,11.321999
8.923856,7.951744,18.932262,27.994173,-52.605385,-13.001472,-6.0102873,-0.51618564,-15.921092,-49.216244
-33.996174,-20.360203,-6.2466903,27.752666,41.71023,-39.02239,62.964733,-33.200737,-14.758328,-39.840885
27.81109,40.81446,15.816437,-16.817364,23.32452,-81.891205,-35.391834,54.363464,-42.39345,-89.8255
-22.246185,-12.918025,-3.8128529,-12.646766,-11.12302,-50.880577,38.091328,-24.280312,-37.062714,-29.765612
-20.993149,-82.40227,16.533367,-23.70082,43.13232,-8.6566515,60.966732,2.1371965,58.752483,3.7571683
-12.249006,-68.941055,-24.196692,-10.231632,3.226681,10.77141,42.961205,-61.222057,44.598248,-14.138034
-41.52383,-34.56188,9.431324,-41.255516,-17.52675,-35.319744,11.000021,7.259314,-52.58508,38.196236
16.864256,-5.1755085,9.712205,14.3429785,-1.1444774,-62.016003,-49.798378,-49.16886,-25.867725,-51.571842
-21.571033,-43.297176,16.135056,3.864229,-16.786642,-60.536133,61.332737,-21.652956,-30.091417,-4.121968
-3.3124442,20.668806,-31.766075,25.195595,-14.246778,-41.220615,45.010815,0.061945252,-10.117628,-7.8143024
-24.677462,-45.732616,7.0495105,-7.4902787,13.747446,-48.546238,71.88631,-28.21215,-17.80289,-31.000044
-17.42682,19.159445,-37.9968,-36.942074,6.3781033,20.712135,51.63117,-1.6330112,-38.692,-73.15381
-27.100817,-47.07386,0.22385055,0.87713027,3.4213164,-38.200253,49.47819,-18.7717,-38.001522,-41.137077
-62.075962,-60.792618,12.479632,-50.650135,56.261036,5.003642,39.589012,-39.116264,84.39108,10.196674
-18.123722,-11.594523,-22.733286,-60.2289,-7.011351,-6.251092,-0.20277871,-25.958406,-38.724857,34.28965
-16.497902,-40.445934,-1.3002565,4.430952,9.669223,-48.03093,52.3511,-22.272844,-47.635025,-18.705008
2.2631955,-51.03779,-12.416173,-25.518162,46.464405,0.9900086,60.122234,-24.927643,66.34362,11.374708
-24.502232,1.68697,6.9541316,-4.321713,-12.516592,-1.5493735,18.647013,23.650494,26.375666,-66.699326
13.339723,-7.0651693,31.521988,2.7620575,-14.407174,-31.978231,-44.415955,-10.197266,-12.701645,-75.21005
-50.036827,2.2508569,-23.38273,-26.895884,-19.57888,54.215656,24.684372,14.7226515,54.890667,-48.566128
-11.191007,-5.8890305,-43.293377,-55.438545,-3.04295,34.311554,45.990692,27.848114,50.375095,-102.02813
-17.809032,4.8400474,-21.829126,-25.70837,27.631962,22.836506,69.19139,-24.557901,53.111202,-36.06275
-6.7777257,4.139194,11.880322,8.629956,5.8237686,-48.411552,-25.164972,-25.880484,-17.244043,-38.13375
-24.002363,-17.080671,-11.038773,-98.79097,-0.06410911,17.9476,-9.625353,-5.233955,-55.695847,5.8131337
-27.40898,-27.591667,-15.635454,-16.707285,30.152552,16.213938,56.475945,-12.598197,49.04996,-3.4362714
1.2079619,15.329853,-21.131653,-78.43176,-15.00591,27.443712,46.44457,0.9516527,-41.021675,44.0675
-23.640753,9.923553,-48.46356,-8.618569,-16.442453,62.89195,34.2289,-11.448159,53.918217,-41.524208
-33.46397,-72.88141,9.767788,-45.48699,28.833397,-27.37675,23.270449,-69.48892,61.87028,-11.546828
5.5599046,-32.440983,-49.064903,-74.97132,-20.294367,30.968243,8.7262335,-37.029892,-45.17681,53.083908
-48.054783,10.125836,-40.965664,-45.182083,-9.798288,15.25752,11.182042,-36.147537,-6.7721,-7.1036024
33.243988,-9.680086,14.418817,5.9155045,-6.0781198,-14.434768,-49.954224,35.56229,-8.483539,-35.86638
8.838058,24.18936,4.525984,-1.1769234,-19.835773,-44.42384,-45.442257,31.136612,2.8145182,-7.6431723
-13.109809,-76.850266,14.644132,-50.12044,37.0965,-2.5860026,39.25804,-18.282309,49.848454,42.11178
-17.999537,-43.007732,-35.730835,-5.285741,10.660304,-18.379745,23.393679,-40.06879,-0.6659549,16.441542
-53.82854,42.0659,-35.425076,-35.333508,-5.5999503,58.02304,33.419514,7.461454,56.808826,-27.221878
-5.2488685,54.764793,-3.3559916,-42.000893,16.333597,5.1973906,10.336709,-2.737017,21.038864,-52.605106
-48.666847,-28.236681,-6.851631,-30.376087,3.6490214,-16.487827,17.444363,4.890953,-53.740837,28.94333
-59.76597,-48.953407,-5.312609,13.359843,-31.330812,-30.459944,55.561665,-30.254498,-6.474594,-49.196568
22.120995,-4.1920543,37.266487,12.929746,12.492444,-66.961075,-18.478886,17.084158,13.732991,-59.801193
7.226263,-50.268585,-52.980946,-26.783628,24.784128,10.581659,55.257145,-19.170374,34.044765,50.248924
-36.166054,-64.590126,-13.102573,-29.931486,61.055813,4.7072535,64.54991,-34.321407,62.322517,19.797462
-18.59217,-14.605762,-9.602196,-27.308687,9.527308,8.3531065,45.900566,-6.080763,-3.808968,-57.022945
-18.75297,-71.10809,-16.30096,-10.377511,67.57772,4.4486914,37.60773,-22.173407,93.307175,14.540791
-15.74421,-76.95659,-29.105318,-16.357319,23.810314,-1.7010063,73.69184,-13.841428,48.754673,41.852325
-38.87358,-2.7458568,15.512701,-2.8632715,-13.18946,-49.456028,60.10906,-33.073887,-54.34374,-13.047607
-23.279507,-57.048187,-18.977596,-7.8071465,25.676067,27.328241,42.87359,-3.5545466,50.919968,27.193602
-2.8907855,11.107171,17.711346,-1.0982089,8.511665,-62.466244,-15.614434,52.111954,-25.612709,-100.58027
-32.969627,15.184909,-42.683357,-66.18332,-26.792137,2.1015985,-9.189506,8.783399,-47.137062,17.959574
-34.48251,20.634193,-49.715355,-44.453835,-10.020953,68.56735,24.953276,45.16532,0.9590147,-0.30904797
-38.291363,-40.792507,-11.582232,20.017965,-14.57401,-47.933765,47.315105,-6.664856,-23.676382,-9.355985
-4.6232195,-31.544832,-21.20016,-20.559305,42.64434,22.801907,13.343513,-49.946915,-8.255136,54.60408
37.30668,12.961101,51.55213,-43.477203,8.6118,-27.941565,-6.480405,21.877007,-24.393911,-84.80377
-8.626618,-63.978016,-11.955308,-35.590355,40.62622,-10.241053,39.98643,-32.362827,48.230923,25.904078
-24.56094,29.36489,-44.53316,-28.37217,-1.572517,32.738422,55.398853,-20.15549,66.79233,-54.547165
-16.37314,-66.26673,16.309956,-47.978813,27.411032,-1.2374601,36.020893,-4.5919127,43.12012,66.18427
-34.047577,32.7517,-26.060219,-28.348145,-15.651242,57.383656,45.467438,11.921776,60.860443,-49.005253
5.205752,36.636547,18.45293,12.890394,-22.041271,-39.302635,-36.785133,24.412321,-21.888418,-49.261333
-51.7373,-78.63224,-41.048897,-17.44549,72.26164,-39.851097,16.772549,-0.9082436,63.240116,-45.421318
-30.502586,31.77915,-42.72397,-34.861397,25.067186,34.75231,40.779778,-6.509256,25.00839,-43.134945
24.194967,24.520086,1.6551962,-6.036544,7.920351,-39.450752,-47.61165,31.609562,-31.50729,-26.698832
-18.945154,17.74246,-9.712227,-0.74524945,14.391141,3.7084982,-1.9061701,0.7137789,30.432348,-66.22528
-30.459045,15.556104,-49.375187,-24.293823,15.579357,18.232836,11.402308,-21.303331,86.55757,4.39356
32.499615,17.539883,15.441839,-26.833914,-0.07394413,-47.808388,-5.6908355,-26.952486,-8.18867,-111.06816
-30.505192,-21.70216,-15.996917,-41.699417,-0.46150568,1.9072094,34.745514,29.09059,-40.687344,49.152733
-2.129783,26.79306,-5.185458,7.548031,-13.678893,-36.15035,-0.22848791,-21.317842,-30.385185,-38.629704
36.30327,7.905861,-38.86957,-72.937675,-18.32302,-53.72891,13.981032,-36.41876,-6.383415,40.524483
19.440931,-88.97888,-10.6117,-38.73419,-2.4678314,-31.147247,8.119663,-48.473026,75.75861,-23.284925
-36.875355,-19.734919,10.579634,-0.31837374,-21.716436,-32.399094,67.12689,-19.510214,-46.061577,-14.66842
-33.770546,-22.21326,-14.455991,-20.452711,-13.460567,-2.6676772,21.997969,-28.352406,-78.541275,26.25329
10.52307,31.1294,32.741535,-1.1390777,26.248947,3.4362595,-1.2491732,-12.53974,-12.335874,-83.14822
-33.184563,-10.38562,1.4407573,6.3107777,4.893408,-55.299736,61.824577,0.05148261,7.26839,-31.113468
-45.911613,-57.40681,14.25415,-27.89137,74.1685,-0.8688012,41.15303,-30.05844,49.237625,-0.5772841
-37.131367,-79.870384,-18.45836,-18.783327,19.761383,-27.46813,80.51197,-43.3945,54.689144,34.076416
15.661686,-48.26898,-19.52531,-38.005455,-36.256645,-18.83749,-5.5509877,26.97801,-68.61864,69.181984
-25.78018,-57.120056,-48.341206,-43.85738,-3.4728358,-15.949259,40.478138,13.064814,-27.824593,25.512297
-16.254341,-83.26499,9.830069,-9.263605,53.45481,10.754797,65.49776,-33.788372,26.717226,3.9563956
-1.6589539,-77.26751,14.913682,-50.734222,49.879765,-5.9919996,15.329336,-72.37202,55.904804,-8.582811
-21.199749,-24.53971,-13.919177,4.6301403,-19.632162,-57.185474,71.515594,0.9589744,-32.090508,-8.810396
-57.45737,-16.529535,-57.784996,-40.5277,16.376465,-25.726059,-27.76378,-12.254006,-54.22371,29.015558
-13.292709,-70.21601,8.561941,-22.503029,52.729816,-3.1324182,33.23043,-36.754135,91.096344,-0.36730653
-4.393203,-63.06794,2.86474,-21.719704,34.911053,2.1802337,50.62787,-49.775635,74.38357,19.2796
-67.82738,-14.661502,28.218573,3.8441727,28.279074,-50.206688,54.960075,-34.325848,-19.331722,-7.801127
-31.195623,-8.112371,11.577763,11.937362,6.405139,-56.19799,61.23294,-33.67402,-38.96637,-26.994703
-40.942863,-22.852142,20.613487,-10.353686,17.791315,-61.25198,27.729555,-56.05978,-35.959732,-43.297527
3.0848703,41.011673,46.657444,-0.9132748,-1.4060564,-50.18889,-25.517515,-31.712912,-2.0644536,-63.0362
2.2098434,-3.43276,8.419852,-9.866627,-33.03575,-24.689919,-36.364655,-4.155832,-18.600517,-28.94002
-42.423546,31.096386,-53.028275,-17.348534,-11.582165,59.429688,30.155191,-18.881767,71.71273,-25.445534
-11.719352,31.511843,-23.825302,-39.625187,2.259744,48.519676,41.737465,9.373952,-12.594574,-73.720474
-11.381025,-47.20088,4.792227,-23.570446,2.962709,-96.94206,39.94519,-34.057903,-68.951706,-17.09676
-51.921864,-39.251133,-27.170624,-61.313065,-44.71661,36.04399,-26.052235,-28.683413,-27.038755,44.831844
30.000587,24.157595,60.16755,-51.42705,8.609335,-4.2132835,-19.519356,42.10172,-18.603315,-75.15113
-24.859367,-30.733696,-24.04516,-48.803085,-7.8606973,-46.034954,17.209333,-28.53344,-17.094013,-19.658188
-26.28223,-48.088818,-35.9212,-83.474495,-35.434464,25.081825,2.4061432,9.49448,-57.720543,33.670654
-50.434486,-5.6773343,2.6126623,13.386291,10.47315,1.7033703,56.800537,-23.873081,-65.349556,27.861525
-4.9776745,-66.97344,-19.006552,-13.657309,61.72293,5.9311676,30.848806,-22.65187,74.2327,6.9346347
-12.785648,-61.16141,-54.979725,-53.313366,-28.361223,-6.5721455,9.115432,36.85198,-16.977983,38.09733
-12.2844515,-59.19229,-27.177563,-27.254374,-27.321793,-46.06151,-19.505333,-31.792274,-12.806917,1.1449156
-32.925747,44.895935,-60.94599,-42.44495,-32.184677,47.566277,42.131466,9.265717,61.967304,-35.250065
-48.203808,-39.13698,-0.4589371,1.3205719,-11.749383,-34.844078,70.80432,-17.975065,-5.485365,-14.314795
30.752798,-5.135468,57.092625,2.053507,-26.462675,-14.92583,-27.10825,26.063154,19.289633,-49.569008
43.654236,24.873325,29.394844,-29.389267,17.289135,-7.7185507,-29.140251,22.355663,-30.62779,-76.207306
-3.8456292,-7.386522,-23.801231,-36.145935,-15.4289875,-70.16962,30.626543,2.4788227,-27.20909,-6.8461895
-38.33598,36.880737,-23.357819,-50.030846,1.948082,38.208134,43.574104,20.213129,58.85759,-47.475834
20.426985,28.405615,0.71825105,5.3525505,33.65044,-32.86743,-42.625553,41.788353,-27.31902,-53.76737
27.199507,-3.189845,-45.29802,-79.15075,-23.642597,-10.403373,-8.945067,-0.3605619,-41.05099,34.892136
-27.475565,-44.393295,-24.59744,-26.417091,14.193592,3.3675368,42.28896,-40.613354,-13.282549,24.123531
-3.4945643,-46.104187,-9.940921,-34.366875,55.421207,9.445522,46.304745,-32.72958,71.22197,16.187948
-26.141506,32.395966,-17.51388,-34.36094,-22.767168,32.6994,21.752287,-24.686861,48.334568,-54.113804
-51.79499,-53.695827,-19.867744,0.18491316,-23.061401,-41.063686,71.52497,-35.981174,-6.0929017,-61.308903
23.068195,-2.4575615,33.27462,12.746598,-5.9786677,-6.261621,-43.2043,5.329098,-5.2447042,-80.41487
7.6186943,15.994395,42.12963,8.439197,-35.899895,-53.597794,-7.0341663,2.3692422,-1.8118877,-67.40909
39.875526,-38.452618,-23.703321,-30.56244,1.284116,-8.181736,23.818834,-24.695145,-23.807629,79.085434
-14.903586,-71.876625,-36.9645,-25.67722,77.79483,-13.57521,17.605055,5.256128,69.5889,2.8099084
-22.101381,-49.46129,21.201307,-35.47279,8.733016,-25.664438,17.573866,6.288776,13.631979,13.671341
-13.04754,-1.2229534,-3.3427253,27.643745,-9.568915,-29.599821,-13.8077755,-7.294559,-31.493662,-39.186527
-30.244085,3.6060016,-40.72828,-27.658941,23.256258,18.254541,41.354355,-2.9057763,50.418865,-48.376736
-17.92431,-66.05226,-12.56342,-44.08473,63.523342,-18.202135,43.908398,-27.738705,66.99718,2.802793
-39.848946,-58.191036,-23.210993,-11.382087,33.839695,-12.667915,47.376724,-6.870357,36.853153,11.700727
-51.03801,-34.185535,5.768984,12.873861,-23.107508,-18.531656,55.73664,-47.257202,-24.2274,-36.670868
-4.7673426,-25.185482,-38.550053,-35.18888,27.595726,18.534561,7.4573126,-19.33069,63.213135,-15.056628
-26.924654,13.381778,-0.3917889,-66.115776,9.159508,46.391502,28.354708,5.762755,87.55208,-60.80527
-23.491842,-63.548405,-21.84256,-40.49121,41.430218,-18.324167,2.4802067,-1.936916,86.45501,33.498455
47.101624,-7.2515793,27.145393,-23.355927,-1.4628874,-34.550537,-29.00436,6.365098,13.833482,-60.358124
-24.322071,27.046938,-41.33142,-31.585855,0.5767114,33.44112,54.491276,-9.579719,69.61963,-62.050655
-9.670103,-63.60928,-10.785244,-27.633034,28.7237,4.0159607,57.381477,17.7586,25.411846,19.198105
-14.042278,-37.381104,-24.756298,-34.33055,35.92188,21.492271,38.80369,-3.2436335,54.22005,-53.3989
-33.32364,23.143564,-43.534676,-26.64067,-0.20313488,58.7757,16.076511,9.0547085,65.85477,-43.092167
-31.586662,-6.273801,-24.499985,12.173288,-2.536406,38.05585,60.61547,-37.931786,30.621733,-33.97042
-19.962831,-34.2524,2.628588,-4.3678594,41.687973,-52.21184,57.70682,-42.523087,-20.292948,-48.46558
-8.085929,-57.45343,-5.9498334,-30.072647,-0.24543354,12.684076,53.356823,-56.716812,48.01775,2.5966897
24.977182,-5.7430654,44.400074,3.4553177,6.3521023,-41.82092,-21.93721,14.946703,6.4175076,-56.791893
-6.592614,-84.29533,7.053743,-55.41845,32.485126,0.1375277,64.2864,-50.075375,66.438385,34.15467
3.9532104,-53.500298,-9.776837,-10.9189415,31.041971,3.1597526,44.008682,-50.695133,93.576294,26.107079
7.174706,18.975327,-1.405034,18.904118,-13.589164,-43.417976,-46.96685,22.073189,-10.799561,-47.641518
-18.95309,5.590082,1.4546759,-7.5117335,6.3932123,-33.980453,-17.43699,-30.540367,12.102754,-60.699074
-12.352924,-5.4045973,-28.278742,-75.78056,-38.578526,4.3006363,14.510888,7.563691,-28.905115,28.892515
17.407902,15.84201,-20.473461,23.013382,2.2098963,-33.389328,29.32571,-45.17107,-26.327896,-66.16777
25.480646,39.189095,0.84970325,-21.549543,-17.792599,-29.701326,-46.826946,15.554008,-7.8061304,-43.46145
-28.794573,-1.5973737,31.318214,27.513895,-26.551237,-63.41384,-40.28191,40.374798,3.0218046,-80.4258
-12.524087,-34.080944,-30.580341,-37.967175,25.111002,-1.8716196,54.266148,-40.152317,38.952316,24.27359
-43.264538,23.61052,-64.812744,-36.54825,-13.668692,37.186737,11.176759,-10.695925,-20.414227,9.428228
-1.5869153,-26.450853,13.643811,16.757763,-35.36369,-43.40559,35.00346,-45.04882,-24.041155,6.9650226
10.7835865,25.553461,18.045824,-32.2988,29.922367,-53.393635,-30.819536,52.90058,-15.249641,-81.26933
-2.0911186,6.1582212,31.123125,5.285388,-21.699995,-38.75819,-45.130898,2.165915,-12.366837,-49.997494
-4.358407,28.475496,14.585094,-38.12925,9.476473,-25.19357,-27.6855,14.510332,0.87332994,-74.855225
-30.247753,7.9182863,-51.97138,-40.22538,6.360671,-0.39149547,16.450855,4.137309,4.605278,-30.668655
16.299164,11.770021,31.503452,3.6573231,-10.700076,-53.83706,-22.879396,-49.904816,-18.201994,-45.943104
-56.831497,-18.954453,-21.107061,-15.678522,-19.751684,42.972713,21.887932,12.561105,62.957912,-49.90764
-8.027585,-16.93417,-61.406727,-82.32181,-5.2735763,3.8664935,19.6761,-7.6112075,-48.562946,-7.904276
32.75627,16.605341,-6.717068,-2.8695502,-24.577583,-28.54873,-44.9188,20.778217,-22.188482,-31.422058
-29.599342,-31.26922,-31.296076,-9.117814,22.093344,41.7178,58.673492,-17.12999,39.116146,-32.568043
-3.3614252,-62.81226,-10.143764,-31.879116,46.38815,22.870525,35.60831,-27.443026,61.811634,-19.41921
5.7821326,-55.79604,-25.717941,-4.5662413,50.899815,22.587736,52.12654,-59.20263,70.30754,23.990019
59.831505,10.292997,9.75175,-29.891512,10.738596,-16.504375,-35.498585,13.390004,-19.837915,-65.10946
19.153513,16.626226,14.456079,-15.3475485,4.779129,-61.338146,-13.510972,-17.395428,-1.7138808,-108.922264
16.291695,5.064521,-55.781025,-45.77009,-5.9322934,-10.727178,13.080013,7.668943,-73.513885,60.681183
-29.863726,17.191519,-45.507133,-12.026008,0.5223001,57.168804,32.95445,-17.668402,33.59515,-21.43494
-28.361128,35.668694,-47.982727,-48.09445,-21.370176,54.99161,49.692112,-0.3332541,50.318893,-35.247894
-3.3195279,4.0988503,23.697317,0.9013107,-4.799708,-56.01966,-3.7213907,-42.956657,-13.600925,-39.18565
-21.766361,-59.141533,-4.4482017,-18.734373,48.202526,11.477874,54.47568,-46.88816,61.946766,19.740852
-15.902646,2.2129455,-35.96887,34.176815,-23.649797,-42.473145,71.52723,-27.906893,-13.671728,-20.849545
-21.011385,-22.011969,-18.799421,-34.669987,16.551416,14.6935625,62.337185,0.35325497,57.510513,-45.712017
-28.101498,1.8403604,-24.876377,-57.293987,25.160616,44.84925,21.849554,-2.245063,60.38644,-64.76518
33.422874,21.262007,25.13636,13.704572,10.893943,-13.700702,-46.666977,-16.413956,-5.0467076,-83.84923
-42.78151,-48.15471,17.553043,-8.407659,-34.197685,-60.72238,45.557724,-22.300058,-50.533585,1.7865243
-36.52368,33.579235,-51.643936,-42.889065,-12.505606,65.72881,47.102573,-18.08058,36.44832,-48.1522
-27.32259,-35.449,-19.418043,-50.663227,47.313133,37.07143,27.106907,-16.590458,70.30545,1.6471367
-30.96052,20.364758,-44.64668,1.6547096,-44.99382,63.547955,44.18098,-12.535327,54.29021,-24.124077
-13.840561,-9.726205,-32.32223,-38.438473,21.303102,18.574429,28.637451,-28.971075,60.50126,-20.612925
21.649643,22.444242,29.742981,0.88108826,-8.070591,-75.11415,-41.15883,-29.779413,7.022097,-58.3302
-18.039064,-73.47703,-24.82054,-30.704962,9.616346,-5.6410103,59.046352,-24.076841,66.27442,29.112638
-54.94092,-18.663418,-29.024395,-11.581498,0.4774822,42.108986,35.416153,-7.772148,68.739586,-46.17026
6.4981275,-71.22017,2.4472363,-42.127045,28.390293,3.2982242,79.52614,-46.445248,65.35388,33.19742
-17.715649,22.896198,57.58724,8.534078,66.23555,-45.81101,-8.450438,-31.82498,-16.675991,-6.260413
17.635057,19.206347,6.1695724,-2.369322,-56.109364,-50.287838,-40.694515,28.029284,-8.149507,-68.27757
-8.871889,-74.34291,9.8336315,-42.453663,26.548979,9.054484,74.385864,-45.932907,58.181484,17.45801
-10.096668,23.545427,12.28973,-18.521017,-14.369237,41.32347,-4.1516,-13.418773,54.01572,-43.443485
-27.132223,-49.64207,-59.008057,-22.256187,8.19899,-20.829401,2.9431326,-30.812168,26.255102,5.658414
-20.316399,-25.839554,-11.010768,-37.864605,38.67166,-8.176624,38.75957,17.768887,76.43869,30.19223
-13.382716,-65.78527,0.30111712,-11.310085,76.15238,14.316295,56.403725,-14.081173,61.54759,24.54447
-39.899536,47.980774,-15.15842,-53.150238,8.4195385,81.775406,39.04621,18.07839,43.849903,-37.948483
4.8366475,-62.45375,7.723739,-47.771164,30.96826,-1.0411661,49.08475,-30.88872,61.77457,25.99412
-22.270676,-31.999884,-1.0242971,-11.09573,43.373695,45.06238,56.89742,-21.324163,35.56841,-30.258366
-25.571613,-48.934986,-4.0592723,-17.683395,50.500507,14.071888,62.81884,-2.1117616,39.436104,-4.2743034
-34.551353,3.7185423,12.396427,10.142033,-33.674183,-49.547527,-21.06964,9.140608,-18.126095,-116.1748
-31.970745,17.886898,-27.645126,-17.213085,11.5006895,39.258694,45.540306,-22.258965,37.72196,-52.627483
45.101128,20.890244,9.923613,-21.396223,-16.013254,-54.647457,-29.815672,-43.4967,-15.257425,-99.42114
-47.943615,-4.472475,37.32598,13.892202,43.96137,-58.25453,63.734543,-49.65451,-14.879331,3.7984157
6.039383,-71.93583,-43.88195,-36.270416,-25.217836,-32.64674,5.7073183,-12.502751,5.5995936,39.9087
19.143938,7.983959,48.11929,-21.803854,23.933657,-29.85824,-29.858097,67.76855,-8.686822,-46.60415
-10.900359,-42.551804,10.345092,-12.891658,27.975595,-24.727213,30.1579,-54.65722,91.898315,20.642086
-25.74024,-40.777504,3.963965,-6.450958,34.20515,-72.431404,54.72047,-35.10221,-19.91879,-53.818615
-1.8901032,-53.083946,-10.989594,-19.637177,48.97467,10.824203,72.59062,-34.855595,70.951904,33.58297
20.576624,21.406637,12.718822,-12.200322,-5.479913,-64.36559,-47.224285,6.5864797,6.074493,-40.701923
-37.224983,-87.46343,0.22670811,-41.099308,37.40144,-22.860178,42.42286,-2.0544076,20.77459,-0.73981667
-8.424269,-30.650747,-8.905003,-0.57617134,6.438608,-82.39832,69.284645,-22.88182,-39.48285,-40.854862
-40.011932,20.317081,-44.761284,-25.378765,8.5840435,47.7422,26.371407,-39.958893,24.955074,-33.872036
1.3405645,-47.62585,5.0307446,-47.647533,5.683999,1.2587228,42.703606,-67.11205,5.7797685,45.32756
22.490385,-8.998292,-57.63362,-40.273956,-34.64477,11.719554,6.1943083,-14.143095,-41.37554,16.823812
-39.724003,-41.28948,1.348995,-18.67667,11.406728,-57.866127,37.78337,-4.3913274,-14.284046,5.833774
-17.066664,-12.814485,11.653319,3.2003963,14.545448,-29.74166,59.60568,-51.189312,-39.774204,-25.626308
-26.094187,-19.706253,-19.01195,-32.065495,19.880161,-14.427959,18.52694,30.91922,22.373194,-12.047372
8.031408,4.3442492,-5.575781,3.9622,24.69773,-54.343555,-1.1029391,-45.263847,3.6424024,-24.682814
-17.746351,-49.124043,-14.51603,-15.106698,-11.885166,49.744587,54.02742,-34.169838,39.89204,-21.710945
-8.961797,13.371743,-52.2273,-45.89569,13.265336,44.20862,5.48184,36.965897,50.113503,-67.29345
2.4908736,-18.012844,-59.326748,-19.448275,13.913416,-20.620617,24.894001,-34.611412,36.038216,31.006388
-54.175587,-6.77735,-51.863155,-27.837278,-4.4660277,36.778088,9.746244,-0.76900804,-36.88469,31.257776
0.8471184,-46.755165,-51.59715,-57.418507,-0.47989792,19.348116,14.076448,-20.429134,-49.209,1.5467749
-47.35133,-44.56653,1.7556646,9.65329,8.306869,-34.896587,70.994415,-32.586926,-0.17103094,-46.68336
-11.102861,-61.918068,-26.259773,-45.59641,49.286133,-26.12635,50.453125,-21.720915,68.72369,5.0343986
-15.734956,-18.329575,-48.372086,-73.85242,-55.05106,21.24323,23.280558,-21.419756,-42.99361,26.812307
-32.548855,-24.368002,25.105385,-10.74514,15.313366,-68.19258,59.249302,-6.786137,-43.275944,11.962097
1.055173,-46.372192,-4.5477448,-7.951552,59.434868,13.697114,38.015522,-46.082603,67.353714,9.517965
-13.380846,22.098808,-77.49469,-50.85076,2.0807433,29.083536,48.105625,2.6695247,26.03234,-12.525413
-7.2231445,-20.573847,-14.297136,-87.59755,-8.972812,1.845741,8.220148,-15.349305,-79.83142,4.8761296
-78.54378,-13.013295,-28.566881,-1.8238091,11.942399,70.26651,38.6392,-12.914688,75.99715,-15.423031
-35.83535,-7.762979,19.487925,15.478789,16.56354,-28.564486,68.00181,-35.43907,-34.66518,-16.309834
-19.240562,-62.97468,18.53238,-45.92972,33.344807,-14.689946,20.569902,-66.861496,49.789783,-26.620989
0.28801474,-19.89357,-73.3391,-44.37873,15.45383,27.307934,4.0953884,-13.377521,15.097654,-23.99493
4.4394217,-23.527918,-28.33013,-75.52295,-12.826146,-18.129787,-16.155478,3.8279529,-90.00401,26.958956
-9.259929,-44.936855,6.881891,-44.279,44.017895,2.759156,58.822533,-8.211134,61.378265,52.1287
-45.644283,-43.703876,-14.639176,7.544182,-2.6106813,-81.376495,46.125004,-12.505223,-38.866497,-39.271637
-47.77489,-10.507087,-58.42693,-21.622904,-0.2850668,-49.216606,-26.992294,25.02395,-42.33576,43.217728
-0.0055440078,43.79125,-21.300587,-10.085072,3.1818056,-10.804684,-25.129118,-0.33606958,28.638235,-70.743866
-32.01492,-21.166456,-9.592888,-13.178907,18.509323,18.374243,49.370255,-26.490526,64.387024,-52.53668
-32.93927,1.0902253,-28.092325,-26.710049,10.550433,26.958952,29.176321,19.634542,60.860012,-50.24689
-35.324654,-41.49972,-6.3879347,-39.421024,-29.991354,-27.737507,24.09581,1.5998074,-31.70059,38.375362
-30.602783,-22.373796,-13.309045,-37.014675,45.83579,30.695099,29.443718,-30.581047,54.42837,-26.702951
-28.753319,-19.566977,-42.58227,-24.196455,11.146361,23.7964,51.844707,-9.634526,70.7744,7.707068
6.6075,-50.98886,-4.9815,-27.804409,39.68575,6.059928,36.942078,-33.80398,77.40578,30.21424
12.265896,1.4300385,1.782507,-19.664011,-16.505806,-48.650986,-28.125246,26.09436,-4.054681,-104.12632
-13.85445,-28.856392,0.35631663,-22.651161,19.417362,-40.95953,41.005222,-20.569357,-38.650494,-13.028705
48.50907,17.38511,2.0603127,-15.885664,-0.7326448,-25.434116,-40.582363,3.0789714,-13.956611,-57.055023
5.4704967,28.190329,-9.132497,13.298238,3.2875743,30.068754,5.519905,-22.038824,24.226309,-59.02192
-42.09982,-12.46918,-11.307508,-40.873646,34.958748,31.662739,55.392937,-25.340483,25.113096,-24.058346
-29.159708,-16.575804,-25.54923,-18.92722,17.576593,16.189352,59.470047,-16.721487,53.916344,-18.600027
-41.435352,-11.142954,-21.68617,-38.61128,21.196005,36.79305,38.729122,-4.263458,47.30038,-84.98892
-20.903902,-11.32732,30.780928,0.5729747,8.735317,-42.676697,20.095778,-65.83504,-48.011517,-47.988663
10.463305,-61.54534,12.337845,-18.113638,46.96936,-16.145727,24.042757,-61.578278,72.38157,7.5993466
31.391119,-29.039135,23.842419,-35.587124,26.287264,-10.849933,2.8144987,-11.459951,73.21278,20.689444
5.1664767,7.778824,-103.353325,-82.01592,-25.54549,16.152464,25.59014,15.257628,-91.13232,15.333969
18.126549,23.93166,-64.600655,-104.09202,-11.0916605,7.689166,15.772866,-38.836178,-48.960453,8.691097
-40.722,-26.633638,-23.014671,-54.070805,-42.374355,51.90213,-15.951835,-19.96427,-33.64135,63.397446
-46.800945,-6.509322,0.108109176,-50.006645,41.64734,53.280434,40.94895,-35.38491,38.308346,-63.185173
-33.451027,-41.26919,-40.770405,-30.20376,-47.546856,-45.327312,-14.855413,7.7676153,-31.521935,34.719635
-28.720228,-25.635593,-21.088675,-40.8405,28.09721,39.684204,34.437275,5.642637,49.31873,-79.787415
-18.991451,-47.96139,-1.4360007,-16.83936,-11.602735,-71.39148,31.276373,-22.539497,-29.692883,-12.332346
-22.604328,-32.044754,-8.436875,-53.049088,45.203346,37.329144,38.11227,-19.703856,73.50603,0.036766052
-55.455887,17.969616,-63.644463,-45.75075,13.33964,63.03391,30.29872,7.9257493,30.58521,-42.316788
45.424286,-0.7729623,56.08687,-22.030008,-0.7588331,12.985151,-35.250145,28.241405,-15.563779,-48.378387
-8.875541,-39.656155,7.87767,-2.8571384,-12.379059,-68.57075,64.96614,-23.666828,-46.306847,-37.15193
3.1120846,-73.82932,-33.210556,-27.226921,-13.677218,-38.096764,-4.4150176,-9.862083,2.822333,22.688614
31.994078,-11.94586,-26.491123,25.59379,-31.620474,-34.684948,29.583488,-30.224901,3.2585528,-64.66233
9.061292,-59.057903,1.7857776,-52.625828,29.020262,-4.965584,39.399105,-34.414524,48.207043,8.85549
-32.33874,-83.904465,-33.427444,-31.737589,39.60363,-28.43955,41.373554,-32.74145,63.513927,-5.572353
0.77246976,-17.61592,-57.598686,-45.5008,-9.766961,21.794857,8.432163,-9.259865,-42.25524,-8.694406
-52.531185,-65.9856,18.015429,-57.54077,81.04015,-14.610391,33.94313,-22.836987,37.7557,-3.0477364
11.2813225,-65.82697,6.2468405,-23.431017,36.977325,-3.2261758,67.34898,-37.452263,54.353348,9.669809
7.905545,-5.6437616,-55.138824,-55.093246,-13.379842,0.48644114,8.916448,25.69478,-77.94959,46.764805
36.29014,-52.033695,0.30506176,-49.94694,22.683975,-6.3155055,17.85481,-35.86402,75.97597,11.568972
-18.944279,-64.49424,9.882545,-60.603344,32.17357,-6.8586903,56.88753,-30.189428,41.28881,21.647867
44.449516,-52.12093,-0.38719684,-60.326687,33.447662,-0.6660762,22.307728,-25.704508,64.79997,10.655376
-46.533504,-56.978893,-41.52816,-15.545054,-49.625656,-3.9531176,-15.709395,-34.24768,-27.693077,26.561247
-4.336346,-37.597965,-4.9136043,1.3708122,-5.43107,-67.34359,37.141563,-37.720074,-29.812878,-4.33994
-31.654476,-26.542936,-5.77903,6.893195,8.886473,-11.97317,62.57643,-53.25201,-46.655376,-51.42079
-5.4711456,22.715218,29.673023,9.041398,4.4668374,-53.52022,-49.197098,9.801658,5.351994,-32.275154
-26.955421,-6.9072924,-11.25524,-27.326754,4.4670706,-20.051289,21.805107,-52.4715,-35.968254,9.221254
-15.362271,-64.50222,28.107933,-37.526443,56.952904,-26.177963,53.46766,-23.029518,34.05918,0.5200696
-18.715364,-3.5886004,-7.253604,-1.6679279,1.6751928,-89.11285,33.92364,-26.185993,-21.058155,-26.448536
-0.62276495,8.237851,-75.50222,-77.67871,6.996175,5.8633184,16.717596,-39.072506,-45.719555,-8.146901
42.654266,0.8654579,-3.9580517,20.618195,-9.676479,-27.752625,-40.37633,33.185062,5.04103,-56.808834
-60.017307,-77.08859,-29.251986,-23.29809,22.234571,-39.538376,35.54042,-23.212307,48.469418,-1.180054
-44.67322,3.1441658,-27.208828,-10.418497,17.822372,20.907698,52.86497,-32.482468,30.280638,-45.885715
-24.46087,-67.501274,-0.7510329,-32.634186,26.743013,15.044566,57.829624,-18.911427,60.051563,49.15129
23.582546,31.90817,10.91557,44.808254,-26.065079,-39.67317,-18.26289,-5.429597,-45.674267,-33.631466
0.5498177,-78.09358,-25.77126,-25.965149,-1.2901329,-37.326496,32.666824,15.648967,-18.619175,37.31344
30.911558,-14.220428,-10.6366625,-59.361423,-4.5462666,-20.55435,13.573478,-28.298908,-16.342674,64.229294
-13.696607,-26.474709,11.983497,-10.811764,45.31257,-54.618637,63.4354,-48.408985,-14.761124,-33.40734
-48.049618,-40.296722,16.091776,20.959864,-11.534219,-46.43817,60.39226,-30.593388,-10.826627,-24.426798
-22.140957,-35.333126,-22.764692,-68.70633,-12.499964,10.698972,-12.13113,22.755371,-80.905495,20.328392
-3.8204377,-75.204254,3.6870933,-40.52392,0.7829354,24.306084,44.72459,-39.21281,41.188084,9.515854
5.1247334,-3.5974698,12.912259,-5.7758474,3.90719,-58.6458,-43.534966,22.296206,12.291792,-75.3017
-18.923023,22.897478,-15.125808,8.027838,-0.38803375,44.95644,2.7478476,-25.611746,68.98506,-45.207928
-20.897116,-13.022139,-30.638414,-15.272443,4.4786777,42.29058,53.925045,-7.3957686,15.087302,-22.454853
33.13658,43.16871,14.100254,0.80195355,0.6072919,-41.89329,-45.305378,-15.11936,4.001829,-52.395638
-13.150728,-33.97746,-63.528103,-10.454885,-44.89581,-30.306133,13.662826,14.699237,-10.580419,26.809551
-5.717227,-23.300156,-35.78277,-8.025803,-35.893246,-55.35626,14.861609,25.775482,-34.716362,-70.20883
-34.710003,9.9968195,-41.61674,-19.674664,-8.567702,66.11956,33.064613,-3.5257258,42.366306,-54.89646
-18.634882,-77.771904,11.010107,-20.809155,26.892017,-14.386241,49.583946,-13.09526,63.755993,1.8592746
-22.600136,9.366245,-59.00672,-40.96454,10.831266,24.771835,58.017654,18.988085,57.196373,-79.216415
41.00335,-30.04851,36.819298,2.8700907,27.382654,-31.974602,-24.5994,18.396406,14.373528,-63.210133
34.205025,21.440855,9.32848,-8.675664,28.204208,-28.368929,-43.154305,16.743801,-31.888565,-85.40209
-17.641047,-67.57976,-8.077473,-37.994343,21.67407,-29.854565,58.507824,5.421412,24.418976,12.440857
15.2224045,13.79927,-33.049534,-71.6142,1.0154498,62.323967,76.31663,-13.711572,-92.18495,71.2979
-1.5835105,-54.757397,-64.74804,-60.581036,-1.0935634,-6.508458,3.8085327,-5.5799336,-99.271194,-15.37295
-36.172146,-43.433643,-14.676118,11.74686,-22.321129,-43.762897,55.564163,-23.234339,-4.2389836,-25.783363
-23.413355,-52.752186,4.2224245,-27.244976,27.567286,12.487581,50.720776,-35.15533,94.36386,33.01964
-6.390475,-32.14057,2.5174618,-27.768545,-1.8660817,-56.245518,34.688984,-44.12473,-30.17258,7.0336623
-59.653687,8.746634,-23.167393,-44.926636,15.8086815,45.65582,47.97734,-10.802293,31.827803,-2.117215
-29.818876,18.918879,-33.14486,-63.953735,10.131151,34.60964,19.98293,-36.30695,78.66007,0.05132723
16.990568,12.211599,34.779778,8.485983,24.471123,-23.10836,-50.93769,10.766572,-30.154116,-90.86102
12.166975,-46.23606,-13.718576,-64.65134,-16.158993,15.414536,19.548855,-61.906,-33.626484,50.427406
-36.20547,5.474183,-27.779808,37.799118,26.328453,-46.20671,52.601494,-18.882553,-37.067326,-9.754803
-13.1269045,-35.209522,6.3316007,2.6292741,5.1108828,-70.243675,66.14072,-19.648863,-36.75515,-19.07048
-27.237928,-37.01835,27.742887,17.71982,23.113462,-33.309574,28.115026,-59.709015,-37.26482,-50.379498
3.9227834,18.5737,8.749971,-15.767167,30.059225,-44.906673,-53.517845,29.675934,-27.091686,-65.637215
61.268387,0.4452599,48.423767,-47.771297,2.155613,-11.08054,-23.566174,2.654688,-13.477045,-81.287285
-41.801693,-4.263963,-22.189238,-12.925343,15.674042,-2.2494493,57.1392,-48.650677,34.307144,-21.301048
14.164694,-5.0392556,40.635616,9.522451,-33.85564,-44.998295,-18.453705,31.686947,13.221322,-49.96866
29.0081,-43.25518,14.474083,-32.059322,50.252525,17.48963,11.393223,2.0031013,85.22541,33.494156
15.108446,-62.76551,0.24548882,-40.9186,51.934414,16.472374,53.03618,-1.966016,74.16687,52.05572
-40.524433,-70.05718,-13.459059,-40.30468,15.229486,-42.622856,31.494875,-24.236752,42.60216,7.243938
-35.106007,28.14295,-41.827,-36.51854,-4.9778748,39.7102,47.915554,-15.796975,54.956966,-47.16517
-50.783848,-72.49,-3.7953658,-42.12948,60.81174,4.4942265,69.86816,-29.9564,39.707798,16.901133
-18.519,-67.624886,-3.5026453,-60.662735,-9.772573,-29.342926,7.599965,7.4187765,6.386979,21.820862
-6.7694006,3.4505513,25.699017,1.7924943,17.09902,-39.579735,-29.017424,-46.142406,-25.734255,-62.670673
15.616017,-16.802814,5.141745,16.872211,-13.937326,-3.9918666,14.727158,-22.051926,-3.093227,-56.268703
-33.238007,-0.965519,-40.540382,-35.125317,22.877678,24.899788,34.051376,33.904125,51.820175,-46.87533
-25.961424,-11.457918,-40.346497,-29.592932,34.62434,9.220221,44.93273,-3.2349644,57.4931,-5.0802517
30.049128,21.51873,22.509638,-32.183155,27.044949,-28.98537,-44.881332,26.179043,-38.552944,-49.33184
-21.190456,1.9999509,-38.626736,-25.865564,22.420685,32.889668,48.727146,-26.635021,34.878475,-29.287807
5.402682,-38.246063,-0.32224837,-58.801895,-24.064606,-6.3948393,31.414562,-12.138365,1.2976191,47.39131
-26.393368,-4.26756,-26.810104,-29.338476,15.84235,33.457657,55.82769,-24.650978,40.92946,-86.38297
39.396996,21.245964,-14.863403,13.670284,-23.191757,-33.154053,-13.981252,-17.081007,-0.42291835,-73.09193
11.878666,23.630753,21.280422,-33.101997,16.946314,-49.531723,-19.396996,55.777733,-43.399513,-90.691475
-1.6333729,-24.024319,-33.334614,-28.379135,17.855537,-9.180364,32.009586,-38.7282,24.201048,30.597082
-13.450333,-81.9537,-25.224955,-22.358713,-33.187855,-93.32935,63.00583,18.652311,-42.419388,-39.287407
-44.90724,-5.046391,-33.9696,-8.5636015,4.4740124,46.48603,37.602524,-23.097378,41.90488,-34.925907
42.21631,27.359001,10.860022,-25.955244,28.20351,-18.648052,-43.02127,34.389084,-46.267483,-49.974907
18.529682,16.485643,18.361176,2.4706743,-10.947778,-47.15898,-41.931892,9.0886135,0.6099252,-42.816395
-36.748898,-4.1223984,-37.23065,-57.703762,-3.8732305,-12.157064,-20.437244,-1.5536145,-71.70549,34.137085
-9.070245,-25.398987,14.02455,-11.183018,40.532112,-59.18556,52.391186,-54.995167,-13.881847,-27.670988
-1.0040524,-11.131648,6.001025,-0.93560004,-25.500868,-56.128315,-12.879539,26.815138,-17.69019,-110.93629
14.360536,24.553474,21.280003,-3.2209492,0.09859124,-67.36413,-43.18546,-15.323685,4.396415,-50.255592
-16.25038,29.151659,-49.222507,-28.384089,11.013548,35.1208,43.548958,-8.359587,18.120142,-26.32673
-26.40901,-30.57418,-0.20333153,-45.469776,-13.02438,-36.64236,18.776428,-26.983864,-40.353233,13.726351
-51.02406,-60.474083,-47.77261,-46.877434,-8.022865,15.893035,-24.807377,0.0060972515,-59.9698,5.7622433
-30.745255,-42.238876,49.68265,-4.6905417,31.162266,-64.07732,54.079865,-39.990536,-54.36841,-9.156369
-38.37274,-42.154713,-40.5529,0.9440849,-4.2153163,7.5668173,5.708432,-20.96292,39.504353,51.604324
7.1841173,-35.12328,-44.816982,-79.36239,-61.423862,-2.4100702,28.325377,-21.604256,-5.5618944,19.543257
-45.886055,-58.266346,9.314642,-21.6973,6.1606073,-14.8666525,42.265533,-10.072167,-57.245453,17.884817
53.120445,-15.089267,21.486942,-28.562935,15.064832,-0.7449184,12.674692,14.936197,40.279003,-49.62865
-28.278908,-3.5815299,-65.20476,-26.925968,-3.0787683,51.91448,38.76152,7.4194922,9.457694,-13.598488
-10.841568,20.548176,-57.28386,-24.013933,-6.643348,67.88215,45.027428,-6.398669,39.15871,-55.091072
6.8801045,-67.57067,-28.509407,-32.170345,29.232582,13.551445,61.212635,-10.7901535,28.171238,25.531782
-22.489054,-19.599682,-13.72195,-14.70543,-9.893217,56.15147,36.840622,23.528475,38.809013,-70.37211
-19.164307,15.450735,11.021556,-25.791077,10.285572,-53.76179,-0.14226182,43.781246,-24.421055,-67.27224
-9.714334,-29.90481,-24.99035,-72.083534,-15.534066,-5.137072,-11.834593,4.470914,-82.42805,24.210972
-37.168915,4.7044816,-23.479258,0.94462514,10.125571,74.899635,28.933355,-19.31368,48.57501,-35.03262
4.4570293,24.75509,25.584837,-18.022789,-21.893166,-31.442442,-59.50321,24.094488,3.015909,-30.190325
-46.891518,26.078625,-47.418762,-34.4214,13.931315,36.129482,29.311268,16.156328,42.575024,-45.85272
10.926539,-9.626582,32.955345,22.90515,20.024256,-6.4791965,-47.97636,2.4729514,-7.796706,-75.24622
0.23028767,11.539201,-13.177098,-4.685683,10.081504,-53.622807,-32.77306,8.192972,1.4666121,-15.6657505
1.4118983,2.871383,28.222326,-25.245977,10.988291,-50.596592,-32.81071,63.521385,-8.828422,-75.56349
41.84046,-24.713802,11.979094,-1.6767955,46.27357,-9.359215,7.721571,8.000823,48.683083,-4.471069
-35.90203,-44.733326,35.45379,-11.893912,11.366166,-33.900505,49.9587,-40.10709,-52.801804,-10.406869
17.86822,0.7524644,7.4712977,2.0348506,-15.317435,-33.907852,-61.823772,49.395657,4.58128,-16.241907
19.127752,-48.65486,-10.992249,2.0370176,33.163258,4.418206,62.95475,-43.10463,76.37777,28.036083
8.037094,-49.893017,26.775564,-10.752153,23.401045,-34.630486,18.553461,21.70175,42.492443,20.467184
-22.22777,-27.987898,-23.374302,-49.4555,-49.929016,42.235962,23.107718,-11.639778,-52.86875,72.987015
1.9682736,-34.228153,-47.22341,-10.907194,10.192532,3.92811,51.169327,-27.401857,41.585415,56.877457
44.004356,-8.835514,33.174232,5.6644077,3.064021,-17.908098,-41.142113,30.040121,3.3253798,-39.009335
44.646828,15.701236,4.4131174,-40.04766,-10.796137,-28.730423,-13.608865,-3.5055919,-28.857012,-124.55871
-40.9707,-88.25217,-24.10111,-31.57245,3.8723705,-23.361319,49.721325,-23.706976,42.586227,29.988516
-42.724144,-0.0582853,-32.850197,-58.797215,-23.065174,-64.05144,17.336985,47.40715,-18.243366,13.577259
-6.1510563,-31.266163,-10.87743,16.658226,-15.024444,-67.87408,58.44346,-14.1448555,-5.8181925,-37.049503
-27.23834,-65.99944,20.504688,0.42098236,51.70034,9.3223295,66.84997,-6.3789477,47.754932,-5.241566
-5.315726,-12.856681,-25.629967,-29.52649,1.5685205,59.158413,49.298843,-14.273174,44.445576,-58.565784
-33.104816,-13.5148325,-81.081726,-24.486498,7.1493473,-31.332886,-23.175997,-20.926,-34.017788,18.62805
40.30435,25.542454,-12.209431,11.426589,-15.105797,-35.707344,-30.167458,30.23418,-2.9263263,-46.215218
-25.737967,-17.374489,-57.88677,-28.028858,24.00732,-5.173843,-6.737432,-18.550293,-43.030483,63.305145
-44.598507,-47.637203,-24.816889,-51.492188,-36.91035,2.6339424,4.505019,30.07597,-69.707985,37.106743
-12.036026,-9.834408,11.561626,-22.068388,9.993571,16.210573,52.487724,-4.151456,-12.461359,-56.109516
-11.887729,-79.88434,2.2995868,-12.182741,62.771603,6.2641335,53.872852,10.845038,68.91298,-5.2616315
4.465694,42.45862,9.089391,-23.646618,22.420332,-56.66509,-31.64022,31.320833,-21.26159,-100.37132
-33.285667,4.6080546,-27.262842,-29.033018,6.5027924,40.189564,49.196156,4.205202,51.906628,-22.62368
-20.289871,-37.806015,4.8431325,1.0701118,36.910217,-64.57957,49.34707,-33.389942,-15.418567,-44.546402
-33.01682,-35.55768,-44.584347,-77.85396,-40.733,15.013474,17.999725,-0.16754363,-21.108738,32.065876
-50.579384,-7.754373,8.987848,-4.242278,2.0639591,30.695591,27.936813,28.037096,41.721493,-54.766834
-9.221517,-18.588524,-40.809917,-30.445917,16.169521,-10.793879,50.82972,-28.785652,37.532234,47.373184
4.935534,5.8246765,-86.905815,-44.528465,-51.024025,22.636862,66.53188,32.84003,-70.9504,30.349142
-20.781929,-67.38964,-12.459926,-38.312885,24.154043,-34.494602,30.305277,-19.874338,22.186842,-11.430755
-4.700097,-23.789711,-63.47983,-72.87368,-27.1283,32.110813,61.69847,45.603477,-75.57143,38.14189
1.01617,-57.901196,13.958737,-50.17045,23.827951,2.532173,32.35022,-31.620394,39.59537,19.713196
3.8731167,-11.520652,61.1262,19.284267,-22.272598,-52.297092,-31.259647,19.537086,10.675134,-65.732544
-0.17222174,-4.3410687,8.159301,12.002942,27.940985,-46.436394,14.971768,-46.28363,-16.147924,-46.413403
55.910194,9.761479,47.482384,-36.21093,-13.0095415,20.756596,-34.07347,15.657079,-12.180237,-50.289597
0.382578,-26.364676,54.170628,10.748444,7.586507,-18.071253,-8.191472,25.054232,-1.1839945,-79.39634
-24.154575,-36.504566,17.279144,-17.834461,-29.282059,-23.455235,-53.46009,-3.0771174,0.52599794,6.5956583
-43.012707,-41.946583,-55.588833,-42.572605,-1.529757,-18.414333,-32.00457,-5.946174,-12.908152,15.638435
-21.92133,-41.80846,-40.615158,-11.78416,17.059505,5.0387774,24.945412,-13.551203,38.852497,24.543932
-34.437813,-44.290295,-5.201596,-1.3554524,-13.069432,-64.43846,47.182644,-40.590183,-38.245094,-29.587637
-31.19383,-75.33246,0.35680193,-44.598682,42.004936,-24.225965,38.385468,-43.10574,51.74866,-1.4479898
-39.15288,-49.470642,37.605225,-11.435942,23.129438,-58.90963,44.15927,-39.627686,-27.82475,-15.044932
26.031363,29.411146,3.6086564,4.7297134,-14.335124,-35.92985,-33.688953,34.952435,-16.66422,-50.27813
4.6117873,-66.57081,-19.528599,-44.96029,55.073475,12.999654,3.7022953,7.091906,74.623055,28.906958
-34.798866,-36.554214,16.437643,-22.528017,24.62186,-48.536747,34.84348,-44.589855,-18.100784,-11.5147295
-64.164276,-14.999983,-20.745922,-9.195227,8.811632,60.36678,33.705475,13.062577,23.012,-32.3858
-15.11974,-30.767838,-31.036737,15.629495,2.685896,-83.32026,57.27789,49.93331,-58.164864,27.182947
-42.587326,-57.447876,21.992987,4.738103,-43.417,-42.50307,52.060184,-40.02703,-37.485626,-4.653141
-24.372923,15.665261,-25.549002,-23.029867,30.994585,40.072,39.909363,3.3186197,47.083492,-51.00409
-14.587781,-74.959206,-42.312386,-32.83661,7.261178,-37.0312,51.869984,7.788562,2.2102587,37.039566
-29.012672,-30.359276,-11.940871,-54.030743,48.022007,45.751694,31.867353,-18.483347,67.609276,6.3014436
-9.686081,-59.910534,13.975201,-19.2137,50.85442,2.9980843,64.0468,-27.79265,55.427605,17.400055
27.232298,-54.351334,-38.49354,-54.291645,-13.189262,-47.206825,-24.433924,-5.6098924,-47.537594,37.777145
-26.40428,27.381607,-55.89069,-46.611042,16.090403,49.36565,50.406128,-10.4864235,73.400116,-31.116732
36.924316,19.042034,41.869232,-16.855564,34.788574,-2.2744272,-34.289444,24.246239,-34.85412,-84.31345
-22.749231,-12.655387,-9.06089,-35.592842,-12.565014,-35.292442,16.821045,-12.007013,-38.805153,21.020308
-23.02861,8.301902,-15.81732,-22.787395,1.1783402,2.4349592,2.6784616,-61.115406,-50.362885,-12.629421
-25.516016,-36.604324,9.105091,-16.15249,39.105633,-49.804253,61.152008,-32.350185,-7.739753,-27.155146
2.325609,18.557823,29.414606,2.03108,17.393661,-27.007113,-33.67931,10.609063,-9.746456,-94.073654
-17.425879,-52.05821,27.132875,-25.121595,71.09243,-0.2227509,50.678493,-37.74747,38.86032,15.060196
-33.267445,-13.605013,-30.717108,-27.12993,-33.499958,53.09137,0.5448138,-4.895881,69.53578,-42.57982
-15.997096,-45.287594,-15.78305,-25.401169,39.354492,-4.4746637,43.860416,-19.774881,51.048195,-5.329462
28.049047,-43.211163,9.293615,-51.551624,24.37472,6.2287636,30.525272,-38.077435,71.363846,26.216133
-31.236124,-12.493554,-19.931631,34.60959,-10.620715,-55.129593,49.304703,-21.026133,-16.108665,-0.408081
-19.21801,-71.95632,11.230914,-39.966026,45.572445,10.824229,56.88086,-68.568054,62.31838,-3.744294
-9.831916,-42.459835,-32.655663,-1.8202928,-19.335852,-74.69465,70.773026,-33.497845,-23.34441,-40.747143
-27.79618,2.443352,-58.353573,-35.12861,-44.562695,22.124615,6.871578,14.549231,-10.544931,29.089128
-55.059433,-15.528623,-52.98526,0.15658009,-8.663328,-14.271781,5.1505127,7.3068714,44.270084,-29.21055
21.936626,8.357382,11.137465,1.188277,-19.302452,-74.1111,-31.534334,10.982198,-31.27325,-72.89886
-16.585749,-41.229652,-28.056644,-27.827774,-30.868881,-8.437919,0.30750698,21.186598,-13.72037,35.104675
-27.108942,26.165312,-64.8083,-58.6964,-31.28389,33.565475,44.747345,7.559739,54.614105,-41.60857
-30.8378,-40.483894,-2.1223917,25.484325,41.245457,-40.26894,49.07733,-28.213907,-7.008054,-36.879864
-12.603974,-2.3896878,13.980181,22.839167,4.3575153,-42.880646,-54.62423,4.562783,4.714092,-58.974155
-29.618708,-47.044216,-47.397938,-24.663984,49.523457,12.135233,41.06064,1.5491121,52.75864,-0.31081998
4.7518697,-20.189167,-3.5045488,13.493736,-29.680498,-43.657074,-19.293432,9.046653,-29.44357,-34.471268
-37.852703,-8.668755,10.4232235,-16.095268,8.979511,-26.882526,76.281586,-10.6296625,-28.247543,-10.45595
-13.343767,-50.390194,-0.6791467,-20.381165,40.539555,-4.6037254,37.190723,-32.21278,41.78793,-1.4952433
-21.54003,-10.219969,-20.06659,42.485485,27.512245,-55.634117,59.3346,-20.777058,-34.86597,-36.965652
38.07025,20.921041,-34.17625,-62.218372,-37.014153,32.66088,26.087252,-28.662415,-41.94676,66.565056
-45.00847,6.574338,-15.485977,-43.79303,-9.51274,-6.666826,24.883505,28.415644,18.97841,-71.967064
-22.212753,-33.742188,-30.721159,14.4462805,-12.437845,-46.624542,50.83619,-9.679628,-32.262585,-23.20171
-21.963093,-33.053967,0.01588571,-17.54068,4.741352,-35.869198,48.26776,-56.096867,-31.420967,-20.067675
-2.6877053,-33.99192,-14.121086,-13.061579,7.935089,-75.92183,49.63975,-22.49083,-29.499123,-6.3182125
-46.514793,-1.9471723,-28.003344,5.000986,1.1292858,-15.948288,29.126274,-8.500358,-82.75198,21.863443
-25.41462,-34.754402,-22.612026,23.230135,-2.8409603,-39.59569,23.714697,-8.804787,-12.080299,-32.70124
20.729198,-80.02277,-49.957428,-48.643654,-19.982391,-71.687675,-44.701206,-17.131235,-3.9576023,-0.76833004
-1.8243724,-30.908934,4.024716,1.8699572,13.259451,-82.124374,56.16217,-34.882847,-45.310326,-20.891815
41.925385,32.957554,7.7601542,3.0677855,-4.764702,-53.826466,-39.83583,4.2847137,-35.664288,-64.4096
-31.135572,-2.374551,-50.548317,-79.815254,-26.42495,17.400993,-3.3661687,13.188575,-31.585728,18.5721
1.3320162,7.089368,-52.977932,-48.056053,-17.039398,18.987307,29.847301,14.256212,-65.79412,54.732483
-2.3422837,-30.520784,-34.87608,-10.387061,33.152554,-20.062895,51.557487,-15.896922,67.10901,38.740707
-39.421967,58.8435,-36.34808,-47.1878,-17.933151,69.55384,31.025782,11.162249,40.037888,-32.372658
-38.72432,3.996359,-42.38853,-25.877491,10.085654,-1.9202632,28.405909,10.836454,57.854088,-41.994682
-19.184032,-1.0377514,7.50547,27.066387,-31.280846,-61.318684,-23.075678,66.987465,8.909071,-70.55787
-39.328487,-47.07732,22.135952,-9.590443,48.94663,-49.38613,43.286827,-32.333683,-23.914745,-25.23232
-58.75162,15.8121,-33.10174,-32.32897,17.280071,53.421635,21.532652,-14.341434,59.130337,-45.601048
-19.551971,-20.334127,-14.004852,-17.705196,50.32671,36.395042,46.109314,9.747076,38.4397,-47.20011
13.138553,26.345572,35.696705,-14.020839,-11.031436,-54.05325,-34.663013,2.966632,1.0441453,-46.427227
12.494689,-68.61626,-10.110343,-27.190458,53.43657,26.671831,28.22593,-11.229862,66.14982,23.610226
42.03965,1.1780266,21.763182,-24.246117,2.8323238,-7.114996,-45.388023,26.77211,-25.84514,-38.550312
-21.676031,-11.349159,-35.215977,-80.00857,-18.035818,18.431927,5.525526,-22.277628,-70.327515,46.028442
-28.578478,-44.524044,17.093311,-16.998177,27.96693,-68.80937,33.062798,-31.374746,-32.00168,-17.73704
23.972105,-7.1250343,18.349901,-6.612587,42.0437,-21.959076,-2.4413786,3.7863445,52.48376,-28.263657
-5.5513854,3.8353288,10.829207,6.1998386,-22.414171,-50.95916,-33.956024,40.195637,2.090606,-83.55439
21.477858,-53.87466,8.284644,-57.63822,32.374138,-8.857654,47.283516,-36.968987,60.273758,21.520975
-30.882313,-32.27002,-22.825209,-44.6597,-13.368946,-18.28782,23.034369,-34.63844,-21.450142,16.017603
29.334711,31.594614,49.300648,41.46458,2.8194304,-53.71661,-45.755783,-44.93904,8.590519,-10.258873
7.153857,12.757027,-19.547655,-41.385265,22.259417,3.8358128,48.64274,16.325247,-28.055819,-80.826065
5.776088,-5.408295,-46.307705,-74.97005,-13.316495,2.4737372,-16.97101,27.439976,-77.87,51.298897
6.7828135,-22.764387,5.885896,2.0488324,-18.159801,-83.673325,21.814802,-49.19739,-31.775854,-3.2759502
-26.614254,-38.615055,-27.083652,-46.454212,-13.030015,-62.678104,25.01499,21.245218,-35.841335,43.14131
8.728716,11.555449,30.75636,1.8153033,4.964319,-78.98468,-41.902905,18.651384,4.6130347,-27.81208
16.557283,-42.0493,-4.6328797,-8.460257,51.920567,12.056325,45.045807,-30.584288,63.528366,15.929789
-30.114151,7.4975343,-36.46606,-24.20644,24.886292,33.480965,50.921688,-4.083377,35.254246,-32.493572
-59.872784,-12.820267,-22.763996,-21.679169,24.789186,33.484913,25.992195,-20.715488,34.98431,-49.99231
2.056789,3.2762587,36.853073,-6.352606,-17.834265,-55.411015,-28.993254,62.478943,-27.875273,-75.55494
20.344013,-52.828022,-13.257985,-20.92037,33.564037,28.536163,43.99888,-34.47867,73.094185,38.916553
30.57195,-51.481903,10.821689,-52.06584,20.802565,13.602883,27.325502,-50.0011,65.39554,21.612139
3.7591014,34.535896,28.935875,-4.69839,-4.512473,-58.529945,-40.093197,-13.9196205,-9.966231,-64.84302
74.065605,0.6153928,27.911453,-47.5226,-1.9972003,3.1311066,-27.86434,-2.741368,-6.6459394,-79.99873
-39.203026,1.5536828,0.12851274,-55.717796,11.332491,40.719284,32.63726,6.336165,93.174934,-50.46538
-3.4186218,-19.846134,20.260199,22.65041,-0.8618586,-23.278494,10.509938,-35.444035,-36.92731,-62.8124
51.46904,16.937195,-4.8499813,-13.015263,11.009655,-20.2775,-52.66553,18.661232,-22.328964,-33.734116
-46.565487,-68.119415,23.407915,-4.0769877,3.1876724,-74.78029,45.840214,-12.178188,-51.852592,-23.124643
5.1681943,8.057393,0.5404487,1.5256765,-15.267394,-39.45885,-53.172245,9.962355,-33.287735,-34.620926
-19.942898,-35.26525,-38.31701,-28.540401,-15.1012745,17.628769,52.97052,-11.276644,70.214294,-36.374073
-51.81148,-30.054377,-53.52355,-28.191263,-18.93,-19.123377,-13.642572,13.727057,-59.478294,38.99106
-18.553751,-62.086735,-59.023132,-27.853266,-44.394215,-11.807997,-74.33833,-23.360186,-20.654982,-10.111017
4.923574,-0.65214145,6.2584825,-33.270683,-22.98767,-46.054466,-33.36166,8.346223,-11.338116,-108.03443
-59.912262,-73.683136,-15.739998,-67.40077,51.35106,-25.992744,26.21719,-10.227619,28.651817,-18.349068
24.519197,-51.439297,-31.324217,-32.586605,-8.408036,9.568813,-0.58534604,-55.715866,-67.33987,69.31554
-36.075485,-36.384716,1.50401,-8.879044,18.065138,-27.638838,60.740364,-36.10503,-34.28555,-17.86672
7.565052,-92.59682,4.560776,-43.579178,-9.271509,-4.0155168,48.37884,-45.579277,53.57134,-13.987103
29.146988,-5.7726445,21.553284,-23.476933,25.06013,-24.112679,12.508441,21.393381,41.46563,5.8886914
-42.354813,-78.72449,-10.756692,-35.226925,38.869743,12.683739,69.69366,-43.557083,75.64644,26.398264
-1.4783844,-30.128542,11.565431,-10.048271,16.97272,-76.048325,55.77749,-52.23234,-22.16018,-22.705158
22.655754,54.231144,33.549526,-19.254034,4.585438,-29.321177,-35.770035,-16.649015,6.5002084,-56.05437
-7.659532,-3.3909416,-80.37606,-50.97285,0.44766903,32.836796,-6.095968,39.439274,-31.036663,1.9768043
-48.12832,-40.723118,-66.47042,-57.72351,-44.31025,6.772767,9.579541,26.384563,-33.391613,24.062202
-6.6949377,8.47271,-4.853576,2.704693,27.859678,-61.970325,51.99493,-37.742367,15.59034,-32.64818
-41.10777,27.72649,-33.006435,-54.20741,14.250923,53.77773,50.283047,-3.6481843,59.306896,-54.25172
-42.431396,-11.68037,-55.130775,-47.7476,-9.620746,23.032782,12.189506,-39.719715,-16.12181,27.731434
-27.10542,-14.477037,14.591217,0.082087755,-31.714893,-17.624462,61.57467,-29.431059,-66.381744,-0.73072046
-27.252926,-2.0617723,-65.23697,-60.925514,-35.204994,39.848274,10.883707,9.435145,-52.28135,30.51609
-23.151508,-58.090923,-10.10613,-19.33044,6.7138023,-71.80021,3.5585077,-18.47253,-3.7717762,0.25478935
-9.109741,-27.653255,-40.145485,-74.33598,7.769149,11.863179,13.350322,-22.809526,-46.328594,32.016594
-38.57517,-25.516075,-18.233067,28.695232,9.48782,-45.937603,64.16609,-24.886103,-19.972795,-51.48229
1.5863514,1.9050674,0.12702888,17.005465,-15.906202,-46.74866,-28.45195,-0.47117808,-12.233423,-42.83822
-35.236633,-41.455452,5.741382,-40.711693,2.1780818,-42.3141,11.8231125,-14.777886,-23.154337,19.70122
-4.2848763,19.871622,16.044685,0.33222377,-28.207836,-46.470104,-12.838643,42.935028,1.0166333,-72.018814
46.195732,-4.34637,-79.49591,-75.07486,-47.111,16.358957,31.336103,6.833669,-49.758286,21.132454
25.244818,27.542513,-46.512756,-80.819374,-13.369519,30.166883,75.12183,-19.944502,-67.61479,53.26352
-31.888327,-11.0215645,-38.99473,-34.457283,-18.916279,58.051643,28.252455,0.8354189,-13.243023,-3.7025833
-41.528755,50.802673,-53.12394,-27.99108,3.588978,21.291473,17.88227,15.684985,49.30587,-33.096127
20.800543,20.809366,-27.339462,41.502197,-20.505299,-35.698128,25.449047,-13.103162,-6.5138245,-28.817545
-48.343266,-37.87087,3.083022,-24.332682,16.935743,8.311788,32.87247,-53.96179,-33.99008,-12.2789135
-34.448322,-63.850704,17.718225,-30.370077,1.8004417,-71.21229,36.74915,-6.444806,-22.60865,0.494555
-26.54102,-9.273982,-7.49848,-31.046179,-5.3168545,-25.390411,24.01052,-36.44646,81.85846,3.8612494
27.038673,24.010975,24.087038,0.30863404,-23.003407,-42.42459,-56.252422,0.7898935,4.9041305,-40.605015
-0.7610291,-90.89373,-17.127234,-28.386667,-15.7168255,-62.222233,78.60306,-7.8286557,-40.259514,-58.734455
-6.1167293,12.115649,22.25874,11.080937,4.2628994,-67.43157,-25.770277,19.686815,4.3925004,-75.15668
-32.964413,-51.797417,-59.004078,-61.9574,-32.30698,42.226345,-32.057934,-2.832536,-27.672348,28.61081
-61.676834,-62.613285,7.9103217,-30.483767,16.62275,-48.9971,-1.8907878,-3.760844,-14.659642,6.545511
-37.91529,44.237846,-45.535564,-45.495705,1.3771057,48.325367,10.257396,40.19872,55.946796,-48.32777
-21.780586,-70.99251,14.394869,-20.46366,45.857376,-18.151352,45.99383,-6.314555,45.228836,1.279599
41.96982,5.2189307,19.559748,-37.18386,9.195865,-10.223304,-37.490246,15.444481,-33.428932,-45.097073
-45.92945,24.927605,-28.728577,-37.433533,0.16379929,-16.852676,19.205667,32.845943,7.732524,-68.56458
-22.788036,-13.370696,-15.918794,16.247313,-33.192574,31.299229,52.519444,-16.162601,33.900944,-21.255852
-25.583658,-93.96372,-6.044802,1.3904507,23.255486,15.399327,45.65909,-48.14862,77.63695,9.411922
-4.060962,-25.99368,-29.27879,-34.006042,24.574633,2.025666,12.1292,-13.696129,106.15019,-0.7491226
-5.1921034,1.9676049,32.35822,-6.0067096,-7.9635735,-59.958107,-24.740847,63.24209,-27.649408,-61.225937
25.69688,-13.593112,-38.568516,-67.726074,-58.166187,8.127733,56.90301,-17.666313,-50.20113,38.168213
7.257563,-3.448364,36.01786,10.667325,-25.288698,-25.320702,-49.040222,3.0051723,-15.738546,-71.363716
18.404882,4.8086267,41.951836,14.101358,48.900635,-24.728567,-22.551903,18.26475,-10.704389,-90.29043
16.0709,-44.098568,-0.43439,-21.431042,35.085384,12.912358,52.984066,-39.000957,88.815216,37.876602
31.237795,18.626514,1.655941,-8.131689,14.656486,-42.041348,-46.660473,37.218502,-2.291283,-37.72291
-24.85563,-44.359608,-14.736968,-16.703087,24.12826,10.499223,39.463203,-33.15465,42.732838,33.459743
-30.751633,7.0564404,-46.867363,-31.788887,14.371146,22.681427,40.87991,-3.161109,63.409893,-52.095844
-56.127663,5.6710224,-39.424305,-14.955586,-0.35790023,48.60385,26.419447,-6.2356706,68.363266,-33.63223
-11.004236,-60.29538,-20.60771,-23.084028,61.417133,-14.336439,45.872334,-22.801958,73.63127,12.259331
-11.498741,20.09239,-78.613655,-34.71944,0.27400875,27.626583,15.440677,1.4694734,4.4995365,1.7983274
-56.78824,-4.2354727,42.669544,6.920475,58.882977,-55.084824,28.003159,-55.62956,-11.982621,2.0116706
-29.677683,-64.485954,8.215794,-44.036076,39.51103,-1.3713734,49.483486,-26.409502,65.55542,22.485727
-4.2810855,-13.152956,10.229579,15.615275,33.42867,-58.295372,-25.826645,-37.126797,-16.639626,-39.712753
-23.974789,16.042128,-20.981049,-13.671495,6.690298,48.344753,49.706318,-19.440907,32.573235,-35.775017
-38.348248,21.463484,-44.007404,-17.668724,11.809002,34.980373,24.686995,-23.053062,35.129704,-46.226196
-17.253471,15.39021,-51.35838,-53.385246,8.29722,-4.0208874,-4.248567,-21.817461,-52.953896,32.01944
9.996177,7.2706447,19.254786,3.1234734,2.3319433,-48.10377,-16.384146,57.73623,13.208353,-50.561466
3.2358494,15.121663,15.734043,-33.085117,15.087185,-50.872383,-13.968417,39.147144,-3.8384058,-73.48533
-4.7508197,-51.26169,-2.7341237,-14.230008,59.422737,14.765656,48.98009,-51.124405,67.06532,13.582102
6.821648,15.7027445,21.452682,17.233442,4.2770567,-71.37623,-22.114195,10.883559,2.8321006,-51.834175
-29.463041,-24.553478,-10.287477,42.00784,22.780106,-39.565506,63.44868,-34.859425,-32.96483,-60.28054
26.972845,-8.263711,11.6485,-27.267275,-1.3529584,-34.938015,-18.31845,32.13221,-10.075248,-106.58377
29.655592,-21.358109,-0.021242294,-29.304976,-20.48436,-26.993738,-17.25074,28.935524,2.353473,-89.370285
21.682575,-42.80967,-0.022613613,-0.8971955,59.465427,7.277622,46.153214,2.8792238,74.96517,30.48426
-29.492115,-33.023575,-5.189099,15.419116,-14.861074,-56.51916,50.969284,-5.0791044,-48.38358,-14.889102
-46.112106,-45.05062,-39.17639,-29.456278,-12.643563,2.2290819,29.06934,-23.971758,-16.83048,17.124014
25.979233,8.35812,23.02768,21.846436,-16.022524,-22.826202,-44.699764,-17.96806,-1.6955277,-78.788925
-11.027071,-29.227613,2.9293451,-34.909233,19.76298,-41.42801,11.130019,25.230692,28.69856,-25.40647
-34.84113,29.09615,-19.04407,-51.891888,18.555946,47.863304,20.260302,5.6297507,43.11964,-45.703182
-4.1177354,-38.00741,-69.14713,-65.04134,9.200343,0.70332193,33.739555,-12.198472,-104.97942,9.236998
-38.735497,-29.935709,-21.603159,1.0802233,1.9857947,-23.719501,73.1573,-31.546104,-6.6972513,-7.980979
16.31855,23.108912,-53.743237,-90.55359,-50.82468,37.22311,36.20888,2.1074631,-32.11284,55.421875
9.575186,-0.19173943,-8.744398,10.677496,-56.61408,-9.618003,-28.063042,-8.658129,-26.907198,-26.90701
-78.20839,-61.11352,12.353825,-7.536445,-15.528306,-52.551365,40.91245,-34.99328,-44.130287,-12.659776
-37.106537,-69.12623,1.0528805,2.8846672,-37.776745,-46.945187,58.610847,-3.599011,-37.795624,-34.782066
-23.976011,-45.31603,1.1546726,-46.961815,38.15997,15.298715,69.36428,-38.63701,42.17684,39.465088
-19.561375,-7.748884,-28.596542,-47.707428,-33.956993,30.156528,37.095722,-22.757044,16.435257,-23.000929
12.210533,2.7037413,33.81495,26.48718,-13.276858,-68.64134,-41.69044,26.091091,11.576144,-35.571487
-64.97668,-51.85878,-46.630074,-40.440056,-36.941933,49.124954,-41.375854,-8.7769985,-39.066654,33.220997
-42.080166,-7.4319468,-17.197496,-23.1393,9.979416,-105.489136,39.15839,48.652023,-36.846355,5.590451
-27.827919,-53.569653,-0.21339633,-8.726313,-27.369093,-45.1902,64.39221,-19.219858,-38.137127,-49.55982
-27.26485,-37.509792,9.138663,8.094243,56.68096,-48.88698,32.11831,-57.479263,-11.907234,-41.592594
-29.667246,-38.36857,19.627026,-42.515347,-4.4570494,-61.538643,23.354774,8.100266,-39.937416,25.894533
-7.620286,4.072301,-27.249556,-47.300587,22.05716,15.707044,1.5678751,-27.39883,-55.292507,54.129578
-14.432176,-46.608784,-2.695735,-16.269442,19.880379,-58.92334,61.803864,-7.2783623,-36.707596,-25.306377
-6.078987,-59.34864,-6.1648164,-12.3090315,75.81578,7.4203396,36.199524,-43.064884,65.234085,3.902975
