30.717642,-16.295887
2.6101003,-46.769222
-43.347176,22.116194
54.8248,-65.08125
-7.280233,41.59291
20.130802,-67.31423
-8.731958,-33.96161
-33.76097,44.826347
24.526453,-45.050343
25.02874,-22.011951
28.928398,38.46415
6.2340713,42.157784
0.6574371,49.459305
60.82403,-8.251474
43.581474,-48.604477
5.2910733,-35.462467
21.551785,50.701252
-12.231621,36.017323
36.207355,-19.942791
-56.217285,-10.481713
-57.33702,33.891968
-13.970746,48.527084
28.97883,-72.244705
4.362545,-33.538074
31.844103,49.467518
-29.13674,35.69223
-41.73214,21.80947
3.0081038,32.979385
1.0796785,32.901993
-21.53248,-11.397904
-26.09748,45.307587
34.809486,-17.40492
34.77754,-17.657476
19.989826,-37.6123
6.2524877,38.669827
-8.387107,-8.786279
8.610943,47.37967
16.870722,35.682663
-62.404564,22.284344
29.076345,-17.502907
-10.345006,44.44783
-47.337116,30.911661
-16.919794,30.310202
-0.3440658,51.14048
-46.485,31.72296
-77.38417,22.360327
21.73845,-22.742804
48.239105,-28.796211
-71.07624,33.11815
29.903389,-24.943153
47.009167,-36.31711
11.508126,46.22183
6.4592066,36.73433
-46.800724,29.34844
-16.679417,40.66839
50.18791,-56.399014
-8.412311,-30.525278
22.55526,-14.780463
-5.8934975,-2.8860776
5.857688,-7.4864297
-7.0912523,29.978712
-51.214016,-0.8266153
-23.107138,-54.233246
-41.494293,44.50299
1.0730815,-38.762024
29.899532,-42.791138
-33.683716,-6.51045
-47.51265,-8.821539
-4.716936,1.1319214
35.772224,-1.8205627
47.139168,-23.595682
55.89345,-46.334526
-0.48112512,35.026512
6.2347746,-64.7059
-63.220913,29.4654
-33.1937,47.891647
38.679123,-21.146994
-43.775585,26.84455
-68.29608,5.2343225
9.264021,46.783375
4.2923727,51.754868
-6.580399,-37.293667
11.476237,54.880516
-22.957664,41.096245
-18.421638,-10.124325
-22.314047,8.240288
10.047474,44.435448
21.240776,-28.831856
-12.053982,51.31402
-9.908103,43.33719
-37.828995,32.007458
1.3452501,55.637417
-70.604836,18.544294
1.2782443,-3.451671
-1.5101125,-9.039287
57.99193,-28.1523
15.01739,1.0381796
-56.641792,42.68428
-5.7756605,-54.46667
24.435366,-83.08496
3.242174,10.780574
-45.197556,-8.181553
-41.529526,41.538414
-67.80103,16.99225
-15.606598,-34.222504
18.087498,-28.045816
13.166232,28.832941
-76.673805,23.402405
60.390156,-9.993689
-2.2041242,-1.5026686
-35.023537,32.709816
-31.419373,44.37588
-51.91554,36.537582
4.4749823,16.021172
15.615653,54.839706
-47.39567,28.214869
0.76699305,46.010906
1.2912376,42.55432
-0.2614585,-3.5317526
1.3307664,26.612286
-73.81964,29.161636
43.52877,-20.61976
20.442701,-20.268759
-40.441727,39.7771
22.448544,47.94505
51.001312,-29.99208
-39.495277,4.961981
-41.59394,34.589966
-66.71508,34.711567
10.093492,22.350758
9.711369,-57.597633
15.951686,-28.329689
9.00129,61.093613
15.334193,53.537403
-40.60434,42.779667
-57.366837,43.84754
45.854168,-25.161612
-14.498703,-10.57257
14.099272,41.084213
-4.066777,-23.065458
-69.42274,37.519688
9.472141,56.643692
61.745514,-26.770771
-63.79603,38.51401
-72.64577,22.271936
-38.718296,18.694494
57.697277,-18.982012
47.12219,-31.124756
-63.367126,38.901527
36.255188,-22.482864
-6.797891,41.834274
-10.415997,-28.47726
55.425793,-27.100351
1.032917,48.815147
63.71806,-65.15564
-45.181377,9.241685
-50.016975,41.911095
-21.860622,44.27964
29.945055,-5.9578295
45.195705,-36.352936
-77.22437,22.974207
78.43769,-141.57986
-0.9655646,47.53238
-31.656853,16.241243
6.856627,42.921516
6.37815,38.21894
-63.02375,9.20738
-65.817345,8.640439
7.9247427,47.6024
-28.611757,-53.105137
1.4241276,50.262863
63.23209,-30.65406
2.3992622,-1.9988732
35.889057,-43.127163
21.28608,-15.279748
-58.523315,42.58465
4.009599,-24.855762
15.376849,52.690834
-50.793713,39.604332
-16.418318,-41.239494
-67.55701,35.81556
45.19791,-39.007442
-9.179622,42.813995
-58.964874,41.970055
-53.2358,-5.324412
29.390972,-16.186863
-19.443712,-32.96177
-8.487478,-24.17651
22.258324,10.332825
-8.477927,48.011505
37.193054,-19.769096
28.190893,53.767044
65.95202,-64.059
-51.56338,29.309498
72.332085,-104.62286
69.74064,-31.58489
33.578304,-69.52416
38.963852,-22.370089
1.4130201,36.515305
38.498257,-22.650795
-20.864725,42.3282
49.07033,-25.932594
-32.10395,-37.599876
2.2811303,48.657913
-50.37938,42.197166
14.951565,49.037697
-47.890583,39.68225
7.0640316,53.90088
5.0486026,38.69908
19.642689,-39.55606
-14.9927025,6.406745
-1.4572053,37.7778
-45.03592,47.10937
15.937376,44.286522
-73.023796,30.534351
1.4561815,34.43587
-62.921295,39.858894
6.8821707,-3.2798023
0.18764377,40.302456
-1.4312177,47.6304
-56.651157,13.8249655
-35.42714,46.485832
14.156404,29.102236
-69.044785,38.75897
17.336401,-11.303294
33.53802,-17.558014
-1.8154294,27.705912
-40.06822,6.211853
-0.44548872,36.89171
-36.123203,-34.301254
-44.96125,32.64766
67.817924,-10.888498
11.211061,-9.716668
23.337751,-21.69868
15.888811,-14.280837
-23.104065,46.97103
56.80635,-46.862957
8.399341,54.48611
39.06184,-47.008953
-17.5119,50.02418
21.06949,-26.215902
22.95054,-33.8252
-65.088585,37.440437
-21.316938,-54.638508
50.293064,-27.443129
-21.110289,32.667393
-39.60605,18.970257
-10.890284,-18.091417
-35.608215,45.86364
3.9064815,47.320618
-8.544131,51.421444
31.940489,-22.265242
-38.577396,0.05136019
7.8366203,48.202805
20.0458,-26.380545
-71.62616,-6.5982676
-35.824673,52.30921
-46.18835,23.966452
-25.927547,-1.5534769
-28.430582,12.711722
41.94337,-19.543818
-47.208057,40.740883
30.14814,-52.62129
23.68525,57.6613
55.93214,-28.632765
9.279711,47.20343
-30.165398,38.90349
-26.841993,47.170662
6.478991,49.2491
8.208136,42.73095
-14.795559,51.675735
-71.98237,34.265255
32.23402,25.502264
-24.520802,48.08186
-6.231746,37.944157
-7.901164,2.890258
25.308107,-59.332905
-1.5572674,49.820793
-41.57811,40.840065
-20.273205,50.976414
-78.76514,19.36549
22.671429,-27.239256
-23.731546,-24.366966
9.525214,23.047155
-47.45904,30.13528
40.017277,7.1369767
19.56802,-21.928053
-23.144,10.173911
3.502524,1.3622985
-8.576733,-44.759884
-2.1685932,-16.342474
48.803646,-25.206581
12.490796,21.878057
-46.84728,31.56265
-41.814186,29.726877
3.2766356,56.826176
3.7586741,-10.867596
52.332108,-62.957973
50.230606,-23.1737
-17.122581,38.56286
17.898762,-26.12997
27.73891,-0.5570568
41.9219,-10.9622135
-36.411385,17.632113
23.301456,-14.875681
-14.587862,-21.749043
4.2377357,32.657215
52.746395,-23.248512
12.173496,40.275204
41.086636,12.368844
-7.2255983,1.9634988
-56.488472,24.581001
-18.791674,-25.888252
-1.8558824,36.979717
-5.215773,-12.808854
2.6254325,44.91981
-8.963273,39.06846
55.784786,-20.451288
3.7093992,50.54422
-9.002552,-2.4286296
-23.75065,31.37882
51.585278,-90.28683
-30.436775,-12.45695
-60.615303,30.516523
-78.00967,20.438435
22.896622,-75.47841
34.90874,-17.346613
-79.10592,16.709637
37.237785,-21.635864
29.414352,-15.973148
23.788078,-52.49044
-76.74278,23.970867
20.06329,-38.528072
22.79673,35.948715
34.7698,-32.25344
-38.939888,17.42235
-7.492641,-22.515676
29.247795,-23.804552
-64.50279,38.524628
55.43182,-27.049
2.7034822,42.832222
-6.754528,2.1834
48.55496,-58.510475
-57.497845,36.601715
-8.532263,40.08547
-49.474056,44.521706
-76.24688,24.66752
27.529404,-8.230233
0.13084531,44.196373
10.220521,-8.902237
22.97065,-22.81607
-52.08014,41.12403
42.92982,-27.436052
37.15426,-18.494959
73.25426,-37.492268
13.167115,-21.417734
6.3622656,24.506983
-57.044575,40.88752
14.052863,52.08802
-23.314468,8.0196495
18.370983,-14.534554
-22.190308,3.9381118
20.195118,-42.784897
50.745792,-25.748613
46.56535,-21.683657
-6.8153615,6.2579126
-35.179104,-1.1912497
12.394639,-38.52897
-60.84876,39.7631
-32.71785,-33.420406
23.609331,-42.874992
53.130955,13.990072
-79.46874,16.593004
49.98765,-90.23411
35.854046,-78.696625
-67.524635,37.134037
-55.31476,-44.725407
-8.833483,29.889517
-37.76109,18.990984
11.7664175,30.926203
-61.7274,-1.3043073
-35.920902,39.889812
10.695134,-9.903838
-77.012146,23.404932
-27.383171,12.613779
22.810417,-52.916668
14.718902,-19.207016
1.3953989,56.58362
53.54188,-27.230288
-44.62795,25.159605
27.33352,-44.4794
62.913933,-66.37629
0.962847,34.125015
15.204761,51.629505
26.916653,66.062096
-8.182321,-19.970268
-3.3659313,42.374687
-47.66438,45.58139
-68.825874,28.012007
35.87463,-18.624344
-6.0648093,-50.6441
70.64049,-56.124817
-61.713478,26.676048
18.361511,30.787392
-7.498728,50.116673
19.698359,22.179276
3.4228215,-3.0184367
-28.968178,-4.229964
43.250614,-22.876814
29.630627,-20.412136
-1.5700253,12.140858
71.42831,-57.42536
-55.82654,41.152878
6.93948,46.12952
-29.74198,-43.119755
20.430096,-22.235603
-0.6302922,58.435715
33.34225,-15.254374
-11.928983,-26.960884
73.24819,-58.597107
15.8734255,-25.419048
3.6651168,21.05579
-61.58256,24.314
-1.3254237,37.348804
8.624967,12.334637
18.270218,-14.017516
43.995518,-24.664145
-56.96525,1.6647353
-42.029995,30.271418
11.6175,-11.554281
64.74454,-85.563446
29.9462,66.190765
4.275225,-4.061683
41.879017,-85.79381
-34.32425,16.654232
-51.511692,43.50113
9.843245,52.305054
2.2115178,36.676876
28.127754,-53.000843
-2.528032,-0.6593767
-35.347683,45.501472
-12.025482,4.7341466
-27.428211,45.476242
-2.3116322,40.48026
-45.831062,22.620016
-19.70753,-35.470562
35.774837,-91.067535
28.569149,-18.27312
-8.925268,1.1128471
-28.971361,13.825013
13.396682,-62.17502
53.75487,-99.315895
14.30804,-3.0979617
0.10444594,33.18052
-10.252738,49.836243
49.362637,-92.59403
13.690655,-66.17874
-54.16002,36.78372
16.730879,57.61228
30.673664,-38.942146
2.2938015,35.85376
-64.71627,38.537373
35.43896,-18.23
83.2238,-63.809616
2.4525082,22.488495
-21.568941,-23.696579
-9.115048,-18.2554
42.54023,-21.536417
10.493832,-63.760815
-52.410328,-14.0816555
-17.172901,-20.45135
-14.606568,5.637685
-6.6062264,45.503864
10.478845,59.221912
5.9214697,52.86225
53.247475,-39.082897
-3.8919353,-8.759095
10.938148,-12.107795
31.188595,-26.64162
60.79693,-35.9149
34.414833,-70.886055
27.230623,-18.941044
-1.4605752,45.841446
-5.6150455,-44.585655
30.038427,-62.63176
-20.612457,19.871939
-71.28519,34.27215
-38.335648,8.810495
4.0301337,41.691166
-66.58155,36.006725
-41.741283,24.344973
-38.396427,19.720556
7.94923,39.395912
16.030035,41.13076
-24.553755,48.92845
18.701843,-23.596083
20.461857,-26.195124
-67.69512,38.241615
-34.06907,15.852482
-5.945645,36.091915
11.803971,47.161884
-28.005795,39.815155
0.37730515,29.139006
-59.49258,34.432457
-50.34788,17.770489
-73.63936,28.646713
21.104713,-13.608892
15.582368,-11.694253
-20.677568,39.55225
-65.58933,37.707893
-3.567286,48.89895
-7.8350472,49.823563
-24.71653,11.655168
9.020542,40.737843
14.232142,54.84332
-52.199112,21.475447
-65.78779,36.89018
-33.32566,16.033676
-49.160576,-30.630003
-44.606663,28.181522
-79.95296,6.8422666
35.405243,-21.91747
71.32007,-43.31586
-75.49996,28.008566
24.773102,17.004524
-33.46585,5.5471463
-11.300486,26.32432
-15.077212,40.038013
-11.729187,0.04698932
6.164551,-38.25205
-56.548626,2.264302
-36.185753,18.023502
-27.03243,43.62599
15.9866495,56.048573
-28.759624,-12.208886
5.792213,37.629784
10.821933,-26.176157
-1.9731883,-66.50106
15.375251,52.65052
-28.06452,-36.159496
-22.01585,9.212314
55.06661,-73.9609
-10.300744,42.87985
17.013786,-24.439955
-64.95472,-1.9273491
12.778407,6.764177
-43.791996,47.90487
-46.18998,44.61117
34.740566,-17.784224
53.718513,-18.270535
2.3612795,29.90806
56.396267,-21.756517
13.213092,53.626785
-44.423634,33.109844
49.465,-91.16267
-36.697403,35.558342
3.176505,45.696255
-68.68071,-1.0808634
15.436706,11.33698
-65.09998,35.28111
-4.940825,43.712753
-1.792501,45.383297
-25.813354,42.172295
11.893744,37.52124
-8.99007,30.587065
-24.611708,-42.49842
-10.453616,43.82841
-68.71727,35.74131
30.368532,17.194464
-7.0808153,-63.950138
27.484997,-41.959286
4.2055383,-35.4343
-3.411682,43.390007
15.539666,-38.7242
41.35078,-2.7846038
29.008831,-32.231506
3.7472274,48.45266
3.6445098,34.081516
-37.140068,30.353853
-67.83733,35.90619
-39.92269,20.599672
-6.88938,51.630142
91.35433,-78.95002
52.39431,4.3752437
38.581654,-18.770632
5.869773,35.33388
-48.94564,-15.279346
-8.181146,35.006287
-24.066648,42.113815
9.851462,52.33215
25.187168,-42.852264
-56.727863,41.02335
-18.874294,50.287376
51.252457,-67.92955
-60.755203,35.375786
7.354019,-22.625814
-34.801773,-15.063983
20.65031,-38.74892
-51.269897,-23.576149
-21.857288,9.120675
62.6711,-74.48267
25.129608,10.953364
-44.20054,28.84978
57.432026,-27.168255
5.8531947,51.90132
-29.740648,4.071955
58.680332,-34.912502
-57.50993,27.9596
-38.382595,19.352682
-8.981512,-45.28019
49.18465,-86.36073
39.59177,28.811012
3.19008,-5.3721085
-24.636992,-5.6457047
-48.703735,28.247149
70.7252,-40.54927
-47.84176,47.51671
-50.09479,29.75283
-15.217232,48.463947
13.5681095,-31.931723
-33.568768,11.810102
16.742924,-20.518734
56.662254,-14.280663
59.856976,-104.57886
22.874218,-60.725113
-13.26395,34.446747
-49.79823,40.35337
10.902629,-27.850647
-35.0338,-7.2280846
39.14108,-23.002073
-66.14974,-32.120667
50.211246,-24.398607
6.1915703,52.134525
-66.05818,13.709489
95.67437,-36.787033
22.173464,-22.40412
26.927671,-59.055458
-70.81196,31.844107
19.320284,-71.68177
27.95601,-16.512266
20.380558,-31.243618
34.28413,-25.44094
10.424487,-66.68956
-52.747406,24.997606
11.779026,-7.938608
-8.158745,13.083094
-43.11868,-2.2923355
-37.77817,39.227043
-46.37695,33.165077
15.946948,-14.535583
11.865381,48.58055
64.44422,-31.780985
-40.793365,46.008278
13.370265,-15.845641
-66.30625,31.415562
-60.51314,-10.538961
-34.124382,33.65145
22.469301,18.625788
0.48427987,48.880768
17.884947,57.28762
54.62513,-77.17097
38.15134,-44.6118
-41.11505,26.463848
-34.472942,14.999915
0.6068516,38.606148
31.177952,-27.109207
1.964895,46.44372
9.554238,-7.666654
43.12729,-53.492775
-41.95684,34.35682
-37.27576,7.257061
-1.807564,42.71183
-1.3668079,31.82394
38.294758,-71.22587
81.90728,-35.935772
13.114924,28.133226
11.561349,-10.640241
4.613339,-11.760854
-6.4351516,-3.398841
0.79612803,15.168579
-53.549587,44.39476
-0.01092238,53.905163
8.731793,18.538197
-62.529686,36.79721
4.042067,35.346268
-42.890873,48.431732
-10.712935,-53.023518
70.041534,-27.94687
24.065311,13.202787
-27.04983,-45.711346
-44.810406,21.445997
-23.033758,-54.025043
-0.670575,38.6091
50.086056,-23.625551
0.08434797,42.993393
-46.278828,45.78398
-10.6027355,-27.155403
34.04415,-39.02606
-47.63864,33.19944
-21.634443,42.074135
-70.48616,32.561405
17.468338,-40.602825
82.41102,-146.75836
22.59471,-19.864502
56.93397,-55.11924
74.15607,-33.732708
16.536266,47.68748
5.384087,34.507446
-47.92684,32.754814
-58.165627,34.647804
-27.00987,-19.631166
-7.4281173,0.56368905
29.58066,-61.62323
-56.231133,34.78386
48.018963,-23.617464
-47.097473,28.327738
3.0959249,-14.040003
27.074986,-16.481604
-29.369831,-19.490244
31.098766,-16.131588
59.537403,-22.790646
24.052166,67.04117
33.653507,19.486986
10.04314,15.308949
-11.712923,41.75354
31.476437,-17.133165
43.14568,-29.031473
25.346987,-50.70822
7.688073,-12.453646
69.50937,-98.42949
-37.915737,47.35741
36.50737,-30.70456
16.185745,45.319237
31.981544,-50.807606
44.515396,-20.659796
54.17112,-25.701715
-32.99245,-42.807186
59.2253,-27.467346
17.593624,-59.201656
-64.66729,28.16282
4.166807,-51.55659
-69.32385,18.954355
-46.873253,29.72708
-24.443857,52.711857
19.417856,49.70104
31.454643,63.48285
40.821865,-19.218626
9.954621,20.24023
-60.818756,36.213524
3.7646446,45.274315
44.23499,-23.416334
-2.188343,41.463234
26.387403,-47.291515
-63.467365,34.519722
29.14693,-77.02101
-36.472706,17.867804
-13.668974,-7.1105976
28.625431,-0.42385304
63.58907,-59.018555
20.708258,-58.978622
102.90655,-82.00727
-57.210495,38.48153
26.785135,-52.23105
5.8791733,-51.674866
67.61855,-32.160744
3.577106,55.41033
-40.9318,-35.888306
12.701253,38.068436
-34.342552,16.655977
-34.8625,41.015076
4.297341,-54.755566
-1.5934442,-56.998146
37.79791,-18.597612
7.673677,-14.283507
43.23248,5.8868885
-24.661057,1.2445178
8.535146,25.055899
-16.542004,46.43605
-12.551342,37.60866
26.95936,-16.205576
-39.499252,19.920418
-68.782936,37.767498
-32.155933,9.445553
-6.5253863,27.197191
44.26154,-25.005981
-44.702515,23.109049
-60.195187,40.8459
-8.479617,32.039997
-63.059486,40.981174
-1.2281295,-55.35792
15.91081,-17.708239
-35.38658,5.360783
-34.57571,37.799038
20.825443,-30.115654
0.72423553,41.101246
57.439236,-45.11643
-5.781435,0.78157383
2.5077524,52.493553
37.614098,-18.603228
-39.90243,-37.207603
60.114326,-33.988636
-19.823603,-24.731346
7.7016125,-14.185552
29.208256,-16.951473
26.84689,-15.13922
-71.431175,32.40846
42.454105,-19.665005
40.51516,-19.420229
-38.110043,15.172858
-8.934465,-38.877316
41.223118,7.242254
-19.017853,7.792916
-65.01726,29.903687
-22.708162,10.567074
-4.3348403,-35.179726
-4.4410186,52.00453
7.3587756,29.710897
38.215878,-20.928923
22.324516,-47.64251
46.966103,-24.081547
-33.197536,44.59331
43.756626,-22.868881
-30.90224,47.549015
-1.4549918,53.733337
-60.128315,43.791588
30.768871,-55.105396
-22.91215,0.0426628
3.933734,28.046053
5.8764668,34.709633
11.861814,24.85863
-48.156315,42.935497
7.227453,-21.32956
14.531444,40.46231
54.113422,-24.861746
-1.0014489,9.406612
-5.538518,44.484207
20.892868,-28.901852
-22.59978,-29.401577
45.275166,-16.982918
-24.42632,2.8383856
14.429263,0.24826884
-24.112635,-14.488636
-3.8222237,43.641953
16.316212,3.3800416
-4.710378,55.61124
99.79342,-133.72406
30.21349,60.89959
-21.828737,-59.519367
-56.787083,43.208176
-39.76876,25.27421
28.74854,-21.084017
35.543938,-9.992609
34.069622,-50.294212
50.32825,-27.722866
-12.83248,-40.817802
-75.14237,27.607979
12.318818,-17.487556
-59.476925,41.687683
12.752614,-66.25694
43.994946,-20.099035
46.944878,-9.736143
65.05897,-114.8659
-0.8631055,-25.300392
-10.589909,41.50567
2.0416462,51.47902
-2.0396855,-50.91991
27.73747,2.255218
1.0760455,47.28862
11.474301,42.38922
28.202011,-52.471302
-38.76552,3.5574005
35.729,-58.471535
-23.33534,2.467074
-11.36456,35.78887
-37.866035,0.65394336
-11.143789,49.12439
8.476743,36.020214
-28.47032,45.0839
-45.241734,43.75779
-23.137873,31.220993
10.935876,45.60936
60.444595,-24.99205
0.21068919,34.891796
-19.23994,38.962597
-44.63972,21.294277
10.696845,19.94987
-21.82324,-55.030865
2.7810707,57.224422
-4.233735,49.263622
-14.40921,44.256382
6.9817967,-4.871397
-66.922325,0.9313043
20.294151,-13.089707
-64.185585,37.701435
14.706814,-28.660418
51.91648,-4.826174
35.38783,-27.568724
-45.459568,48.507133
16.250378,-39.203266
2.2575674,41.328907
-19.341906,38.7228
4.353711,38.203705
27.546581,-39.261196
22.225674,-37.319134
-9.332249,47.218727
-57.907196,36.703156
-42.37391,46.2391
-38.66403,39.585648
2.423858,35.01103
-42.67584,30.77463
39.92535,-72.937584
-63.220894,38.230263
20.981659,-0.13895887
9.95386,8.552663
10.543554,-69.19638
7.844638,30.008799
-0.8934921,-1.1178992
-13.848004,-40.397327
13.346852,-15.654359
-2.4823728,53.6305
-34.95448,0.72475415
17.430685,-17.301748
37.32608,-25.392527
-50.13182,27.36199
41.64948,-41.742256
-41.813293,46.280968
27.98814,-15.382843
-35.37455,15.671324
48.643745,-92.17716
-33.58431,-24.735027
-54.9785,-18.383598
-18.265572,33.699028
34.319206,-40.309822
-8.304285,-15.19641
19.982819,-24.566118
-45.62578,22.339363
22.669073,-16.159573
-6.8298287,53.999096
-65.33466,37.09074
-73.49708,32.10989
-58.485397,33.718735
52.472828,-22.738876
4.407908,57.14971
42.646687,-11.322938
-45.773033,17.824907
-0.18377675,44.65854
6.5692253,45.41684
5.445153,34.01589
-26.691473,-22.150944
-40.641167,13.461965
0.76507026,17.469095
40.76413,28.812769
13.930512,-9.222613
30.572306,-26.335293
-57.245518,29.755608
8.672831,39.096554
43.762733,-45.67467
1.1651506,36.457848
-43.107708,14.59879
7.217163,37.210236
-13.050774,-68.564285
3.5899115,33.39307
47.136894,-68.944756
-67.994705,38.79975
-18.036995,-10.274062
9.51302,43.333614
-23.149698,33.678616
6.137148,42.344486
-32.131256,43.82618
35.584743,-64.16449
32.053387,-17.760275
42.901897,-76.60073
8.680272,52.106583
-1.9416947,45.61416
-52.13345,42.757797
37.37002,-22.528358
-50.425964,37.84385
6.274722,43.019943
-2.6948397,35.64601
0.34355494,-2.1677136
-42.62483,22.667147
34.104084,-36.434517
6.1908245,-5.2469788
-19.828001,40.570923
8.367252,-10.056579
34.561275,-18.030289
29.342615,-17.001352
25.9701,-42.58046
-11.297844,42.916187
-47.014263,47.025383
48.194942,-40.362892
24.777859,-15.396565
-40.615948,45.82648
12.749372,-18.34507
11.523375,-6.672284
-61.217583,41.80554
38.50272,-22.637302
15.061134,-11.448406
-29.657784,48.016136
22.482319,-63.230774
-67.67839,37.01013
-56.827007,40.396217
-2.1546419,38.620323
72.28004,-80.79829
1.4990668,45.110916
26.995611,-74.63726
-0.967107,-4.5085564
-61.58022,39.403965
-13.609357,43.372894
-0.3657011,-43.497414
-29.295748,42.00421
23.949448,-14.740944
4.7769494,-7.8883514
-47.996216,-16.406853
39.267498,-22.280851
-20.361172,9.166846
-23.986166,7.7418075
-66.44823,34.111687
-51.248734,-11.55445
-19.946741,49.70602
19.177769,-0.6952342
50.118526,20.272938
-0.99304354,42.76325
-54.835693,35.451485
-45.90606,39.092995
-25.318462,9.012996
-33.971985,46.976204
26.540298,-44.464127
27.966064,-15.4693575
-18.125729,-49.130177
44.657375,-55.325863
45.61265,-57.75706
-2.8609555,54.029198
-52.3902,42.68737
-48.85718,43.037025
-19.407335,30.813215
-72.20169,29.65656
22.800709,-24.132814
5.135416,43.327126
27.56251,49.436462
12.284953,-56.639847
16.414639,-11.140288
-44.733967,-53.54754
52.522694,-22.778194
-19.806908,48.83423
24.001007,-15.9107065
9.784774,-54.765392
1.7341084,-46.78807
-48.5676,43.278427
-64.13699,40.701237
36.564167,-5.5961065
-46.3468,44.656742
24.17846,19.106394
-40.248367,12.6899
38.285824,-7.034881
37.361824,-37.68646
52.627544,-25.784307
8.283243,36.900806
75.92353,-111.51164
-26.199905,46.24628
-47.73865,40.804756
-27.862417,4.2867346
36.68618,-19.340717
3.320688,37.665485
5.648909,-6.4814525
-1.872476,43.693245
39.548496,-18.804668
-72.47774,19.948063
-0.12883146,14.812122
-76.59579,12.01896
6.5058527,35.322002
47.677395,-31.749565
-18.801178,-16.392124
-41.17469,46.077938
-0.08348921,36.947937
-47.345535,29.376682
-8.514389,34.158695
60.708553,-25.680685
-46.518074,33.79338
1.9063873,34.65649
-42.325367,46.07208
9.0715885,36.623024
40.931957,-98.55237
26.714848,44.44884
-51.27326,-7.1904883
7.3295927,-29.981916
-47.30894,17.744833
27.728733,-56.018597
-32.398983,46.921017
8.714797,15.805598
27.98001,-13.920206
3.9237726,40.712463
-70.181816,35.019356
57.30792,-30.225807
-43.89054,40.573914
32.013386,48.407166
3.0307665,-2.543707
6.846966,-25.354782
-58.64391,40.633835
32.666126,-23.247478
-30.363388,-8.999477
-61.840233,3.0894892
-57.57359,42.698593
1.8731747,-65.85852
-4.660225,-3.0656736
20.637894,-51.982456
9.284218,-16.511066
-68.0109,-17.633228
2.6971765,-14.168338
-48.50031,38.123344
1.8175725,38.130226
49.799774,-25.843454
-7.650918,-39.146904
51.590553,-41.895374
-27.775988,31.05937
6.4376736,-47.105373
27.274574,-26.965542
-5.0562553,-40.816093
45.467663,-74.799965
-51.20385,21.226149
-8.921885,-7.1179376
-0.569836,35.09442
52.818676,-62.84078
-27.139973,51.389664
-38.9062,-49.521
-20.039442,0.70409006
-13.505741,44.46543
-35.79352,29.59579
3.5520198,31.49995
32.76693,-16.68282
30.608253,-36.34766
-14.074332,-30.79544
-7.5612617,2.3867679
36.128365,-17.840551
20.156902,-72.28189
-56.44591,43.018974
-65.69147,38.077015
9.960974,-20.698029
43.68319,-47.483067
-20.758781,39.704185
6.82599,34.78356
13.224008,-17.0158
-44.062508,23.067593
-75.80852,23.964025
-27.727545,2.23137
-32.42475,3.654909
26.9995,-73.56785
-40.542316,43.831177
-46.976208,43.768578
-3.4404564,-11.850684
46.77791,-70.06951
34.473778,-44.638752
4.7805786,-58.660576
-54.98983,42.457054
43.394318,-90.88859
4.8871436,-3.2261934
-6.3726635,-50.776806
-52.40743,42.16975
-33.73487,31.619228
37.511677,-60.816856
7.1882615,41.17571
43.08516,-83.454666
33.5502,-19.06087
-3.07889,42.508858
44.192608,-21.06445
-60.350353,20.599834
-43.527214,9.025523
23.39638,-16.041368
37.624817,-33.956448
-0.098897055,49.00404
-76.50884,26.151985
37.19164,-55.21348
-65.827095,36.230843
25.562855,-35.756218
-5.641023,47.073112
-51.300663,47.858917
-60.704964,40.127434
-63.45137,39.025402
-39.10262,20.435808
14.580318,-16.218033
32.537746,-17.154837
-70.94248,0.9188226
-33.77732,31.373827
46.057285,-22.206543
40.938602,-74.20097
10.810724,-37.751648
-56.377655,42.448322
51.670063,-32.295082
-21.17928,24.848352
-26.627018,12.347876
84.23266,-29.528984
-31.60453,-39.356354
4.3657136,5.345591
27.234001,-63.926495
4.355819,51.990356
-33.088074,-27.908735
-26.084856,11.886577
36.075108,-31.714159
-63.245205,39.218
-6.5837884,47.270798
39.227997,-27.581656
4.469161,52.46875
-17.712626,36.001087
12.318363,12.367608
43.41199,-25.909702
23.368837,-14.410015
-71.05912,12.00311
-37.909065,-52.30167
-47.9005,44.190407
1.3530066,42.399303
-2.2760801,49.140167
-50.229725,13.736902
1.5207248,-14.771124
28.776701,-36.980804
-27.648792,47.257957
-23.645603,-6.945701
-47.383335,44.8484
-33.193638,-22.522184
-4.2515,50.023293
-32.217495,-7.4312663
22.45424,-74.23925
-52.120796,0.80013496
-62.409836,41.695465
-34.648605,-35.767025
-9.650496,-42.43288
30.109001,-39.8339
46.553474,-41.087288
-60.86656,-21.492432
-9.04645,-41.177307
-38.41793,-9.826515
12.736584,28.74595
-19.72128,-12.299796
-44.630657,39.71424
0.12753391,51.986084
-47.617794,-1.1362823
-8.464596,38.612297
-45.837597,33.803528
32.870136,-17.059267
-30.526655,3.9987395
55.900326,-40.413067
-4.671531,36.21602
-2.3830109,33.873592
6.6816096,15.422435
22.066378,-29.670876
1.9033675,44.060387
-48.422108,37.200233
6.1900163,40.09939
-44.680973,22.678371
-5.016764,37.94978
-32.32564,41.841236
0.8548551,14.360978
25.111855,-14.722466
29.546846,-31.146648
54.75516,-26.89803
10.648355,57.80373
41.92908,13.09933
-17.723766,-38.122646
9.096643,31.796068
51.186607,-28.00327
15.049433,-11.055199
27.238895,20.691027
-57.59339,3.4012234
102.57588,-39.55256
52.46709,-51.481667
-1.592489,48.29138
-58.21185,36.423294
-54.39603,18.827677
40.618687,-39.060146
15.441213,-63.155197
34.492455,-5.1015263
-42.278946,39.95092
-49.799088,-3.1175215
-25.658712,-3.9001405
-25.6192,23.983053
-36.398205,32.94384
-16.823742,30.243292
-2.889233,42.652504
16.695543,52.058212
7.1936603,47.194176
-43.42921,26.266872
31.007364,-20.025135
1.3065046,19.672884
-48.025345,44.294174
40.26527,-21.504185
18.486034,-15.44617
-59.906944,11.818407
-1.0355775,24.853945
7.283622,-5.1427946
-52.982784,20.570791
-75.02093,23.301752
-15.418959,51.308403
25.28877,50.092434
-39.533745,39.293774
-40.418217,-3.4545784
-67.92183,29.50566
8.164418,19.36231
-49.07506,41.717293
-57.11683,39.253887
-57.374573,-1.2230567
17.626564,-43.68225
4.979358,31.343632
-51.49066,13.451817
-17.71821,29.754536
43.98805,10.091744
64.91438,-26.050322
-32.66073,2.7166083
23.807915,-21.771006
-56.038864,41.26138
51.323162,-22.984707
-44.587955,22.347963
36.50038,-19.20104
5.10121,24.10061
20.957705,-50.33657
-7.348919,-19.501213
-37.386135,-1.8274553
55.66833,-64.597565
14.858218,48.04919
5.801854,-63.230988
34.831097,-27.47418
-38.39915,19.359533
-43.50907,26.38783
-69.3366,7.4772162
27.022419,-69.885
-68.86394,17.177069
30.387533,-15.973747
-60.94135,34.503857
-14.085829,4.092564
-3.617366,-45.576927
-45.01683,14.830666
0.30807078,32.02533
18.02182,-34.701817
34.172688,-43.413486
68.35512,-30.019295
48.96001,-92.72022
-6.783587,1.4220707
-2.5836146,-11.556301
0.21895957,-42.600838
-65.699814,30.23078
-25.337233,-13.674227
43.505123,-29.101131
-12.425338,-29.524073
20.137493,6.5390496
30.53251,-17.69785
-35.182987,17.457258
-31.528122,49.065178
10.251646,50.463707
-64.76564,14.510204
-20.077723,-29.52454
-55.894745,9.0335045
41.47749,-86.43752
69.11918,-97.98338
24.226297,-6.0531154
11.829627,10.900195
45.40809,-20.951256
5.254892,35.65651
9.194522,15.409186
43.827557,64.47897
-36.481808,18.211866
84.26681,-59.7591
-73.817955,18.528822
8.083391,43.009796
-57.371426,29.107819
-47.312744,41.272083
13.581061,-53.763477
-39.559864,32.188408
-21.311403,53.976673
36.83908,-9.861581
-67.36207,38.38484
38.847305,-27.877842
18.86258,-36.41495
50.469997,-26.79119
-19.165855,2.29625
-15.1782675,1.9512925
0.59924304,36.517487
27.770786,-17.35792
-54.424713,41.848488
-65.33548,28.96618
14.441767,-31.544277
-40.85371,21.292315
-7.6310587,45.5205
9.631343,35.82965
40.394993,36.589207
10.401347,-56.260365
14.286145,50.90967
-11.285387,51.44822
-7.858153,46.963203
26.641853,17.053717
21.310461,-28.64606
2.296751,33.499607
48.149063,-31.960712
11.647277,-15.542392
104.1572,-142.73137
-29.34169,-15.964968
20.066498,-47.68679
3.65967,-28.133272
39.48908,-10.041171
-19.853321,-41.656364
5.2719,-10.121926
-16.866053,-11.299571
0.047812708,43.195957
-39.790627,18.899092
-31.374983,38.366272
47.029797,-99.7709
69.45371,-29.553925
7.3764195,46.723892
27.76809,-32.069424
9.05418,16.390959
29.271082,-28.66332
14.529621,55.316734
55.79314,-32.397053
79.87162,-86.139885
-30.07678,13.213981
-45.312214,24.43502
-77.84348,17.011015
-2.406251,42.95027
13.39645,47.726913
-3.80634,54.72644
24.428246,-29.534958
24.606356,-46.78956
9.859879,-8.52543
-37.79569,43.230526
12.13805,8.096256
2.340619,46.874817
0.40491438,56.661198
35.067253,-28.760979
41.96182,-21.772741
-48.05471,17.181074
-43.78032,32.070946
-45.31661,23.940113
-1.5462136,34.013042
-61.80684,42.73784
-43.371914,39.1802
-35.31713,50.04676
16.17609,56.5233
-46.144093,45.268738
-23.090225,21.108282
-37.02819,-24.531515
-43.441437,25.004156
33.38438,-15.238079
39.860046,-77.95487
-34.9059,-39.947758
-43.164856,21.72268
33.630116,-69.39414
-54.33748,43.368393
-33.861267,38.842125
10.397773,48.555832
-39.679726,4.7321606
-43.256596,41.40731
-67.26629,35.308594
2.073244,-33.13023
15.809018,-23.373226
8.671712,-14.799112
-1.7397528,39.824318
9.744226,45.349575
-11.985935,27.715376
-12.075208,4.7665477
-65.12742,36.76331
-18.3305,6.4610424
-0.4054142,-6.880045
-45.698917,23.500326
-39.680683,19.783659
-43.0585,41.162712
4.6403666,36.561188
53.32204,-32.56001
-39.8642,42.900604
2.66218,42.273113
-40.704617,20.678335
-64.46188,38.420574
-35.250526,1.8813632
-13.854902,-17.926472
-33.551327,47.108086
-56.719936,44.36712
-5.1441197,-32.156807
-45.313374,45.296425
-12.115586,51.89557
6.6204343,-30.780329
-45.748226,22.402998
5.2403173,39.22883
-53.984524,42.126244
6.689608,45.085052
-7.4877076,2.8465774
-52.18365,29.96588
-45.752945,-10.067168
95.52848,-72.59145
-15.5747595,6.3677077
5.174499,40.327057
38.805424,-28.299515
58.8355,-28.586266
12.979116,44.44612
-45.855392,21.988317
29.605028,-61.573406
-38.401386,44.31375
24.16439,-30.358152
58.55037,-28.87911
-74.420074,31.422743
-26.592045,34.757786
-46.446053,30.560152
15.342265,-29.372599
10.457429,38.70927
-22.68197,10.523737
-18.385555,43.95369
3.480801,25.723757
-11.103945,-4.9929857
-44.89893,20.093708
-54.407227,43.651222
-11.697248,50.329716
6.930443,48.80625
-56.171825,36.850185
-32.171555,44.444885
53.75864,-25.806648
-0.82553345,-30.650787
18.877321,42.840042
19.483204,-17.153088
-38.017826,43.399826
8.640336,7.9211817
-44.89134,5.105819
4.2526083,-20.546946
6.9168825,36.77677
-5.258156,-24.657654
59.72546,-73.55924
-70.15169,35.826027
-11.32681,35.458492
-50.158325,24.184896
34.94557,-32.8175
5.2206445,-3.4296434
3.7357008,19.852098
39.351974,-84.814606
-45.098785,21.624926
40.705082,-19.497746
-9.319482,-23.074434
-37.31025,5.3189673
45.38132,-23.467499
8.579632,29.418413
15.06207,-19.790602
19.777784,66.001976
-46.23952,25.355692
35.552822,-18.611605
-39.19446,-28.759209
-30.024252,49.028034
34.543278,-44.68729
47.54644,-90.12235
40.188606,-21.78837
29.005604,-89.002556
23.285559,-49.617435
22.469646,-32.601555
25.98788,-19.727001
14.815387,-35.84678
-46.64822,44.136402
2.645895,34.4243
3.950361,-18.248615
-64.94784,38.52125
52.94265,-37.8967
-12.3193245,24.755957
-30.295479,34.14078
0.21231985,49.764526
-11.2382555,4.3761344
1.2455847,36.219624
-59.855534,42.340702
-38.38922,42.50607
67.983635,-27.096304
-71.18918,34.684196
26.770962,-42.937626
-11.475731,40.488785
-59.42604,-5.98131
8.065408,26.498323
-43.704113,36.377937
42.95757,-19.9214
-12.993653,54.30737
-10.580377,36.376163
-49.9547,3.150604
-6.3065057,39.75232
54.19601,-90.04072
24.42023,-19.79414
12.185644,-24.021019
-0.56871134,21.85155
-5.3554554,1.1671267
2.7641644,44.482273
18.31448,-41.542847
22.899467,-22.130621
-31.624363,49.968544
-43.782345,33.654884
-62.624447,39.306583
3.8573544,14.011913
25.043785,-15.022898
-0.95989436,-48.561043
-22.21578,51.99298
43.937202,-23.259937
-2.2669356,8.858692
37.155937,-19.468807
-23.07392,36.72902
-0.64840454,-1.2598327
-61.54636,37.173813
15.399364,50.488083
-5.324703,-13.733171
-28.9504,33.7753
-17.411343,48.383736
-11.438364,-5.957379
45.960278,-30.608091
59.79119,-35.899464
-14.185742,31.649574
12.19511,-57.268997
-68.875435,35.600014
24.40549,-53.912476
34.348866,36.833763
28.424479,-85.955696
-55.92943,22.635565
31.864891,-75.09092
-36.57921,-51.258324
-43.765003,44.0242
-24.659317,-13.708744
8.016553,0.13496059
-69.026344,35.281033
-45.684185,30.942877
6.3284607,-7.718624
-26.999607,39.3375
25.790573,-14.948928
5.1508183,-11.14073
15.726281,31.234697
34.117558,-17.294924
0.27523327,53.324867
8.7209425,43.712368
-22.141937,9.365468
-21.783642,-0.9663434
17.657276,-68.10378
26.439991,-73.67366
-33.331795,43.041378
-11.128304,37.047745
-3.1259742,-1.430935
-41.427433,38.608444
30.707558,-16.181053
17.839931,-73.22948
-0.32769397,37.26441
-68.01159,8.905503
-32.16425,44.771942
-36.22773,38.92646
-43.570744,15.75824
14.36667,25.07394
9.920857,42.589848
10.594912,-26.692535
-22.598091,9.630606
22.145851,33.180183
31.745861,-19.059525
-44.060028,22.984354
-6.3850775,-50.044193
77.15632,-39.43849
17.999355,-14.494079
6.347293,-3.0562193
-23.412987,6.086066
22.046734,-14.932251
45.54214,-84.59578
15.566815,44.41222
-15.106207,6.0524917
-42.298477,16.121584
15.406001,34.780563
-42.11959,41.00406
52.246838,-42.79147
-3.6899505,-11.121019
35.38158,-26.66747
-62.868294,16.223179
-16.184822,12.001239
20.998928,-13.913582
-36.245583,17.726173
32.713085,42.60556
-77.98113,20.23202
21.776155,-22.983639
-33.49105,15.996134
26.965782,-15.854086
19.909313,-56.22542
27.605003,-56.71996
-2.12591,-42.96544
-11.173233,-60.688168
-44.188946,-2.8769834
-14.814627,5.965689
3.6617694,41.80562
7.418681,15.2009945
18.437424,-40.702477
-2.4324262,48.74752
-15.949826,-57.606586
26.503063,-15.710587
-8.027963,-26.128693
4.6362753,52.234337
6.269088,51.77948
-54.47969,6.2762074
-12.272872,-0.010534896
-15.922609,-1.3743149
-37.286507,34.24839
-13.871603,36.941788
23.589428,-81.97058
-74.47138,30.081848
31.102322,47.16234
-71.83914,34.114845
-29.806742,-26.50596
-10.811968,50.60929
30.71859,-39.000793
-52.909706,42.79847
-20.828903,50.048355
18.779444,4.048315
36.979042,-31.669888
-9.106437,-45.807674
-6.4121637,23.342493
-25.591208,-48.731106
-47.596607,32.98649
7.7497134,52.712402
1.6143346,-1.329897
43.511116,-78.32459
-44.670002,23.89258
37.950138,-46.689056
2.740658,-10.757163
25.929056,15.479172
6.6302185,-7.1543975
-6.8084774,8.449442
-24.088099,10.649144
-20.68907,32.58064
9.77931,-59.367466
-59.72006,39.49696
34.130005,-48.52609
-62.5884,37.22899
-51.793156,11.236335
13.863887,-31.98487
-12.768377,5.066438
-33.950058,24.66926
30.528477,-16.806929
-1.1608382,-7.728825
-63.453606,39.827595
-60.162132,41.06968
-29.953476,15.120638
30.39604,-23.720585
31.885656,-74.42469
-58.832794,41.49475
68.96519,-25.634945
16.627401,-22.937435
-71.61582,31.774435
53.565464,-25.748325
46.6369,-43.616936
-35.353786,-21.68115
58.178383,-29.274572
-46.739624,25.930147
35.71671,-25.72787
18.748789,-42.341545
35.190964,-18.321558
-3.9108078,45.75985
44.26562,-22.422321
7.8985486,-49.595486
-36.780964,13.642378
-53.361126,7.945957
-39.372005,-18.58069
-23.851007,44.085854
43.2019,-22.890894
56.004208,-38.562054
53.26666,-29.16539
-62.513374,42.006165
58.02447,-77.82791
-47.46738,39.111496
-63.996105,36.44272
6.9667854,38.119953
11.490603,39.34304
-65.51936,40.40288
29.205109,-18.688578
-9.696677,-42.143
-44.752068,-18.162886
-40.60784,-38.868122
-12.082025,4.6350923
-60.807987,37.409416
-17.044218,-2.209619
-32.180996,32.865223
-1.4584031,6.220167
-11.990272,-50.677032
-73.87898,31.736115
23.454157,-65.46403
-65.50882,-20.67594
55.329666,-35.385994
-26.405384,37.932068
53.150517,-27.667831
-14.095288,-3.813113
8.238889,-12.432856
-46.053528,33.61916
4.0460963,-11.399595
-0.93629014,48.061214
-5.8494205,-46.671207
24.767143,-73.26631
-43.535103,30.99686
12.817848,10.670558
-26.991749,11.721159
4.8652935,22.443651
-52.84982,38.211597
11.519845,-17.501259
-6.3254976,1.8422911
13.886132,34.88463
14.588732,54.187103
-35.540936,41.57296
35.68566,-19.78327
-37.711697,42.598053
26.216112,-16.387123
-38.482456,38.8386
10.1500845,50.300964
30.137999,-56.217407
30.387669,-84.90252
13.102999,22.554129
-71.64,-20.672342
28.793207,61.7709
0.7449496,45.319897
81.46938,-49.96001
44.521008,-91.36284
-24.564157,36.954857
1.7613375,37.130623
2.495744,41.793354
40.95353,-39.854393
32.061005,-19.565845
29.747383,-17.775517
28.028454,-67.30746
-44.32515,8.673875
18.645538,-28.4007
-15.485262,46.291687
11.736108,-37.762447
-12.891445,-14.955851
18.44509,-12.683588
30.134987,-17.296719
-16.663942,49.021805
-1.6366649,0.36727294
4.2494626,44.94699
8.197656,39.223923
14.697872,55.100365
-50.94855,0.4516719
-60.788982,43.30196
-0.5266732,33.964485
-37.81988,-49.022293
37.21137,-34.12619
-74.4175,-7.658625
31.06448,-20.918188
3.2375915,-42.77116
41.052532,-21.417385
-5.0049233,24.19446
11.193653,-7.460653
25.481771,-68.73841
30.86185,-37.02055
26.153603,-40.7046
-1.042169,-14.532681
-68.82767,37.13877
-15.03196,43.450993
22.359108,-70.41951
-39.157005,20.251913
49.114574,-29.856157
11.596891,-11.214431
31.03125,-62.990086
9.635353,60.446198
-75.9603,11.719008
44.81337,-25.456783
-57.504692,39.21363
2.077795,-9.170199
62.89498,-88.98744
16.519966,-41.308895
19.754173,49.15384
33.719402,-40.745403
-56.67043,22.71592
7.5213146,53.7401
4.8950334,-30.513285
-46.16918,48.588272
7.51277,-39.051655
7.696565,16.050909
37.9623,-28.089048
-24.548168,-4.4709296
-61.49686,41.54153
32.441704,-32.246983
-54.84287,38.85061
-25.8457,-51.79622
-17.644228,43.656574
3.9197557,-32.07786
18.332508,-37.769085
-1.0679454,41.824833
-55.99459,27.740923
26.800564,-23.167522
38.569164,-19.300085
40.38818,-21.209614
3.1768622,32.92239
-16.376736,48.888657
-48.127827,42.61496
-61.704098,40.15504
-54.506554,-18.938627
41.5672,-85.131836
-52.409065,41.624245
-37.683792,-37.130745
36.421566,-21.884155
-32.972404,45.248074
34.792564,-18.212273
46.5576,-51.149956
-25.3434,-25.449305
9.334086,-20.806997
33.609844,-54.28675
-2.870609,32.24175
61.125996,-26.442644
-15.7177925,6.1682935
0.81158495,46.83348
13.522531,37.19776
33.23547,-34.388245
-11.161774,4.196297
-31.012321,47.809135
-1.8128166,36.509583
45.64392,-71.41563
13.101407,34.302773
-9.419268,45.00074
26.317888,-41.133568
17.80362,-12.207498
-4.696817,44.056103
-17.648745,-62.011887
-33.281773,5.044974
-50.564194,41.578606
-45.49904,17.708311
2.786835,-3.3763156
-23.164946,0.6568752
11.259824,49.37879
-5.8412776,40.463913
26.046818,-14.898104
-40.459583,46.714664
-10.338387,-37.478474
-69.375404,25.971516
13.395804,-14.770255
-9.570926,43.422283
-40.724358,48.96389
4.025456,29.609282
-46.998825,27.460903
15.657754,-14.472258
21.534452,-30.853952
6.420853,41.528587
27.691765,-74.73104
26.465075,-34.185337
29.899399,-17.28537
-56.820904,41.28457
-20.68344,30.03686
-30.44998,47.59371
-32.941822,-38.7827
-58.90981,7.877294
35.099827,-18.929712
-61.80631,38.486572
9.845932,51.06957
-62.501427,39.55553
-22.094898,-22.856348
0.17551994,-64.04813
-6.137667,36.360317
-52.06071,41.90612
42.2046,-23.652508
9.755236,34.537422
23.429123,-14.3910675
-64.1419,-5.6099095
-55.361885,31.869698
15.193276,-13.3442335
38.851597,-43.727776
-0.68137884,35.648956
-56.97655,44.699013
-40.34656,15.9793215
-59.467815,39.852684
17.760422,49.703285
14.005137,-9.604321
73.92329,-25.493332
9.052012,-14.280137
14.654566,-10.028535
24.171566,51.53324
-77.57877,18.404362
-4.3324385,46.59652
-43.58859,40.005104
-42.099274,45.407913
-33.76245,3.6754923
39.70084,-55.67685
32.51517,-17.466888
-9.922387,-32.24707
-23.006056,48.978973
61.121593,-44.688828
4.873049,50.95481
-0.7596756,39.596462
-69.777306,31.509953
40.947643,-35.518047
-66.02884,24.581438
20.470364,66.59825
20.375336,-21.737972
32.476032,-34.093548
1.0911447,32.22403
-61.762764,39.796234
-37.429913,-4.6264896
17.13897,-3.291449
-27.219154,12.99741
-6.307754,-5.22557
24.407658,-7.453583
2.9216104,13.493994
-48.247932,28.049868
-38.032986,13.749876
5.0580783,49.859123
54.16522,7.9398494
18.974829,-12.82049
-37.584034,10.528869
-13.743615,5.7234254
-69.05969,38.438526
-40.93317,47.421486
-16.82856,7.4118237
-13.216961,52.20269
-33.35488,1.9522886
30.991003,37.661232
-45.986145,31.2186
-34.95403,-13.0492525
6.5062084,22.232985
-23.666689,48.6276
9.904372,3.5528195
-53.84029,34.082115
-5.563184,0.96529144
11.644955,20.306349
60.720333,-31.598137
4.4917154,32.83406
3.460133,53.061165
-66.33742,13.90687
38.362064,-19.428183
26.037258,-42.843178
32.696766,-71.3263
-32.35111,51.075974
-37.725975,19.284716
42.558083,-28.137934
2.1212842,19.33855
71.93241,-36.18904
3.6457841,43.146626
-15.39937,50.38842
-43.155884,-33.60234
4.175952,47.7256
-11.2579565,45.97253
12.317329,25.394323
11.485826,51.526184
-57.286617,20.351677
16.961826,-12.974564
16.420094,-30.217466
6.6405997,60.726463
94.45129,-36.940334
38.75728,-92.08183
-65.690544,30.659243
6.6328897,58.243774
-4.124748,45.38336
-47.53155,-20.670162
16.24424,-16.382269
-28.675571,10.54898
-24.759268,48.2123
-0.34891674,45.00757
28.518036,-43.170235
42.76798,-29.12055
-39.690926,39.15782
39.728237,20.738806
4.141335,-3.3359742
49.388382,-83.86428
7.824527,-26.4105
59.383144,-56.961796
6.059954,-62.818344
-46.97928,16.294054
-23.583302,-2.4267266
-3.6859157,-47.69731
-51.65253,42.31362
-66.92748,12.960976
6.6078424,58.961754
12.484809,-31.111673
-0.75393814,41.767708
11.884573,51.216393
0.56603694,-43.8867
-61.122463,39.67765
1.622659,39.705303
23.806875,-37.869495
-31.010067,41.438797
-5.183755,-48.56217
-0.88589144,51.03263
-12.713557,7.212513
-51.115047,-36.827072
-68.280136,-35.46986
4.420491,44.14611
-27.557455,12.745808
29.955448,-32.82584
-47.230236,38.22392
6.6627817,37.08037
-30.770262,42.433197
-25.35958,26.04954
-1.7772642,32.9488
-43.959656,23.894587
-31.424036,28.342321
55.48148,-44.437046
-40.228424,20.077776
28.491932,-18.569778
-41.051533,39.874725
0.4462453,32.390408
37.58837,-47.694134
53.050488,-11.043529
41.774723,-22.033688
-18.061245,-11.659491
-45.25751,34.72039
-40.676285,8.548962
3.7973642,-6.7629476
-18.86273,31.36742
-18.311699,-16.704344
-66.89167,-0.30618846
13.517767,40.113342
-68.86261,34.78428
11.833671,-7.76352
12.9336195,33.016857
-40.217525,43.8265
7.084194,52.258392
26.379585,-26.483004
-35.53458,39.28294
13.74467,-16.518385
-1.6342221,50.306602
-68.07968,36.02894
-3.895685,0.79377806
20.310759,-20.513893
21.91124,-73.360405
136.21954,-66.7539
100.63385,-122.65706
1.9654351,30.477537
68.796,-31.709618
34.06927,-59.949333
-39.70949,1.0051501
16.045372,-47.688732
0.15683532,32.041096
-0.9511556,42.203175
4.236314,-50.665886
10.393667,35.845398
-26.161158,6.6367526
3.263473,19.312773
-23.696672,40.414215
-45.449715,42.369026
8.9754,53.299557
6.278008,35.260223
-42.57839,46.452408
10.759511,-49.368076
24.931137,-43.758526
0.38589287,-1.0360502
28.752205,-47.318012
-57.296417,44.448776
-0.7673945,44.215317
14.521586,-16.757767
16.349657,30.849745
-11.090774,28.026869
-18.038263,48.692314
49.238834,-27.538729
-4.5167856,-46.609943
0.051140316,42.94333
25.371212,12.058188
-22.034018,47.282173
44.78778,-22.291985
26.993547,56.66829
-28.407194,47.443462
46.618076,-23.429396
-79.42531,16.77203
2.5693214,-31.293089
-55.857178,41.9625
10.79951,42.47292
4.200957,-12.8058815
-20.920366,45.300335
-0.78856146,-35.266193
-44.591732,19.136839
47.796764,-40.13605
-17.718071,3.5526023
15.420986,-39.41092
18.162893,-24.79791
16.40325,-9.347156
16.046549,-11.343804
49.46146,-28.799812
-16.482113,42.041786
38.899693,-65.190674
-58.8677,-14.956754
-67.92491,0.83137256
52.508358,-35.935818
16.74302,-21.545658
-43.233387,44.059044
-24.27796,43.489487
-26.427187,9.825639
-1.2155092,39.370632
12.055736,21.469385
-72.73476,26.210474
-65.29905,34.507225
24.640356,-79.645454
55.147156,-111.01289
6.5545244,-13.952556
3.5610373,32.075043
1.3345826,-10.720999
-57.200424,40.438194
3.3681586,30.753912
0.5344453,-56.45104
16.657393,-10.901203
36.665066,-22.269144
7.7172236,55.639442
12.039773,49.106117
10.9234,-17.106367
73.95632,-27.336407
28.370705,-19.955912
19.970137,-13.809955
7.871397,15.294253
44.680103,-22.909052
-33.08225,47.48087
-27.204424,50.767254
6.925243,24.903025
77.07155,-129.69095
1.0122008,50.03951
-66.3727,7.7494555
-14.211068,48.104805
-5.997598,-51.192814
35.879124,-30.974499
30.872385,-52.87568
38.688698,-21.559383
7.1896706,40.887486
-9.031208,0.4130277
-32.725674,44.534775
5.5053444,-58.449963
1.1434486,47.221325
-14.655238,-11.037082
50.584644,-24.457754
7.622492,31.75991
17.732265,-45.02922
25.142126,-12.469571
-35.289776,-28.172083
-35.829033,27.15816
35.13064,-22.258087
33.31687,-57.88022
4.500674,31.51
18.324816,-16.242619
-45.253117,43.904556
-51.136673,-28.766754
-7.140073,35.0907
51.915844,-12.966911
24.889425,-21.825233
2.0654023,31.583344
-8.155102,-58.39305
-37.768543,43.068687
37.354958,-20.798203
44.107487,-22.714287
23.7238,-14.580615
-72.31334,25.418215
-48.08553,38.41096
9.834866,-34.272846
18.840828,40.649506
-25.104649,45.14055
-3.8464828,45.494347
-25.11881,-4.484216
-58.800957,38.354652
-64.368515,37.899582
-57.35128,41.982613
35.77867,-57.141766
-33.17134,42.98894
-54.58753,40.69648
12.518068,62.583023
13.424945,-33.565533
-58.626263,42.95966
55.6664,-26.955933
-22.584858,17.175934
-22.3421,48.86485
-62.41751,37.518642
-33.576263,10.634839
-64.97448,34.778507
25.075836,-19.173155
-3.7963054,46.21078
19.907125,0.62893325
-45.337048,27.859024
48.160572,-23.201328
-24.850977,46.275536
-28.342999,10.773897
-0.4427422,-2.1509624
-15.205583,33.269775
-3.0668285,34.211998
41.354534,-16.52417
39.689434,4.339521
28.43397,-89.966125
-7.558336,42.958397
-39.09239,48.649208
93.2053,-128.52695
48.546066,-23.227003
-38.246548,-5.668892
-36.96177,17.881609
-2.5932422,1.349539
-21.814081,21.11767
-41.86779,21.989492
49.95065,-24.925766
-32.85254,34.53235
29.068933,-68.769714
-21.7111,-22.776594
0.8442974,34.103115
0.9887209,47.838097
10.640621,55.741604
10.224972,41.665176
-26.90113,-9.085379
10.887211,-36.48399
-25.225315,-13.327229
-11.163135,44.211445
26.3609,-16.376253
3.649079,25.315102
31.946308,-17.545408
54.252895,7.7354617
14.488409,-67.56898
12.3314495,48.9683
6.438275,38.695465
34.539295,-45.874733
-74.20656,30.5731
-38.671696,31.786652
71.33781,-90.783394
0.8239882,-26.519495
10.167009,-6.8743286
-62.714214,-12.28442
23.266283,22.09745
8.9242115,-18.969849
-35.78115,17.595083
-13.323665,50.93016
-17.746088,49.245186
15.79513,-10.657211
-35.045597,-0.7616693
32.64476,-16.92811
-5.673678,48.589596
-66.19318,37.377148
13.8195095,-34.896713
7.6295023,19.349138
-58.626625,26.274725
12.58808,55.291862
48.111923,-18.719831
5.463296,-3.7054968
2.8640058,19.72104
48.68475,-19.578526
67.96905,-78.74368
4.065607,36.913994
-64.871994,37.168507
-67.74253,37.131607
-39.253563,21.696384
0.38150978,-37.60413
-54.63192,16.789408
25.573397,-19.341518
12.491928,-13.458958
41.569614,-69.995
-38.22583,26.005701
3.1180654,-2.9400177
-35.468544,47.614662
31.000965,-16.19348
-21.801153,-49.08958
-27.614029,46.731293
18.586143,-34.454998
64.94097,-31.486082
-42.816765,-11.992498
1.1271968,-58.511833
-49.939606,-22.853216
20.952358,-26.841612
37.945652,-20.902225
2.4162443,21.67772
-40.106678,20.83379
-10.327087,45.295547
-14.015777,16.375746
-23.70134,34.559906
6.416712,36.80394
27.036627,1.97383
5.0703783,39.37585
-37.547733,7.8341675
-13.218602,32.55911
19.024738,49.93583
0.5355232,43.548813
85.07534,-33.55961
-48.67907,44.768204
-13.9431,46.43983
-59.125885,32.438686
55.5015,-26.389696
53.06158,6.0400023
-31.521107,24.404398
71.568924,-75.02803
-35.109417,44.938858
-23.96214,27.53465
10.803021,-36.310986
-3.0075076,33.346355
-14.215293,38.75113
48.81904,-59.390377
-2.5394442,-53.345573
-23.264452,51.858467
30.81951,-33.23173
39.031002,-58.70585
19.251009,51.56292
-22.230862,4.4708886
28.385015,39.051994
-29.404823,11.085092
8.003299,49.088596
6.418876,48.611053
-14.80596,-19.503532
9.195823,24.524527
-42.622135,44.650505
13.866221,57.858047
-60.68141,33.303486
-33.947388,-27.866444
-35.482567,43.146637
-8.381087,-37.374954
2.3784237,38.525513
27.022446,-10.81766
26.90402,-18.216463
-43.71079,26.95678
-26.170835,2.7681959
43.548473,-20.877895
-15.189436,42.636864
25.71215,-14.845117
-6.9268312,37.798218
49.999935,-60.544727
-33.6649,4.4528255
12.202742,-42.98665
-39.106403,19.255224
39.863678,-21.2456
-51.694595,43.10062
9.61336,58.282776
81.29118,-49.859287
-25.457548,-42.29956
-1.1455305,24.46245
-9.055935,44.91714
6.6365533,59.415627
27.796112,-16.879444
-31.184778,43.213806
-61.28166,43.49124
-68.62126,39.10006
10.795321,-7.081525
14.56361,-31.918276
18.86225,-33.068447
10.260044,50.088474
-31.383554,35.530807
38.715366,-19.478102
-46.298477,17.478668
-61.248104,21.67562
21.188934,-37.16093
44.305733,-24.284952
15.099277,-3.9436393
11.178303,-9.621709
-2.227747,0.38881004
1.2229311,50.795258
-19.782873,36.516968
-60.504932,-11.215173
-6.7409883,-13.795773
-46.536446,-9.487273
-0.679317,53.823395
41.59284,-32.448975
-40.974518,37.31085
11.273427,50.453827
-51.685394,41.102905
17.134703,-46.12014
-59.948204,39.84446
32.382404,-62.678905
39.15999,-43.95262
32.438377,-24.180815
-50.239136,42.4058
-43.81224,44.209644
-71.70791,24.772692
6.369938,-55.236084
20.319012,50.16133
7.6588497,42.844673
36.81628,-72.34358
13.7583475,-38.50988
60.405704,-35.603672
4.113778,51.19423
3.4407697,-14.189406
-70.11495,36.85634
-5.917523,43.207207
-18.511536,33.943333
25.628952,-45.477356
-47.75723,36.417786
8.161586,32.97637
15.67217,-15.720149
-50.31949,35.292816
-60.952965,17.00228
-8.197692,-65.27645
42.359997,-19.593298
29.653166,-27.39841
-51.31145,42.93661
50.8379,-33.640568
-69.15145,34.687836
-73.68121,33.585724
27.049204,-15.148095
21.970665,-36.089436
0.29350013,20.074608
13.427054,-22.0677
-18.250841,4.960101
10.000691,-52.52915
-11.448482,-24.449516
-17.28587,19.68336
32.28061,37.5528
17.197094,-31.862644
40.54278,-25.798342
7.2148027,45.190693
-25.397964,50.453804
-66.04255,37.832405
11.122973,31.303978
-46.528515,25.111877
-19.073872,42.894234
36.890526,-47.735886
8.023083,-37.268047
-26.938305,39.424915
-42.22954,38.940563
0.14761376,-30.676891
11.224452,-10.116126
12.967837,-16.042904
-46.241993,43.743805
-46.20949,23.393454
-21.291935,50.092686
26.529064,-45.358162
-31.622044,-15.411533
-47.978745,31.215826
44.58364,-52.74404
-5.910884,52.997147
1.6054795,-33.331963
32.63621,-27.053389
33.703182,-40.4746
-63.38769,37.15417
1.6214457,48.704025
-7.3990607,53.5858
-27.509254,30.249609
4.963753,50.94113
102.533516,-65.56973
28.225704,-54.724884
-35.894135,36.803535
15.885842,28.025162
-43.825695,25.10332
-36.73787,-40.551907
12.864706,-39.302975
-1.7405528,45.14515
-15.24379,15.161971
-30.045622,48.00988
16.590794,-40.045605
-39.861076,49.276127
-46.625156,41.7231
-40.072292,20.134386
-44.301136,44.137383
-62.847122,10.725122
-0.5082104,51.002396
21.46277,-0.01876104
2.178576,-35.48346
18.31517,-43.09914
7.6437187,6.595979
44.18434,-5.147962
-10.780613,53.461338
7.7228584,39.701748
-1.9607329,-20.399046
19.301243,-51.134476
-55.30724,43.512817
-53.045864,42.62918
3.7873602,20.91106
14.578964,-36.293217
46.391758,-19.399271
27.465694,-21.900938
26.655674,27.977783
31.96872,-22.847282
8.13993,36.592888
12.448775,56.00975
0.4230218,42.29283
-28.412443,14.326092
51.493355,-25.6093
-31.328554,9.359621
8.218425,31.382408
-67.19689,-8.38486
-22.707483,-28.69088
0.32721972,-1.3383354
-33.116547,12.906711
17.396978,50.861946
54.405003,-75.61228
30.233364,-16.06351
66.88554,-31.420053
-26.864597,-20.598505
32.407963,-20.762672
31.069729,-34.218903
-49.04103,28.445147
-33.84256,7.603449
-16.450321,44.159294
-73.304184,17.031193
-0.90933514,35.72383
-41.764465,-18.926805
-0.69550925,-25.339388
-63.17876,-9.456016
15.982357,42.867836
-66.59404,35.687653
12.027552,-18.26481
1.6455843,-40.853134
7.1444764,33.33882
-19.618225,-32.788593
27.22416,4.626954
23.308765,-17.55661
3.2203927,42.898422
-56.215244,26.229471
-22.630564,-12.565501
14.736541,-10.819482
-73.984726,17.650984
43.18083,-7.5999055
56.660744,-21.288982
-50.510235,17.978422
1.4158584,32.32624
35.03354,-37.298813
-41.952263,21.49459
-50.16589,44.71656
9.603631,17.993467
-7.202932,4.6661863
-19.267742,-35.38643
-28.569689,-61.632965
-7.388901,8.242547
-67.93808,26.023504
-38.721245,43.68151
10.375451,-49.666878
11.07027,-8.366087
-12.534158,-10.601922
48.61938,-23.091303
23.800056,-53.291546
55.185375,-25.408531
-44.206226,28.249739
-0.19804282,51.6846
48.76408,-21.580132
38.133587,-21.175694
11.170919,37.15652
13.287167,57.512253
-16.063374,32.053734
-57.79012,41.251236
11.736356,41.314247
-40.73163,44.98831
53.6572,-76.876045
57.590015,-28.362904
-55.743427,40.493294
-8.461082,42.097507
-46.91787,28.138073
33.99275,-49.456993
33.718357,-17.728634
-49.91521,39.49749
4.685787,-13.214005
1.0566304,34.102486
14.419875,61.394928
2.0236437,32.97384
63.69485,-109.13866
47.69325,-32.302063
2.1329393,21.121368
-39.244377,1.7173672
-60.198586,0.25318342
42.665325,-54.810703
-1.9515928,-47.134018
21.436268,-9.361487
-48.037987,10.725939
4.951812,42.51067
2.43617,43.62991
-52.794544,32.17193
0.8385241,37.813366
-76.37021,10.353735
26.987652,1.9634068
19.405258,0.6156945
-29.580109,33.21043
37.037876,-34.55431
21.942745,60.47017
-0.7284667,-29.265041
-2.4743385,39.252014
40.796352,-14.535509
29.975151,-14.648935
-39.939728,31.771257
35.486202,-60.614082
37.660313,-12.551176
-4.5460086,-43.561718
-70.296844,34.02054
6.7934656,48.03076
-37.175594,45.489433
10.827397,55.359894
-33.54831,27.134214
12.475663,-68.510605
-59.47663,34.9105
-5.3996434,-27.041956
-5.972931,48.31876
17.928953,-27.679607
-66.93495,37.501442
-6.821731,49.38009
13.41181,1.6025463
21.247993,0.29793012
-29.129757,37.901184
34.184284,-17.897669
-40.294033,48.20348
29.551453,-23.203955
20.334728,-19.568083
5.6763186,22.95179
23.738289,-50.727894
-9.384993,3.3062828
-7.0360346,47.91096
40.04411,-20.311499
-24.15398,11.080749
18.221272,11.770825
18.881035,-17.962837
-21.58533,35.950775
-72.46515,23.829887
63.854897,-118.53896
7.3415995,-53.045853
-34.652016,44.64126
-38.093475,-1.1121614
-0.523523,37.11477
-63.553806,38.454926
45.970833,-60.847656
34.97723,-17.606905
-34.692974,-3.2763548
-24.565187,48.992294
25.364262,-19.383863
8.499776,-25.438068
8.847623,-34.595623
33.72683,-19.134295
21.099709,-15.304601
32.81471,-23.415977
-53.521584,45.668728
38.942753,5.539683
3.929163,39.89853
52.689846,-64.90991
13.789082,57.27256
-62.17055,39.487648
36.42626,-24.435541
13.12824,47.421707
12.405976,-43.436943
19.03468,-16.33509
22.469751,-37.610493
-48.95874,42.348618
24.773014,-1.2526106
13.082952,25.94545
-12.639481,-33.20973
-7.0812907,-66.774475
-37.34247,36.780506
1.532946,34.413048
9.931113,43.07102
58.07716,-31.160458
-63.661415,39.983513
1.6808574,7.490047
12.570658,38.077946
-9.547007,43.630516
46.16551,-21.330528
-12.1411915,4.81969
15.549928,20.464378
-28.826244,32.354008
-63.627163,39.101982
23.174072,-9.671134
59.069843,-28.600073
-67.971535,31.643154
-17.984604,26.44457
-30.441322,45.69178
-33.21862,12.093974
33.870975,-18.456722
99.97963,-56.38483
-21.809046,21.929098
-74.6329,27.705942
-61.76472,-3.5000525
51.184322,-26.506334
8.42985,-5.7558074
15.899058,-75.003815
31.16985,-23.630184
-26.64527,11.675836
18.852957,-35.199276
-29.699389,45.89527
-22.37303,9.264037
7.7680354,24.463507
41.261047,-22.12557
6.422633,52.466705
39.563225,-26.69954
-51.79757,40.05728
-66.03716,23.90111
8.894526,51.408813
84.42484,-122.70575
-16.555964,34.516716
23.421162,-5.3928494
-16.938213,-45.010376
11.650528,34.757988
-18.105669,-35.49364
-16.71165,6.833678
10.069838,12.214919
-12.489321,-39.683243
-10.237728,32.805046
23.603619,19.031063
5.2833023,-11.94261
48.241047,-36.072548
69.90162,-7.269912
-5.560673,-31.755737
0.51371264,31.348623
26.08789,-15.204172
-71.816124,36.66975
49.107525,-26.912695
5.0512996,42.038387
35.528404,-35.98703
-6.630299,-35.3788
-37.61151,48.63479
-19.285078,-8.35238
-44.0781,41.21705
-20.790447,-57.47733
-27.897148,43.057972
8.246319,50.71446
-48.93775,44.123978
0.8055937,-50.065323
30.161108,-15.333325
-17.575428,-22.532473
36.020992,-31.805328
-54.300068,38.861538
-16.927021,44.21019
26.823486,53.494045
3.090938,42.749756
-29.203835,27.30657
3.2367754,43.36049
-32.767975,36.999237
6.0159893,-4.890855
-33.401108,40.171085
-48.364742,47.26998
-58.392593,43.385696
55.679005,-90.521645
58.548016,-28.666117
-68.642334,35.91114
31.015238,-47.327057
-18.584051,-35.09272
-4.0592074,40.711384
16.943611,-24.255835
-29.64042,-9.964339
8.807739,23.579382
28.131702,-63.223
-14.54775,35.747334
-0.26060316,17.096817
-26.379267,-19.38447
-57.78606,-22.938702
-32.509693,41.28327
7.0428085,-64.36146
8.411368,50.801632
-45.545147,29.6545
-32.210804,15.139183
1.6916618,35.326027
61.590054,-29.61006
-32.741997,48.83223
4.825773,32.744076
-68.88913,34.556816
9.676952,-16.306839
-13.297112,29.94539
-64.105896,22.275293
-68.67321,35.6108
17.509819,-30.119953
78.38827,-75.405075
-35.935043,-14.13607
-50.912025,-22.408028
4.1728673,25.884996
37.376656,-76.36038
-44.07793,40.189377
-19.859903,8.201405
-49.554928,8.214393
30.15225,-19.941153
-1.3274958,29.51182
30.311577,-44.62287
-16.131107,19.797235
18.129606,-60.54228
69.87212,-127.1956
3.5278645,43.36367
-74.921814,16.247099
-33.92065,40.42032
40.472454,-21.778002
-16.532732,48.900963
-40.372883,47.617264
19.288893,49.32389
31.442266,-18.86972
-29.097227,6.0839286
46.30512,-79.26751
14.67522,50.275925
30.522726,-12.193043
-72.928856,32.868164
-17.024872,-49.786102
34.234314,-20.82954
-34.406322,37.35064
-8.314349,25.547768
0.20515585,40.312878
6.079452,4.218107
-33.707188,16.54624
-3.8861716,-51.497833
-0.90467757,-8.323859
-38.150837,3.6871097
-58.550743,30.05209
38.524548,-26.815557
4.9895926,52.054134
-4.463071,44.461082
15.347743,-18.687004
-25.495842,-2.5934453
-46.67142,-27.292425
4.2327456,52.435097
7.5467277,-15.974055
44.75506,-22.15982
-43.474236,11.763795
48.54797,-85.57208
7.490838,58.197895
-5.8010364,2.004621
54.24274,-94.61741
-19.202234,50.0797
-9.646792,3.1107745
-56.93991,43.082767
12.648238,55.604134
55.514996,-81.43582
0.11729861,43.24714
52.93713,-28.235683
84.88006,-41.91389
-72.14228,35.82078
3.8874707,32.59145
-75.82485,25.584412
37.855015,-35.873165
46.546314,-87.10105
27.438148,-27.344404
-43.25247,-2.0513225
7.872991,-6.4642663
77.79487,-58.991627
103.47585,-130.78105
49.32162,-22.456982
-16.490395,29.3951
-1.4570357,-4.8295546
-72.49101,-20.750538
8.514889,-24.845318
28.957747,-39.716003
5.201458,24.921274
-72.63363,-2.0114002
55.96262,-54.065308
4.8803535,46.065628
-59.848568,38.46517
-50.617657,45.06388
-5.0715175,-30.751848
9.788707,-6.6486945
-34.78038,48.79689
6.1795025,49.355556
10.225612,58.127914
27.114824,-15.150389
-14.753889,-21.684954
8.392323,-36.67307
-64.035904,19.780596
6.3474903,50.38492
-43.737858,31.523493
5.335326,54.381874
-37.259476,32.38873
-28.639614,13.707534
-69.125015,13.261615
2.3593326,-11.25365
17.220524,48.54332
38.689816,2.0696096
-68.737015,26.739393
-2.2229676,41.978622
33.228844,-60.576843
-48.06593,43.25505
2.5703576,43.717087
35.977413,-32.7639
-25.954351,-22.01055
-16.088196,13.135776
18.027138,35.187904
38.82842,-15.461732
-68.50892,37.479477
30.667376,-18.157276
-37.23088,3.174999
5.857821,28.977583
77.64359,-37.510925
-52.80101,34.985565
-45.82848,24.335363
-9.972358,-27.922777
-5.2149262,-33.266068
45.704853,-66.19959
-3.7855785,40.92486
53.019466,-26.745415
-27.37733,33.804375
41.82784,3.1270323
-58.639793,40.582016
-1.4397612,52.719635
-30.208363,13.779542
-20.424618,29.656973
9.454897,39.378567
-4.460588,-57.309566
-10.3422575,-43.884785
26.742985,-20.34212
-52.474197,39.129555
10.318654,43.310844
-1.7112167,44.607094
-30.281837,-1.6856103
-23.832254,39.68161
53.588524,-47.662807
-70.09022,34.421185
-73.98633,-5.7060194
-45.16679,21.63782
6.3291216,45.811035
10.750376,53.10518
-2.288154,28.404325
-22.761812,-49.074665
-25.561695,9.744241
41.48081,-20.890484
-72.2858,33.821903
5.605856,47.059124
-11.440374,-37.097794
7.0096245,43.08506
54.900047,3.2467325
38.816746,-42.23024
-14.377387,40.77703
10.699332,59.584454
-17.147387,46.243946
65.65421,-27.05039
4.081456,49.98517
1.9007562,13.777285
-56.62242,41.812088
52.339725,-31.166128
-65.24045,39.432793
-47.94119,-33.74398
0.8938825,54.826023
-41.60604,38.282703
-1.7415602,42.835423
-43.331112,-14.825218
32.005383,-19.744595
-4.794645,45.21306
51.964024,-28.687529
-68.098,33.861
4.830371,-11.45598
-4.7712812,46.255478
21.700663,-18.582113
-59.467537,39.16092
22.357958,-54.656906
46.1729,-44.262547
-0.47556907,43.92118
2.5704255,38.851646
-9.712672,-26.775045
1.2344829,40.70896
8.114697,-10.446465
8.615714,-14.37986
-50.135128,36.20842
-1.0077523,31.295002
23.123058,-15.101842
-8.568143,33.43493
-8.40547,23.856297
5.600156,24.526293
14.824625,-6.6471934
-42.043587,-31.90219
35.442467,-17.510832
-10.126131,-19.125313
-66.18234,7.201538
-38.809826,8.771207
-33.622543,47.344517
4.5624413,-5.973133
6.868056,50.745647
-73.13482,26.269213
-41.77876,20.735777
43.226185,-39.85772
-28.088587,38.454063
-25.334679,38.804733
52.315796,-29.4468
-45.448227,22.973198
45.400284,-108.991066
-62.533077,38.350555
20.771944,56.40083
-1.562804,-54.54226
-7.764806,-59.464405
-7.86635,-13.668177
3.5555615,13.335885
111.30633,-58.93976
-1.5633639,-21.04253
-56.455627,0.7165397
-69.94393,22.076649
8.073568,-8.722567
4.9656234,1.5344813
77.13931,-51.752754
-43.116306,4.903761
-46.22817,-1.901294
-43.515156,28.162443
-24.037636,-9.278223
-10.057445,44.904274
21.824577,48.435192
-64.585686,38.719826
3.6415052,58.65239
-48.453148,12.980651
-35.854393,46.017723
39.769424,0.47028548
75.2883,-30.994547
-71.04487,33.79415
-18.633083,39.01955
28.267208,-16.875786
3.6234674,48.173153
38.806835,-32.730083
37.833027,-20.601034
55.80711,-46.727985
37.495697,-39.274837
-41.88924,16.113113
-34.60991,34.430473
-3.141323,29.17158
41.888332,-20.168753
4.0506525,-4.3665104
-31.336693,-38.365772
9.179746,43.93569
1.4084945,-50.58018
-36.966637,-41.402245
56.377884,-85.870705
29.281658,-16.67974
-58.152653,42.92681
-4.8449383,41.4436
22.527866,-57.548317
-57.92203,-28.146847
-55.679226,22.449217
-10.078253,37.623875
29.119316,14.8519125
29.77034,-40.069633
-35.041412,-8.271273
-55.77728,-32.834766
16.56692,55.651558
-74.21512,28.48583
-41.82832,19.246107
7.826537,64.254486
-41.854362,11.917286
37.287315,-42.276608
-20.225554,6.8937287
-63.593533,7.897597
-18.0786,13.442214
-29.551334,44.865707
-45.40288,45.38601
-2.8851676,42.345207
55.92807,-40.875782
-63.70907,-25.700304
-29.769081,-44.764538
-19.014112,-12.2714405
-57.453743,42.46856
-46.00076,23.624426
-70.61372,24.13283
-69.730385,3.144592
-0.45513827,-1.6768475
-38.680794,46.826843
-25.724497,-23.38054
4.6753945,-5.424596
51.184116,-68.06577
-7.589928,42.822426
-22.990913,47.207058
-70.54737,17.478872
1.5692391,47.81532
-42.03971,44.52339
-61.958374,41.009605
-54.65341,16.310202
14.747168,-15.792956
44.288555,-20.758682
11.79702,-37.443447
22.367844,28.068352
-3.6104956,50.110992
0.31317043,47.704712
-63.723576,37.054794
2.7768674,-37.31182
-31.05866,44.562454
-6.480337,33.72052
-26.107285,51.181595
38.892902,-42.718388
-41.62897,33.20378
-4.979503,-39.060024
9.596467,-25.268305
-50.750576,38.21578
-43.499435,35.792538
45.725067,-24.13152
-5.481499,-7.6055355
15.284057,-13.091764
34.292953,-20.539442
-55.03299,30.643877
17.040419,-59.819572
-46.295143,48.95935
6.688294,22.712488
67.421425,-35.75275
43.65978,-20.321669
-5.520932,-11.871414
4.5363464,36.8106
18.169716,-57.512886
-12.66539,35.40405
-28.442163,-41.260506
70.695885,-68.12399
-52.157486,19.572334
-53.164127,44.62579
49.36199,-92.21519
55.95242,-25.22568
12.608186,-16.676525
10.318216,54.27317
-41.03608,8.031633
20.753023,-18.376589
53.873974,-25.92524
44.238045,-84.32377
3.643134,-61.358955
20.038368,-25.887123
25.87039,-53.31355
-55.528206,0.38418466
9.111217,-9.572164
4.1715355,41.99855
-47.767796,48.839302
24.974846,-18.102325
4.9083157,56.138607
-38.70522,4.9181104
-21.152607,38.710865
5.519598,43.728096
1.1738133,45.218376
48.237576,-22.24227
-55.95842,6.1371303
-13.357477,6.2013593
17.716362,47.43344
17.959774,-32.676945
48.746426,-24.668077
30.136253,-15.858528
4.589866,35.272438
51.547752,-24.100367
57.483486,-14.388056
-65.627884,38.089653
48.616753,-25.398857
105.7246,-30.522224
30.761356,-32.792404
-56.76801,42.515842
-26.048067,11.956588
11.934023,50.651276
58.76787,-54.65587
40.571087,-78.0853
0.48922372,54.20581
40.82147,-18.169817
21.569508,-67.55666
-15.730572,-30.25461
62.13969,-29.162521
-18.88054,-60.487648
-48.26603,43.826298
11.772106,-23.049332
-28.952642,38.75187
-56.81128,42.88186
-42.29014,19.61991
-40.441593,44.914104
-10.042596,45.408356
41.723034,-34.978497
-65.70671,33.67295
-7.2297406,-33.96236
38.15852,-18.88734
50.60768,-17.347174
-1.4906231,-1.0886184
-9.590344,-29.053442
-61.28466,41.223
9.527752,21.31211
4.21062,24.554932
11.718203,-15.104058
-6.312593,-21.909285
-38.067265,37.95243
-68.90636,34.546013
-22.18445,1.1005013
14.438282,48.6503
25.642387,52.665886
-53.13303,19.604992
39.712795,-19.163425
-64.08633,34.11103
6.3491507,15.824668
40.857315,-22.563719
-4.29312,42.045143
-62.500908,38.78576
5.889476,35.51105
46.090473,-24.21326
-36.428764,15.937618
-59.768982,41.14393
-1.7706524,-12.897213
-2.294004,33.583565
-48.281013,42.021194
25.626781,38.471806
-67.439606,35.878258
-43.55619,-30.618275
-57.47819,41.00067
-8.419678,43.19982
-35.27219,44.451748
-28.071058,-24.245817
-71.51801,22.235804
37.995094,-21.116411
7.91932,-65.4378
-74.242004,20.50317
8.2313175,-26.117252
77.10086,-84.24763
-0.2146915,47.516823
-47.061775,42.407196
3.024597,54.79991
-37.863712,9.997201
-7.2464447,33.232903
-32.661427,15.941036
84.092995,-58.29385
-25.569677,48.281464
33.242165,-17.61486
3.9967227,44.296852
19.671463,-38.791706
-14.9440975,50.845398
42.08659,-20.886986
27.882204,-15.989051
22.49685,-77.533066
4.743384,-10.73525
8.534379,8.520557
6.040013,49.215096
7.8377647,42.217342
31.774475,-18.300451
3.3413491,33.10999
-55.829426,43.497604
5.422523,28.592949
18.077435,38.85446
-39.353283,34.229332
23.959652,-74.67912
3.131948,-44.95799
-25.353418,-46.058468
40.746006,-21.316553
87.63839,-31.327366
-3.5659943,-51.23418
-46.778545,32.05791
5.9423943,-25.078535
-13.44059,35.64321
36.343273,-27.435072
0.81028533,36.652035
-16.825489,44.451412
45.389065,-18.316042
39.886456,-74.78328
-67.23869,34.56575
-27.858608,31.36853
5.4111795,42.37707
-0.15790178,44.638084
-61.493637,38.810844
-26.136017,11.363212
-68.618416,26.357367
4.4530764,46.11672
-21.50514,9.082071
-28.26105,10.076247
4.3217573,35.901638
-53.2333,41.970787
4.9738183,29.316683
-64.49376,38.207233
26.375553,-15.801663
3.8272734,-4.3760643
-35.653896,32.451767
18.782066,-19.54773
6.3522596,34.153492
-6.6016097,15.779838
47.92239,-27.578064
-46.55594,25.06021
-50.257133,40.529663
-8.678034,-6.707466
10.999622,-50.70479
37.366085,-19.011135
-8.793847,-3.3670332
16.432186,10.010896
-18.87505,7.921766
27.278368,-20.097734
67.62576,-39.236397
-28.247244,46.63452
29.476374,-45.2948
20.30607,-15.995429
-29.214924,31.81373
-61.20543,42.18979
88.85587,-26.92835
35.959194,-12.847733
94.3085,-73.89371
19.132412,-40.55278
-18.618553,43.693443
-37.57372,5.5102525
31.523441,34.42628
-39.57302,42.05159
12.544368,-64.90253
34.44779,-26.398506
-1.026436,-17.103315
-14.785799,49.042168
7.025486,-7.8450446
43.64046,10.440158
-25.288465,24.981726
-19.4175,-26.08543
57.306187,-24.888693
7.2321606,36.848618
-54.28764,42.150543
9.008377,26.2362
48.051846,-37.173912
-5.0056233,43.682426
33.113064,-16.755598
27.987051,-18.70967
79.8303,-53.964516
44.701603,-16.190928
-19.610579,1.7390876
0.0037620123,44.712563
25.306038,-14.730283
-10.542291,31.736105
-19.799818,8.393759
8.641699,45.14198
40.451584,-41.233482
-49.501835,26.40161
42.240116,-6.3795166
-47.79402,36.136024
0.35636163,40.515316
-78.89014,9.942112
31.00747,-11.765373
-20.079609,7.4682946
79.14028,-31.471975
52.649567,-26.28478
-12.922629,15.877011
33.822468,-12.61791
-8.468102,-20.73094
-41.171593,9.200366
66.71072,-89.22319
36.02676,-17.702322
-4.8903065,43.33894
-2.2852933,42.388535
-43.44832,21.468407
-52.972145,24.094694
23.049309,48.80617
-34.85455,-27.557573
21.946684,-18.341297
-27.295559,31.011755
-25.503681,-19.763325
-42.543667,22.422874
14.896527,46.106678
49.59248,-24.373152
-48.275867,44.09624
-73.4953,31.41406
-45.631714,22.070423
-69.934944,19.028837
-11.694213,-12.947468
-14.869946,30.201113
-33.632736,49.94404
76.773636,-34.983597
-11.541413,38.03856
-24.508354,49.65166
56.244755,-29.061148
-0.7193976,-55.32325
31.848219,-31.093178
21.847727,17.238625
-68.98729,31.877115
13.16682,-11.411641
-61.417233,30.690279
-12.255538,-20.721657
-64.19677,38.799744
6.2214622,38.125824
27.550556,-18.927217
32.292797,-19.258207
-22.246485,41.687614
-3.247732,44.920906
33.353123,-16.822124
50.09122,-23.64647
13.345969,42.47326
-8.053732,54.762478
-45.803505,48.13167
9.97306,-0.1684111
83.4174,-61.61224
-58.17895,5.5680966
-52.813683,44.40566
-40.15904,19.667864
-39.272995,22.684341
42.09773,-20.615028
1.3273753,32.278133
-52.70743,38.420975
-35.204292,-0.30473468
-64.7213,31.576315
-35.465088,16.393517
7.2959547,40.230797
45.212337,-26.494925
-24.727348,-4.904588
21.725206,-14.518973
-59.338646,37.1735
-40.251972,5.3787413
-62.891434,3.9208605
-38.90929,18.650957
-53.631626,11.623259
-43.15684,45.69984
45.667942,-26.498201
-56.895428,28.378206
-75.28687,27.556078
21.511827,54.384487
-7.223014,-0.27332667
-71.61136,23.625456
27.332449,-20.969015
3.57607,-14.885918
-32.19435,47.492504
-45.416874,-9.866739
-3.6766646,52.02022
-11.7562475,44.94609
0.06404687,48.729416
-14.590743,37.485554
28.310722,10.1934
2.4686227,-15.180548
22.493084,-53.866295
29.127205,-15.934322
26.032558,-62.019268
-25.362011,34.433414
-2.3943882,29.762335
21.884695,46.622257
-15.436206,-38.657196
27.058744,-24.169685
1.3797972,36.249363
2.8946056,37.47237
-63.469414,31.225878
-8.411555,37.901367
28.437214,25.460676
52.864704,-25.381575
0.49244356,-67.64376
-4.368354,-18.765436
-64.82073,37.148838
9.755249,-26.263319
29.416508,-17.694962
-46.946774,30.63126
15.468865,-11.2577305
-67.90264,3.825198
16.923864,-11.19031
33.185886,-16.57983
-42.724556,44.887726
45.55193,-63.252728
19.894936,-54.244747
-11.484278,-15.537891
54.689945,-26.306759
-43.109547,19.448866
28.555079,-21.123032
-2.7560816,39.96306
90.948746,-50.10046
15.710526,-36.244926
22.12034,-41.71054
-32.170498,15.18309
81.61251,-31.676762
40.532307,-27.194506
1.9363089,50.576492
21.720953,62.23706
-15.090178,16.37683
-13.202575,37.58574
-6.811766,40.253216
25.019873,8.595556
-4.4617443,43.063515
16.571709,49.934082
28.294224,-17.73809
4.4270267,-3.145922
-45.36596,37.720257
-31.537357,35.502186
-0.96797943,53.996307
-68.62514,9.940719
69.35941,-107.409645
-38.13597,30.006893
-33.66435,44.02808
22.086178,-57.83408
-32.79813,25.724108
-21.935179,-14.370161
-0.122561984,-59.857716
13.300072,4.031755
23.125715,-22.4777
-1.8648891,-45.97252
21.220022,-14.756682
47.946705,-23.035048
-13.84682,49.965553
20.88824,-31.089626
22.639885,-14.673709
4.6009254,41.707497
-65.073494,39.587906
-40.00359,13.080775
24.817585,-16.886408
-56.065044,41.0034
-19.450096,44.455795
-21.856718,-28.148539
50.661835,-7.0006375
-41.04717,33.42088
-12.559488,-46.894344
-7.854973,-3.4377205
-75.1265,28.875227
-42.228985,44.865105
-38.144154,30.650232
-41.66723,23.94414
20.803032,-63.40984
-42.71856,39.18007
-40.552402,49.481155
33.05048,6.5686855
-42.775776,39.79071
-18.566668,-52.075542
-46.889614,27.646034
9.014862,21.303362
-67.78563,-9.26693
-3.2430487,-42.131214
-17.577972,4.8452077
-10.413593,-1.3165998
4.6912913,-11.864085
-51.844673,21.375772
-36.16894,1.3570902
-1.3884244,11.251475
-9.990358,-1.4530883
-42.2429,-35.37617
-21.951744,10.092248
3.5899596,15.772568
1.33902,-1.673086
-0.7879784,-47.908325
26.564655,55.331642
-2.8529422,-47.858086
78.26977,-114.472595
-14.039141,43.019257
-44.73889,41.130417
28.22113,-16.66256
-9.228068,-47.20696
-63.261944,42.157852
13.872785,-16.60345
-52.617138,-17.708282
63.907925,-22.64922
18.48154,-41.85003
-24.201382,43.744637
-53.39426,-30.138031
1.5450947,-18.340649
-43.17467,44.88738
0.57489914,11.730536
14.82229,2.1194303
55.31705,-28.993847
29.18879,-22.698263
-23.366173,50.10331
61.04943,-64.2084
47.83701,-28.690565
40.131046,-40.814655
16.134384,-14.409768
1.5932312,56.419525
-18.794674,-46.561802
17.735762,-33.40103
-60.05928,12.856822
3.1202624,35.990013
47.47871,-15.407191
42.574886,-19.950163
-22.102964,10.133018
13.681218,41.511814
-24.292465,17.708946
-56.337505,-40.090965
-0.1341462,31.342043
16.469631,-25.226233
60.82215,-29.73991
-10.414339,-1.3609695
-62.038593,-20.935581
19.310717,50.02535
23.08498,-35.342392
8.279996,-11.337504
-57.387856,40.339245
-36.4944,-19.59324
83.069145,-57.20553
43.711475,-62.928467
-0.47194242,49.34655
-23.237108,10.796516
-1.5203736,-45.91279
12.71037,41.218323
-2.4610922,-40.03729
-21.701178,-3.6849766
41.047512,-20.08022
-25.712738,45.749348
-54.522717,37.224144
37.744137,-19.169386
58.337315,-45.824253
-36.854942,46.714027
-48.495144,43.70515
-7.127602,46.199097
-28.124582,13.136183
4.522855,-48.17686
-26.711042,19.871082
78.64742,-56.33977
-27.652674,40.839424
-62.063255,31.486618
-28.970985,-14.856617
-43.57972,-6.596605
-43.58617,39.03698
-1.5389192,40.31752
40.037212,-19.371275
-43.03814,-44.528812
21.109652,-25.95706
27.86335,-41.078568
15.91781,12.124843
-0.9108588,45.97326
-20.644728,9.343085
24.073624,52.737686
2.8664906,37.7164
44.232357,13.450141
-63.961502,39.596603
24.274216,-26.975863
-20.955431,-54.529568
-31.22184,13.655774
16.427355,33.836018
20.32146,-48.02037
-37.29073,-2.6339974
-38.876545,46.032364
-58.122654,39.41308
-44.890583,46.522453
13.064684,-6.2302184
-28.962795,12.327478
83.50124,-76.16442
-42.58578,45.5731
-62.314045,38.212833
-0.31408277,37.588673
-33.76547,1.1475096
17.890965,-35.066547
26.174074,-78.98714
42.826244,-46.814995
16.143793,58.252968
11.176052,39.45677
-23.442741,37.39517
17.489485,-13.958555
-42.143112,38.407104
-68.07246,34.842133
-14.890449,6.1404133
-21.10867,9.58512
-9.484859,48.02082
32.28031,-71.996994
-51.231735,28.421595
-46.240074,-23.732775
42.712498,-19.724487
38.189724,-18.31442
-68.108345,36.646896
-14.582895,-0.66487753
-47.32975,33.31532
10.502949,-50.15797
-61.49135,40.760525
18.15652,-12.080111
6.842318,15.537315
-53.092213,42.92926
-49.180088,40.762886
-30.146893,13.962661
4.8613615,38.471237
-18.237938,-34.158115
6.104867,31.010548
-76.171844,4.3637977
-46.82757,26.9321
-42.512043,32.566944
-59.013737,34.08289
19.533636,-23.533928
19.440804,7.3774943
-51.183777,28.916042
-70.863976,35.97507
22.35953,43.445076
51.114273,-29.26468
-3.8886852,43.10582
49.917538,-33.407066
13.215525,-8.960809
-50.872536,-19.367762
7.9226713,-26.74087
8.145128,53.848083
1.5030293,38.79458
-19.148117,2.4902596
-67.03279,6.676172
-20.799011,-58.713062
20.297766,-47.237705
-4.3891563,-1.2843173
-68.695404,36.256287
-6.5606804,29.552164
13.501485,9.127078
-39.31284,26.419443
-31.588654,42.35559
20.970673,1.5920601
19.487898,-33.32701
4.958976,35.30526
-21.980202,48.68431
-36.006603,-42.4719
-33.38689,-19.130268
16.405478,-43.494427
39.369747,-19.718067
23.47242,15.9340105
82.042015,-107.93235
-62.17805,6.2019234
-67.95919,38.0943
-28.630236,-28.579248
-17.144873,31.997925
3.3815882,-61.632816
8.049777,-32.693226
48.977077,-22.403587
3.207992,37.00459
22.935158,-19.233313
57.348194,-48.288986
33.06215,-47.68388
-63.81257,41.519928
24.79091,-42.731773
42.299103,-19.576067
-7.45103,44.48348
87.027916,-44.422867
14.436644,-73.51617
18.359646,-50.788765
29.528246,-57.340668
-68.32619,35.497467
4.424717,36.063965
25.914738,-28.042143
-13.271616,-56.16152
-40.42311,27.92139
-19.053007,36.53045
25.050076,-16.678844
34.138744,-17.17693
20.038818,45.2816
116.11626,-89.08456
-49.15135,19.96211
-62.4021,38.325592
-55.495792,45.106613
-19.376911,-26.329668
32.603657,-52.74317
-34.54721,42.383297
-40.164406,39.142227
16.508171,-23.139076
-17.715336,47.72236
26.625198,-18.567116
0.12748528,35.685707
16.286766,-56.075607
12.771496,-15.050217
-47.395412,27.527615
48.66454,-35.42907
-76.0945,9.245617
62.520985,-29.280825
30.078358,-75.509254
0.34466898,-2.8562148
-19.552855,7.53162
-65.19379,34.971703
-34.44565,-3.2398438
30.751793,-32.917862
2.4174118,44.025185
23.867863,-25.418861
88.51554,-36.178738
-12.639518,38.45096
-10.624696,34.48756
18.12566,-16.22992
24.347897,-18.397398
9.691794,-12.20842
-59.97639,31.504965
28.065392,-14.338307
1.5146044,-1.4289873
-1.2300318,-51.649876
15.951079,23.336939
-0.9092281,-35.163
15.639769,43.11862
6.0256677,36.87047
61.787373,-28.086655
22.055801,-14.688684
-29.239784,5.049118
22.013428,-49.13861
-57.724724,40.618996
6.8781753,47.305565
33.988594,-17.404963
-23.501688,13.952033
-8.081027,-57.93926
14.419069,-21.828527
-1.9277307,42.747
11.348724,49.690216
58.957264,-91.18359
-21.794237,-23.874788
1.0076351,52.770203
36.7589,-18.399998
26.707497,-38.999043
52.073864,-25.794289
36.417126,-18.523592
35.757824,-44.969982
31.213799,-74.184296
24.076057,-15.621292
-53.32172,40.95809
-25.12597,32.31383
-56.07401,34.360733
4.3301563,54.635056
-47.311684,28.208452
-71.89667,29.499308
8.611371,25.59872
63.93678,-30.040873
32.319675,-17.218296
-53.750805,1.9123843
-12.820182,-5.1402903
-67.177155,37.02022
19.19333,51.644478
-74.93446,28.427729
13.5691,-34.359947
17.209358,-43.94792
-1.1944234,47.160526
77.9051,-36.09922
32.251675,-18.530981
20.251484,-17.176418
34.915157,-34.419777
-12.802484,-16.575104
12.49602,25.668627
-25.101145,48.347404
7.013198,14.427197
21.814177,45.18521
18.135513,-37.958614
16.383055,28.98511
19.878328,12.99587
30.616772,-18.600191
-46.42439,-0.23473552
-22.212847,-18.526678
29.605843,-27.669653
44.237537,-67.39192
-67.54897,-19.01695
-59.136547,43.16796
-60.195522,-21.288221
21.717024,-22.60793
81.91285,-33.992504
39.120693,63.53
23.088718,-19.749437
-17.327538,-58.889103
-2.020572,7.294929
49.534157,8.97002
-14.083881,-16.192583
6.6958194,33.485092
12.683549,11.475255
0.54592466,44.700695
-44.905777,38.33681
17.272766,-23.190847
12.295105,48.495388
-5.4902062,50.92599
-77.67802,20.781855
-53.433,44.13389
-45.169292,20.962729
-66.054375,35.87416
51.060062,-41.61107
-68.055176,30.19723
-71.3546,28.15824
-8.243902,42.909927
-52.89818,-25.967978
-72.910515,28.53797
32.99013,-16.698586
-49.153355,35.460457
37.06104,-28.430944
-22.991383,10.659155
25.301418,-10.535138
18.00783,-32.366367
-62.13873,-6.870749
28.173908,39.820503
41.078625,-85.95537
-5.5609035,-23.787575
21.40679,-15.692751
8.806162,47.886513
10.85508,-68.28911
-7.8096786,14.555354
-6.378988,43.17751
-11.104691,16.60317
23.648573,1.5144758
5.343692,-22.029638
20.904104,46.800842
35.627514,-48.810314
4.1818523,44.64557
32.338017,-19.22416
-14.623606,45.315575
-75.670746,26.966938
9.9273815,-62.974415
83.1883,-77.127174
12.022077,-60.767086
11.753839,40.17489
55.119064,-79.069664
31.938126,-21.700489
10.309286,46.135506
-8.44621,29.518047
-73.11565,-7.2326713
28.836006,-1.253795
-22.552849,1.0673606
12.449083,-32.500698
-33.85249,16.426939
4.172252,-61.02616
13.810994,6.334191
12.616286,-23.498955
-77.10821,22.364157
-58.09064,15.959214
45.084606,-63.486046
16.802372,-2.3466685
10.098464,40.856705
-57.26014,44.7175
-72.12753,-23.249563
10.856569,23.84159
63.18347,-30.295307
-60.293148,13.061123
6.5041313,-33.906116
-61.580757,41.043476
3.7762926,45.87847
6.684617,17.95452
0.1194079,54.71003
66.91976,-61.038155
33.96444,-18.565708
-54.96762,-40.37718
42.367043,-22.006956
-29.2643,-32.86287
-12.470569,-12.346642
-13.970712,5.854131
20.540752,-19.829937
33.60616,39.287003
9.079499,-9.638548
58.82095,-102.22676
-66.04859,16.757027
20.830063,-47.02399
35.21461,-19.422358
-62.552765,40.10782
-53.695045,44.808548
-23.9246,-43.234688
-62.890533,37.830223
79.24891,-52.23527
78.91853,-59.28545
-49.005573,20.804792
-23.687449,40.17026
-53.416466,24.800936
-48.444843,21.759205
4.8017917,-8.139522
12.326413,-32.838108
10.408106,20.18969
-73.68078,29.14641
25.572906,-15.927003
36.917397,-23.384745
11.382018,56.261242
63.809845,-26.294754
-37.739098,29.330568
-19.22819,48.405624
12.187317,20.344501
-54.776394,40.825775
-3.4214535,-16.124464
-67.74448,37.36954
34.55823,-17.733353
-68.3809,29.031199
-7.6965094,-54.340714
33.749226,-44.382515
-57.151768,42.506912
0.24017763,46.07908
-10.241998,-4.5642724
13.319976,53.998848
0.08625794,-37.011383
-25.719042,-21.990152
13.6257515,53.02653
5.9785705,35.70867
-2.733903,36.613853
-38.9708,12.607747
41.561745,-61.902893
-25.253794,3.7321832
-40.87736,-12.840865
17.760887,-49.309505
2.6656356,-4.6339025
-10.166846,-2.368464
-15.473922,-11.365385
-2.3615444,47.621872
-65.29634,21.857145
7.1784315,18.23958
-31.397205,45.599308
-32.4908,25.847416
17.72361,-22.648907
-32.33692,13.8881445
-53.03787,22.450628
28.678898,-47.320755
39.504192,-52.465755
-35.154697,40.59201
-16.471033,-14.09426
-8.967896,29.641718
8.793817,46.202316
-14.768266,44.312172
83.030815,-60.348003
5.1852727,25.066492
70.6555,-30.643723
30.128067,-63.138268
-41.971558,29.998762
49.70265,21.065853
-48.251297,17.663124
-7.4278927,1.7100995
-38.73682,48.766716
-43.370987,-24.732798
17.532547,24.749573
30.59562,-11.500508
-71.41848,22.625496
-11.121688,-4.9021993
-73.2939,33.71065
-62.499523,-21.419666
38.68243,-19.838478
-42.170525,19.83698
19.737019,-17.804485
-12.118479,35.89051
-48.499897,34.866203
-22.717165,34.621937
-54.453266,26.66372
10.075567,-62.088478
19.01215,-33.89186
-10.851233,-29.853903
-13.2044,51.37021
0.5279517,53.19233
-45.970516,33.142708
-21.60238,-18.862177
-21.17032,41.74929
-48.379734,-7.2974668
41.225418,-0.726867
-38.05026,46.251564
-64.06026,37.042786
-52.53253,29.846312
77.77382,-46.419365
-24.44598,10.202844
-43.28806,22.758966
13.922563,-10.502155
-44.131992,43.075935
-52.241795,43.932854
23.377327,-18.798573
-11.169019,-24.588734
27.892464,-16.325615
11.159339,-24.395292
6.920475,51.52162
8.725022,38.47267
0.37148035,36.36011
31.254131,-16.226946
45.65791,-24.438454
24.763012,-18.2115
38.097294,-21.598734
28.304398,-31.75051
-0.9892324,30.029444
8.267278,-8.557085
0.039986856,31.266445
-27.750216,50.419334
33.30344,-17.610935
-28.15299,6.4729414
34.23199,-64.73053
24.070545,-27.876589
-74.14418,29.296404
25.949406,-18.776226
27.630129,-62.329674
27.813637,43.92972
-31.277393,44.04598
47.63966,-21.673616
-36.47306,7.8162913
8.640311,43.857986
35.30975,-24.512499
25.63006,-32.10525
6.3900065,39.373573
17.905886,52.054718
4.6614513,32.702534
12.538346,-19.872675
54.21062,-10.821593
20.254673,-15.542671
36.369663,-35.83751
-53.263233,44.87334
31.524952,59.74433
-74.407906,32.066055
18.920986,-22.733843
11.102847,-15.849706
2.5762157,-73.41578
40.71228,-19.85569
3.1555657,-61.165447
-26.397793,-19.966114
-8.814179,41.139366
-42.341793,13.586609
24.9839,-1.2401446
-37.65984,49.668907
16.324152,50.282337
20.253433,-34.165146
-41.94071,47.356407
34.870186,-9.28206
9.324921,-34.304504
40.47352,-35.43792
-65.6095,15.504683
-4.8851566,-28.0073
24.295313,57.995384
-36.381733,14.03843
-25.08901,11.59411
-7.869523,1.0385389
24.724892,-28.334988
17.354239,-20.10328
-9.810818,-48.764336
-20.776989,-28.298447
8.777942,46.554115
-4.71708,0.20069969
5.6304526,45.592537
-23.242626,42.175354
-23.033514,49.138596
45.492836,-62.457886
9.920964,54.973366
-18.168358,47.348663
-43.987247,-17.106604
35.58215,-25.102406
11.933898,50.643658
88.645256,-34.412228
-0.39136806,56.197845
2.1795063,-28.956526
-46.27855,41.769604
28.30178,-50.695942
52.292805,-69.12462
19.56126,39.4774
-16.88764,31.728302
57.252705,-24.490345
-3.13149,45.213833
-28.932138,11.685348
2.141975,34.336037
-0.40483198,35.60997
-0.3087385,-12.942781
-64.83708,37.138977
-67.09746,37.999672
-74.4153,29.036858
-39.057667,20.170313
15.887467,-12.892129
27.524994,-31.912619
-54.35878,41.82086
44.797543,18.272003
-20.314028,43.628136
-46.594242,36.932457
53.71972,-58.625416
-16.528233,-2.10504
21.644287,-2.4388444
-45.24287,24.066347
-35.060658,44.875877
-33.12541,36.40525
19.679667,-32.422787
-32.35747,-39.3353
-20.668653,35.67588
-76.516075,25.456852
-26.184267,12.149985
-73.32065,34.44299
-53.759167,45.32888
-17.867737,41.59073
-70.315414,34.917873
9.247417,-21.79327
-20.195053,-7.6165967
31.321806,-25.110252
3.8776963,-7.5007005
-8.120371,-12.820458
-18.278944,28.557339
73.18749,-40.92571
50.48599,-23.861399
12.981099,57.560696
-6.277665,38.75508
6.00346,48.33642
20.979282,5.7184324
13.36115,-38.989895
7.852667,-6.6857276
52.028183,-29.715664
4.77571,40.18337
52.599014,-27.032515
-74.12083,14.443576
18.537407,-26.078777
4.034697,-16.65963
27.547544,-15.902411
22.403336,-23.074997
51.54196,-79.03112
55.21374,-25.980873
-74.76122,29.008034
-63.267994,36.023872
14.637631,-6.419454
-1.8858063,-42.518356
20.60762,-60.380783
4.4359174,37.052197
-18.496841,56.858444
31.225807,-35.899868
-27.930721,47.81176
23.35832,-43.96409
-24.861204,47.642715
24.321194,7.1457796
41.15125,8.63209
13.376691,-0.71455675
-13.282533,-53.153294
-6.691654,53.479065
13.502895,-2.7986486
26.64348,-64.92301
-28.68895,11.838813
5.730508,51.68994
-5.2857943,31.621029
-61.488026,36.04628
-8.285567,46.671062
31.127007,-26.073236
-5.759891,-42.17344
-41.24766,48.15207
60.232273,-77.08063
-21.421198,39.713505
23.074284,-46.61246
-22.660553,51.352005
6.6899586,26.86046
-37.696705,-62.43694
-58.823406,40.973602
-37.02709,18.761377
-66.01297,8.100134
-25.145744,10.625354
-1.2623006,-1.9981908
55.981155,-26.787903
-3.8768508,-3.520034
-30.656845,-31.690159
11.993561,-32.633926
5.347234,31.344618
39.253483,-22.072731
8.8655205,49.113594
-4.697543,-25.622557
-44.35457,44.511646
10.890876,-19.053392
-1.8430383,-5.338132
-32.531742,12.677518
25.116484,-36.765957
-4.3593793,38.1986
60.756344,-56.800804
25.884968,-38.922176
86.95023,-64.695496
-36.612343,-2.9700365
30.555695,4.545178
26.812435,-39.495945
-15.358716,-33.01476
-3.659239,41.24975
24.80909,2.111169
73.149055,-32.27862
2.5465512,47.1159
52.36972,-35.395313
-55.02866,37.40647
58.58185,-20.14552
-43.877953,-19.981695
37.251286,-18.347649
-66.39381,33.551807
7.692955,-31.43582
32.88251,-18.593533
17.435478,-16.889034
-71.62038,33.889473
-7.276713,31.96796
30.240746,-45.517517
-6.7324324,34.90287
8.038644,-19.087732
-5.0480404,-60.51256
-58.940563,33.788414
4.0642347,46.29849
-69.40347,35.3256
-52.105984,-24.805035
30.390495,-62.50092
28.185934,-17.130007
-34.634846,31.326513
91.34734,-35.87555
0.99183685,-2.201313
11.898784,37.756058
-5.3807783,42.221664
-4.7694635,-47.68684
7.920946,43.22587
-76.672035,25.754318
7.403422,-7.7967577
-47.09967,30.977098
19.137293,39.658154
8.020289,40.137146
31.061256,-16.312355
-54.176773,-15.733461
-4.4086137,34.79695
-39.063686,19.567991
-47.07359,-20.856777
26.87825,-43.62885
-35.154366,36.643604
-33.654835,46.319294
-68.60838,22.524439
-54.24006,37.74501
10.980296,-41.590076
49.100376,-24.67884
0.9725863,35.52746
-10.897213,34.718216
-61.63401,40.932083
-67.908905,36.708332
4.1473694,32.206783
-60.91868,42.817486
-30.70133,13.239886
9.236171,47.82192
-19.896713,40.75821
-31.23221,41.300774
-30.905912,28.4497
19.38037,-26.127035
2.0080626,40.217384
-48.18915,43.23084
83.04218,-97.49208
-68.530174,33.61854
42.69107,-35.39575
-2.0914853,41.21056
-18.670185,-52.663403
4.126754,7.157125
29.364285,-54.155804
-28.196321,46.01534
-42.914726,21.206041
22.4888,17.794195
-8.554781,27.13569
-31.216616,-34.526653
34.82394,-55.609066
-3.476938,48.246094
24.228672,-35.271526
-4.415629,-52.28323
116.12719,-60.293236
3.0824645,53.654476
49.65099,-40.22576
42.768105,-20.535936
49.270077,-8.001245
9.002637,-49.031075
-15.793428,6.5351057
-52.981834,39.58188
1.5565054,50.153496
12.307116,56.9634
-7.50224,50.12516
-61.09626,35.40729
-49.358547,34.22947
25.639235,41.26615
3.4808958,-3.7201407
11.995585,31.137846
33.03529,46.060837
44.141186,-30.724894
-40.131756,45.327324
-68.3816,-8.581979
9.666142,45.789413
-1.7593727,28.398544
1.1169338,38.56273
12.297558,-39.71524
9.023493,39.40019
-25.74368,48.77004
41.284462,-1.2395107
-35.228752,36.95893
38.521717,-19.855509
54.232777,21.314634
-65.2069,11.942563
13.507816,49.154335
30.895365,5.026094
12.75213,-58.416687
31.264528,-51.777576
-60.44788,27.48313
23.64145,-15.501776
-76.42466,19.438557
-35.697014,42.65478
-52.296608,10.904405
15.66878,-21.367243
25.833609,-34.109825
13.031892,12.365013
-31.02912,49.092983
75.18035,-74.29229
-15.788447,44.263237
20.005676,-14.309973
33.35798,-32.587585
44.775887,-112.65176
15.579732,-48.441772
-23.568884,15.865365
35.91875,-27.988026
-0.29192743,36.5731
-8.283366,-25.934896
-48.532745,15.114871
-34.79407,7.819596
15.863311,40.896767
1.2213964,35.15128
128.8117,-112.14204
8.539679,49.901512
-72.8521,35.039467
19.732147,-17.060898
8.976737,8.830389
20.700544,-15.041081
-3.6975708,41.129135
8.509851,46.5534
15.534084,52.73787
20.169298,-31.359978
5.1200356,48.937946
-62.45939,37.7763
-8.223376,-0.52152944
-3.6264007,46.29048
13.160819,-19.59724
-33.67613,37.48982
47.88942,-107.65771
-13.876446,-32.157444
67.67479,-66.0398
8.992837,-11.196242
-38.122845,-9.698726
28.34152,52.506294
-7.391867,51.698196
14.824271,55.920086
9.1576605,23.32232
32.350895,-19.365982
8.2534485,-76.665955
44.714344,-31.397644
-0.13056523,-1.7694119
-9.475732,-41.280544
-23.234373,8.9255
20.788128,-34.867554
-39.435028,39.380573
-52.48899,42.171745
36.04347,-18.775864
8.497668,3.8009908
-45.29758,-20.755886
11.309027,45.745773
1.8541512,44.369358
-28.640913,5.2174273
-10.532513,48.519722
36.733063,-21.404478
26.514616,-38.022682
-42.940643,15.547307
29.713121,-18.011318
32.06865,-19.046946
-8.588421,46.98781
27.234676,-2.4306877
2.9145036,43.94554
-63.714924,-31.711058
-26.932722,43.932816
54.10288,-28.896452
0.37145174,35.546455
42.645252,-28.53395
10.485202,-10.491732
-5.413814,47.576454
-76.492065,23.793177
17.957548,26.980318
10.7839155,-28.023893
21.54031,-20.438023
-13.776647,-27.419426
40.722195,-30.886593
-31.148617,48.40332
11.293248,51.137787
-15.833086,42.04824
-48.11169,45.48802
-6.359317,-21.867529
-22.508762,46.823273
33.226963,-57.754246
-48.539604,-31.671783
4.5504093,-15.284412
25.951786,-66.66439
28.568848,-20.847012
2.3912015,42.481903
26.19801,-55.231632
-73.531624,21.370764
0.20849156,44.614056
4.7472568,27.873716
16.89738,-20.010433
13.478148,-16.548391
10.891891,44.41761
-60.90632,37.126938
-65.61872,37.13034
51.577427,-39.145363
30.630325,-24.109737
-66.87262,34.377098
27.475399,-22.990503
-57.3161,42.413635
-78.47957,-10.612849
-0.54351795,-56.51597
96.812126,-56.530945
53.964375,-51.930977
10.163426,14.1428585
32.226578,-69.47567
-8.766572,-36.246586
-22.952782,-1.3569545
12.314961,28.196638
-43.776833,16.402897
-0.7621255,-16.471182
60.457676,-66.17185
2.577206,54.009743
0.953706,43.763954
-5.4035926,55.122196
50.196686,-22.017252
34.038383,-21.480896
-24.891928,-1.9852008
15.411628,11.445054
42.363556,26.556236
-73.70408,30.710722
24.872093,-43.1277
12.963571,-50.47363
46.254257,-89.4184
25.981798,-27.27961
24.402443,-20.313795
-2.8558717,35.918064
18.00658,43.264862
40.463207,-23.918814
-1.2246169,-27.210691
10.881137,15.7442255
-26.4988,49.985294
-11.699394,4.524074
15.100321,-22.08466
-15.227174,52.638493
-73.67828,33.13449
5.2953053,26.492483
27.945572,-61.891212
-54.153763,44.586174
6.4112377,-39.69144
7.8294363,33.453537
3.5588746,34.332153
27.720066,-16.50957
-2.3810456,-23.238598
18.633884,-16.906534
-63.822002,39.62966
15.631211,-24.25947
-28.84579,-14.773556
9.626258,-67.83964
-13.567714,5.647411
4.6588354,-45.62078
-14.718511,-13.321084
-34.208534,-22.913828
-25.002352,-15.936747
44.999645,4.7278156
0.629689,40.088093
-21.700277,30.183796
12.7866125,-33.51035
-46.113716,42.26587
-3.7803571,18.530043
-56.93386,41.74994
10.342477,49.28296
-22.992483,44.476875
-57.74618,-21.15519
28.383053,-16.819
-32.898113,29.469515
-53.326786,35.968662
-50.507915,46.73977
19.084957,-12.933507
41.0152,-20.848917
-29.839561,38.428894
6.3284225,32.863228
-69.61253,36.51794
15.819713,-47.781654
2.9200015,42.727768
52.374615,-29.175165
-65.79665,41.678562
-51.938385,-17.015926
18.785374,-0.4951555
-65.942055,13.261666
22.533195,-17.418085
-62.9652,-13.144252
-58.23135,12.014184
43.14654,-22.650114
3.455626,16.231625
-8.614912,48.4795
27.066599,11.288305
-34.68371,32.686523
-53.122173,47.75828
-0.32261774,-8.245967
56.70671,-24.243036
-10.895403,-39.289204
11.2182255,-22.734407
0.78442,34.211025
33.297066,-17.005173
36.792034,-17.89341
18.572756,-37.302464
11.29433,26.207579
-54.494682,47.08531
35.467617,-21.547792
-1.1461458,41.85428
-65.64686,36.41342
28.38171,-17.830065
-46.51969,25.076206
41.595203,-2.9579523
-48.99271,42.213287
-55.18525,23.54843
9.257005,34.979813
-43.877224,38.559822
-41.44429,20.27373
19.492527,-21.205427
14.384737,-12.403052
-65.35489,32.02623
1.050009,41.426544
69.96284,-27.417524
-58.417862,38.382782
13.873595,-60.146484
-27.560652,12.556012
9.209964,34.932312
4.5696588,33.110825
-55.43229,43.80017
8.839866,-71.47517
5.616484,-0.16208974
-69.3092,-7.7361755
-18.154886,32.74456
3.493562,28.809385
-39.84053,5.2699604
-5.5889325,52.194843
-47.608078,39.43189
-22.135777,3.8977149
69.2078,-84.554276
1.3348162,-10.684655
-16.88241,6.979652
-74.97357,17.582788
6.610365,27.779388
-43.81647,32.58086
45.86932,-23.123472
64.99206,-125.72015
1.8183596,21.28019
30.287453,58.428406
4.5657363,-5.7236247
-39.938663,46.256245
48.196194,8.352656
-54.199966,38.041504
-45.95072,23.48438
-42.78743,22.089552
89.6274,-26.159666
30.091837,3.7991319
-70.38869,36.899986
128.78384,-81.17865
-46.41181,24.243357
0.73656774,32.152905
-43.16467,45.875267
5.158648,39.573944
-66.60823,36.780655
29.72362,-15.838144
13.304992,-10.716106
-22.995062,40.313393
-12.21194,30.824436
38.23644,-102.77213
18.360106,24.767057
77.1594,-34.778683
1.8306104,40.462048
35.312813,16.105253
41.37117,-24.824175
14.128108,-16.806273
24.620548,-22.502584
-2.2053058,-5.225174
5.2054186,55.909164
6.927291,53.792763
-8.592329,37.75482
1.4278655,50.168262
11.058894,18.614115
18.145828,-23.942768
9.739467,-39.26492
-66.25115,40.05337
-38.03888,2.3542652
-31.47713,-5.1357403
-6.9989395,-0.28260243
-25.643478,39.302124
-16.814463,-36.298462
81.5428,-34.62515
21.272537,2.3981488
-22.490396,34.581093
-3.894215,-8.488357
-36.788265,-17.792583
7.4621496,46.733093
31.667492,-30.021042
16.171448,44.107353
-61.32449,-23.932636
36.815975,1.6257834
-6.1625166,48.063835
54.149624,-45.34232
55.682995,-26.6926
-1.626257,-11.731219
36.848537,-18.979198
-37.56727,38.153816
12.080981,13.5094185
-74.50894,30.146318
-51.649857,36.952515
-63.013687,-5.8641996
6.0198746,38.09726
24.159588,-14.766062
-38.236176,9.884998
-52.810356,8.551507
13.107574,38.24359
-57.938583,37.588634
38.26327,-71.244736
-9.544317,37.223915
-17.222383,-25.932013
72.485825,-149.23788
-36.417923,47.795456
5.9388304,-68.42163
-8.053896,31.303493
-13.931055,38.637398
-12.348696,47.70865
23.883736,-43.87988
1.524296,37.934296
-4.881147,-6.91267
-0.10870004,40.101536
46.274185,-21.776194
-26.316732,39.087547
-63.384315,3.6603072
-33.300304,16.584867
36.02789,-18.668798
35.750164,-20.718086
-72.45771,26.192562
-56.613426,14.052105
-1.033984,34.96794
14.720414,41.574867
-45.629906,27.04399
3.572875,44.552498
15.326887,48.430477
23.899902,-47.453964
13.672479,40.92804
28.180965,11.671182
-69.1479,0.90153533
-70.9135,-6.323313
-19.930534,6.3993993
71.56242,-26.994196
4.1356983,56.233814
-25.333529,50.939453
-16.581926,28.14624
-0.9535757,58.340755
13.726685,39.12577
-26.626812,47.361427
-64.798965,35.65046
45.928226,-47.888123
-31.710293,49.903015
36.84358,-11.09599
60.730633,-29.598066
-61.255913,34.107616
1.0390301,-37.297997
45.254864,-22.31604
-19.383846,42.472664
-43.41182,49.481293
17.662964,-34.431164
10.912016,-62.98685
-64.6213,39.466267
15.84424,43.480076
4.8665614,36.20746
-65.520325,13.071118
8.708567,22.738466
45.64568,-7.6497507
-41.817078,20.763165
16.009602,-12.66903
-57.736317,38.87284
52.69903,-39.532967
36.799763,-77.84663
32.785866,-27.355116
-31.054836,13.855245
-14.711432,-22.530766
-27.828268,7.8332767
21.807625,16.779074
14.425044,-22.3924
2.772792,-2.9037986
-24.89379,1.9975739
-18.023314,0.38039523
-18.70024,37.706734
54.9537,-36.172123
-58.194553,39.37577
27.40858,-63.468033
28.293526,-16.14644
16.684378,-16.414352
54.47845,-26.027155
-19.25064,40.785072
31.82223,-17.9783
-12.2014265,-41.84632
45.94682,-21.201778
77.72883,-75.099625
18.494915,-21.203594
8.036893,-14.203854
50.54234,-18.86153
-26.369833,10.149812
-35.78495,47.983597
71.1418,-32.5704
26.870317,-21.84767
-62.254215,35.741478
-50.03108,42.282623
7.232111,-29.5485
24.014948,-24.899775
7.203143,52.478767
2.3124795,49.336205
-38.476257,11.15008
-14.293485,-44.81143
-12.323072,38.13772
12.18113,53.074604
76.9145,-42.284245
2.274638,41.040607
22.871244,-43.060246
36.46513,-19.263155
3.0759761,-7.2624297
30.824099,-19.46473
-55.260967,30.603668
30.085567,-18.371227
20.154472,-78.15878
20.505882,-29.671846
-75.54774,28.87897
0.9923632,43.989517
6.4095645,-34.380222
-48.90354,-30.2697
-1.1920803,43.606964
-45.118317,24.030401
-13.154385,-12.981683
-56.484985,40.17414
-68.312454,25.337461
18.973906,12.408118
-32.899807,8.438983
25.736618,52.79648
11.100349,-26.22208
114.59417,-80.30506
-36.113316,17.63005
-40.11095,48.51384
-20.128464,55.053062
-38.604446,41.720276
14.160548,9.376552
6.0474644,47.00128
25.089634,30.531164
-18.889204,11.337665
-3.3967173,-45.233833
-51.23525,11.074907
4.423848,-22.161526
14.385039,52.388916
-59.331207,38.060707
-5.947158,1.5049082
-59.9245,20.180038
86.47008,-116.23038
31.729694,-29.254784
-54.089275,44.88968
10.082101,20.157808
7.0719824,49.35423
1.1905346,37.94509
-6.3152122,43.35933
-30.316853,30.217596
45.285923,-104.877914
42.071568,-77.97075
-16.958866,-16.745398
-60.67776,32.763176
34.11161,-41.605335
-69.845604,34.42554
-47.64417,28.016495
-71.463905,32.873913
13.748254,-37.26951
-8.771484,-3.9728224
-2.6789176,44.603996
4.3204427,-28.872808
55.800083,-25.382767
27.268898,-64.93545
61.427143,-65.71871
-47.55878,26.247993
68.102394,-111.45588
54.63875,-27.329742
-25.816895,-30.727701
32.888153,48.90338
-47.796974,44.999413
69.48191,-21.333422
49.69676,3.9085872
-1.9676392,-54.030716
2.2275944,-17.979177
20.281273,-25.05844
32.3709,-50.63233
52.548626,-46.887283
-78.059814,3.4093816
6.9324484,32.026104
4.747873,-35.77216
34.72549,-32.77869
-65.4384,-11.614489
-0.8597293,-11.151059
38.16209,-50.26601
47.16257,-24.308
13.5853195,-26.215815
-14.913067,0.21751791
25.75734,-8.169264
24.320873,-27.917725
28.10569,-69.51184
-31.348045,9.788968
58.91441,-82.2109
-3.8743212,-1.5356394
-50.864113,28.943953
35.80541,-56.66924
-60.940113,34.50358
-60.864468,-22.507547
12.911791,52.881454
0.38032746,45.774433
38.365047,-32.727966
-17.288965,39.323837
43.187122,-23.577488
-67.26078,-5.8586392
22.583252,-26.990217
18.572483,-14.006868
-8.073026,1.0143563
-13.455002,52.504898
23.585136,-16.058323
0.41965052,-0.8399318
16.683094,13.760089
6.358853,38.18859
98.386246,-82.64151
49.722248,-96.54625
2.5051627,47.744064
-21.35963,42.546387
-46.35935,38.41587
66.404655,-48.089245
6.075611,-66.80452
-21.682281,0.744235
11.054588,39.612427
-41.99889,15.765344
-57.682327,41.850872
-49.662403,43.264782
-10.349462,3.888368
-46.837883,26.432817
-4.0360265,29.76717
42.949944,-21.73339
9.318936,54.86943
-46.413994,25.267935
-13.197426,47.516354
35.192883,-17.480494
0.8822521,21.855558
47.88824,-60.48679
-22.336868,10.346972
9.787753,38.27582
-3.6366334,43.31536
117.821754,-117.12945
-51.19969,-29.634552
-51.212887,42.89566
26.884872,-26.164509
-34.27796,-9.96214
22.872799,-7.00091
-69.1462,17.936913
-69.66473,26.48976
33.401493,-19.145067
5.0284634,42.842278
17.068333,-14.854613
-27.512974,13.128816
-75.3739,15.178721
12.883768,-18.4236
-62.108105,30.847723
-32.809048,48.240112
-15.69232,-37.01892
40.69586,-86.37805
64.52659,-77.575516
-37.623806,-22.951426
-11.2369375,42.434364
-62.378216,32.961296
41.44387,2.374463
-66.93982,33.849014
-1.7539449,41.211185
38.998806,-20.629055
7.904017,-22.481216
47.55621,-45.413975
-42.33401,12.229163
34.814545,-10.805165
2.2746637,46.941296
79.445885,-70.45456
6.3497066,28.76326
5.4911904,54.89039
-62.44193,3.4316905
13.722596,-28.052013
76.751686,-63.176155
-49.277203,35.478256
-35.02395,39.12304
-43.4896,-5.8063307
37.646664,-18.449959
-33.020382,38.285934
-38.390266,41.19889
12.806121,48.500282
-21.860514,-6.7365656
-39.70215,35.99735
-46.28365,42.404026
31.601685,-34.21979
-2.19939,39.8224
-1.7258756,32.197372
41.10855,-19.635286
-24.163631,4.923936
-25.709995,45.46847
45.47547,-21.641863
40.419773,-19.337482
36.874104,-19.556454
38.339203,-21.504356
-38.523186,30.333092
10.863759,-19.550817
-32.01705,32.66541
-53.87574,32.177605
-22.793419,25.01291
-58.29009,26.152178
-35.89579,-2.249126
71.95678,-83.99536
2.6530504,50.165123
-36.1283,44.261864
10.303013,43.94925
-30.310211,48.303413
5.5418863,26.237942
57.63724,-55.983387
-66.12873,28.259542
-0.42503265,35.053734
-46.432026,44.198475
15.082576,-10.020169
-20.249744,34.320255
5.075548,17.549456
9.091702,44.278015
11.249585,51.463917
-49.331615,-24.011757
-1.2302364,36.914867
5.498025,39.808044
-50.995083,38.60383
1.4953152,26.698107
7.3076444,-33.55268
-20.947214,-19.057222
39.68121,-77.28441
-1.8014216,-45.215813
-78.16541,20.77855
14.740869,-26.97635
11.37551,-29.033434
20.680899,-23.403383
-53.404854,32.92659
50.173107,-111.24817
44.88099,-79.73035
-32.75066,26.74955
9.723457,55.098904
21.631603,-14.975053
51.65192,-74.49886
-41.083145,43.140625
-22.097467,30.393059
-1.285998,0.098008454
66.06895,-79.598236
