-39.028515,-30.225527,4.0876956,-32.664303,3.1184819,-41.852013,26.015554,-28.926918,-18.024754,10.736865
-48.971287,-6.712606,-33.433773,-47.670937,-24.311079,62.870808,23.585619,6.0076737,0.22844997,-0.44849813
-28.600409,0.095923185,-20.261902,9.199159,0.91972595,51.634586,29.501274,38.727833,42.489475,-40.453938
-13.303737,-45.27359,-2.5442104,-0.90802956,-2.6228197,-63.49773,25.690842,-58.021706,-9.462062,-18.985283
-38.37793,-17.580618,-0.7754077,22.663956,31.568481,-45.623146,46.254494,-37.352894,-8.014808,-46.35127
-17.926527,-44.29787,-21.311127,-36.9133,8.833314,-48.169353,-21.613249,-38.19358,-15.978662,16.760715
34.853542,-2.901619,38.790466,-20.935797,24.380451,-26.782839,-29.738173,56.886456,21.967257,-33.457138
-62.05471,-5.530182,-19.691612,-15.706509,24.138998,22.889948,77.67611,-77.750984,54.812817,-2.1267364
-24.977398,0.33236063,22.690994,-0.8685502,20.199375,-51.50692,-11.238023,-9.836003,-10.1387825,-40.483055
22.35674,18.435528,5.8928404,-3.9613736,-1.4376508,-8.375448,-0.32347375,-29.394793,19.3019,-50.35599
-59.48243,-43.64492,-36.935867,-11.078666,-14.243042,-18.247034,-47.01239,16.239967,-16.99988,34.98664
-14.623485,-6.218847,8.645545,1.558674,25.147114,-39.044815,-9.571199,-41.2399,-13.722138,-45.255604
-59.42488,-82.117355,-5.881889,-49.94266,27.57548,-7.8304214,33.196194,-28.838453,93.12264,24.042229
-16.485655,-50.07885,-46.500996,9.8535385,-24.591764,-46.3036,73.175285,-16.121666,4.529594,-9.652297
-18.065348,-40.08188,-7.910269,-31.141443,36.854004,7.390179,45.423992,-42.1499,34.72182,1.9223592
-16.518393,-79.23831,7.928426,-32.13031,36.127895,2.2525864,67.92781,-27.124596,40.922215,7.6979485
-50.76608,34.152267,-34.70616,-60.706184,-5.3087935,63.29891,62.8874,13.343874,72.902145,-33.457428
-38.879665,24.881866,-25.296242,-44.67349,-28.835264,62.96326,8.811544,26.16413,66.8005,-14.246315
36.667175,10.253557,4.6185136,-6.591976,0.1366685,-25.227198,-42.938946,-2.1719897,-1.2555854,-56.432926
14.700648,35.34982,9.215977,-0.47783077,-27.400936,-56.213104,-48.856873,-9.773804,-32.76663,-84.15583
-38.84846,19.965887,-32.79808,-63.680195,4.0469728,63.351116,42.78856,5.9488354,59.049496,-55.06331
1.8077097,12.313051,-55.92522,-77.071396,-42.82719,17.339687,-1.4304864,12.512026,-47.424107,32.960163
22.04722,25.84851,31.075777,0.914544,23.176476,-26.900244,-42.491703,13.180257,-15.7406025,-65.270386
-50.20415,26.810406,-71.62496,-31.004221,-6.9880457,76.25539,45.77746,5.6434884,49.812157,-39.85269
-63.000343,12.210264,-46.32721,-51.961796,15.027731,63.71745,17.052372,20.083044,76.220436,-24.962532
-21.213238,27.888063,9.254558,-46.78521,-40.995773,-33.393707,-46.425556,10.925943,-37.97213,-40.142464
8.909963,-45.320713,-20.821674,-40.769478,20.999537,-39.30813,37.6464,-68.08185,63.197803,7.0797415
-21.63244,-25.939333,-33.982952,-61.853443,26.774382,22.853455,49.868813,-25.163004,49.729427,-16.585266
-40.310158,-39.461624,18.630852,6.8517523,-2.8966517,-40.937798,96.39128,-21.478138,-36.58469,-3.9835575
-27.396719,-47.052692,3.2207456,-10.805113,16.32549,-66.69078,62.60047,-48.017384,-14.999931,-29.678375
-23.138731,-74.63318,-4.436645,-9.958652,6.0025544,-41.918983,56.49729,-10.194364,-39.844353,-32.546284
-29.65519,-29.18989,-21.598392,-31.506998,-18.77018,-53.964245,53.596542,26.69124,-43.657467,30.90955
-24.579065,18.06052,-37.573914,-68.88007,3.888337,57.430683,34.47733,-11.790135,43.94578,-60.166523
-1.5715414,19.052675,34.867195,10.825746,2.850734,-39.08165,-52.515495,-13.806222,16.089334,-59.89685
-18.02321,-44.78776,19.15657,9.50241,-26.691923,-46.37386,87.065254,-15.891831,-40.94352,-0.8137719
-47.486908,13.064534,-31.946054,-22.059853,-6.036243,37.370743,24.90792,-30.655294,47.826824,-43.181114
13.042208,3.6265132,9.784366,-11.228723,-0.73415965,-42.559753,-12.0575075,38.342545,-14.938149,-84.2141
-38.282757,-2.784268,-41.097332,-5.6178436,-32.18153,-4.6054926,-59.667492,-12.583378,-44.06795,-31.890406
0.5526506,-37.771202,-63.059937,-36.22888,-23.881357,-25.774525,21.288845,11.922191,-27.318136,-12.459019
0.07781756,18.558187,-13.424118,-19.232073,-32.92565,-55.77811,-1.2530422,24.198202,-0.3507008,-65.86392
2.0818007,-80.297905,11.343003,-28.306864,65.83713,4.3677387,36.35823,-46.414906,60.25828,14.587409
0.79952884,22.388445,5.857304,-17.86003,-26.56702,-52.767555,-24.282602,3.8519728,-29.23215,-52.799522
46.49516,4.993815,25.632763,-19.193958,-33.79572,-5.709776,-44.13298,3.4539378,5.5028853,-51.11243
-43.798603,1.1352754,-40.75097,-49.93942,-10.283166,23.347723,21.624046,-48.148354,21.880926,4.8269625
27.562426,-3.9947507,31.314144,15.706046,26.196472,-30.904718,-32.52411,26.374802,11.814936,-58.732162
-72.30877,-22.797255,-15.058542,-15.633721,-10.361346,64.957565,42.16073,-5.9916725,18.705442,-24.563604
-3.3296466,32.132004,3.842533,-19.352318,-7.3663864,5.9567437,-29.180532,-26.519514,-4.915628,-64.06592
-9.554223,-29.738773,-10.151497,5.408217,-9.286135,-42.331417,70.460144,-6.218823,-57.563335,-24.012371
-51.5244,7.6125937,-54.2246,-20.2369,0.82718337,73.261024,27.012611,23.44489,70.036934,-8.887345
-9.0402565,-65.56222,1.5842139,-33.860332,21.54806,-3.4253426,52.480095,-25.35884,50.298138,14.888576
-27.420422,16.075184,-59.96411,-50.915462,-23.627947,56.3321,34.452282,12.051023,65.83409,-35.02202
-15.589617,18.680996,-47.85601,-28.298578,26.05353,51.87545,54.390305,0.61645275,23.239182,-56.27528
-49.390614,1.6022432,-53.549236,-13.256262,-0.9411101,74.26987,52.72641,-22.483828,32.766117,-52.256943
8.408156,-0.15338647,-16.709476,-0.7407477,-16.462679,10.627318,17.674725,27.742048,-18.328936,-70.869576
1.2658203,-81.61893,-11.835869,-3.981501,-14.469359,26.246738,33.212395,-40.091026,54.88383,7.007869
18.430016,1.6144285,14.291271,-9.5876045,14.757455,-42.36237,-11.869244,50.459877,16.71313,-47.769447
-19.410536,-56.404507,-13.942125,-63.14026,74.89575,27.006304,8.175323,-50.186214,26.575401,-13.0054
-17.48425,-26.623491,-46.09531,-7.7602925,3.7472818,4.1815457,32.252,-9.0005245,2.6403644,18.85626
13.140466,-41.766674,8.63875,-49.396305,30.7417,8.917813,50.375824,-48.300495,27.32445,37.173832
-3.2067165,-59.723083,-29.452251,-35.794193,28.51029,2.6884942,32.9518,-39.290974,48.844196,-34.0667
-19.761688,-78.80682,-21.606798,-17.22097,-4.410798,-4.728698,34.9315,-17.233614,54.400806,1.6972506
-2.0258515,-27.286919,-24.686293,-33.10679,26.433212,0.13743293,36.58281,-26.226934,7.254518,27.508692
-37.312183,-38.08724,2.2925978,14.820231,15.634251,-39.428547,70.89447,-60.72464,-37.71845,-52.228214
8.977507,18.133646,40.6221,15.785884,7.483148,-5.83127,-18.016365,-61.32624,-22.392649,-66.37872
-5.0978384,-61.055428,11.559392,0.21044838,47.26056,31.529459,82.83837,-17.194305,39.75913,-22.634697
-42.26473,16.311403,-48.69289,-38.48254,11.144665,98.98869,34.513954,-0.8740593,26.858543,-24.044094
-5.924584,-52.37156,-40.06894,-23.387743,-5.0936656,-28.871517,-39.417164,-17.962826,-63.70087,21.652225
4.614676,-79.878494,20.805416,-73.222145,67.0407,-5.6127944,16.42787,-53.77444,56.072796,7.3511276
25.122019,9.481764,-70.50662,-36.44276,-18.893923,-32.3886,16.975164,-11.9588,-59.44756,19.184244
-14.678064,34.668777,-16.173437,-17.466839,-1.6398267,27.827124,14.977395,-19.180017,53.21134,-53.656956
10.751828,-71.73739,-19.757534,-34.49133,25.221994,0.5395173,28.529327,-24.55868,54.3269,5.8783627
-1.54544,-13.79549,-9.188681,-2.060856,18.766031,21.514174,32.152855,-26.44804,37.420322,-17.267704
8.897176,-11.737179,-0.45347932,16.034601,11.040711,-52.321953,-16.53881,-19.143236,5.0577016,-74.97287
-23.802872,-38.359722,3.548317,-9.105191,0.8123763,-73.565636,51.244686,-42.283512,-21.720823,-18.75114
-25.497442,-18.648478,14.199523,-5.472821,43.276497,-43.375767,27.322323,-36.064056,-31.634274,-37.33323
-18.98188,-17.93844,-15.583748,-50.08788,-40.263336,-13.744294,-3.5490897,-27.976181,-37.79592,30.247017
0.93511194,-27.682062,51.969646,3.732811,6.631901,-24.606428,0.9915196,9.336303,21.354836,-48.896297
-32.3015,-0.88771415,-42.753857,-39.95348,10.882629,32.112804,65.55731,-4.118374,55.711456,-62.861725
22.166689,-40.39066,-28.246967,-44.744984,21.766191,-27.711773,14.400938,-23.914555,71.39663,17.885315
-19.422073,-75.26201,2.4736252,-53.89063,88.002106,0.8852838,15.054884,-12.288716,59.83453,24.249702
15.949217,-21.269127,-82.72739,-46.60346,13.71135,-14.375404,-5.8116503,-40.504436,-59.692223,11.211387
-44.627106,-41.86136,3.5664706,12.140531,28.236547,-58.77816,52.176632,-41.561756,0.66864645,-34.600857
-3.4813561,6.6470957,-8.3094015,-100.86862,-8.756557,4.7394066,-12.127149,-11.182873,-36.7056,32.3627
-34.378277,-63.854496,-0.83022714,-18.318907,18.559046,-81.87538,75.45084,-17.816013,-17.821236,-22.253653
39.25954,25.876286,39.659283,-21.923697,1.0003829,10.798262,-27.252632,40.965565,0.1490542,-56.81647
-20.055925,-35.166977,1.332073,4.404728,-30.223957,-58.833977,70.513664,-17.755924,-19.874483,5.660177
20.47026,2.7004764,59.43576,5.1318336,20.850683,1.5283731,-15.411301,7.090085,7.367967,-69.70351
-22.848553,-59.08368,-15.163563,-24.24851,27.2741,-3.0702264,42.166805,-39.333874,63.565105,24.736761
-35.759644,-15.419898,-5.541278,2.1460366,20.200563,-36.92842,56.38531,-33.87376,-8.64513,-10.088377
17.06126,0.07246587,7.761101,8.189573,22.527744,-59.158962,20.381681,-38.31732,-21.230515,-38.989605
15.539436,30.017565,51.969833,0.94805133,1.1976585,10.716029,-33.35223,-45.1149,-25.464794,-76.16513
-40.08829,10.540677,-50.809986,-17.851154,-7.1805778,35.973694,34.954826,-35.370827,76.68129,-37.109016
-37.483253,-19.771051,20.283875,9.899378,21.894716,-19.099604,12.703864,-67.03283,-9.089184,-30.897911
-12.542751,16.37284,21.666397,-10.16329,-27.13545,-22.593493,-28.167725,22.901337,-26.579483,-98.070175
-59.24631,-13.589532,-18.693806,10.941512,-1.7764281,31.15088,59.552444,-31.780046,20.851147,-37.8895
41.04612,33.395226,40.82558,-27.302965,-15.811429,15.031157,-27.369528,25.394768,-20.674343,-69.33287
-56.322197,-4.209451,-11.581376,-3.2563746,19.156235,68.03405,37.37256,-39.7038,57.26759,-35.14934
-1.9567682,-29.777626,-87.82749,-48.731617,11.794416,-20.77476,-42.603947,-30.51948,0.7705108,25.034233
-43.826683,-68.6299,21.239717,22.542656,-3.7356956,-34.188786,63.580296,-54.261356,-29.08207,-32.52425
-13.424008,31.013437,-52.248436,-87.426575,-44.297432,-25.25645,6.3012867,9.317102,-47.627487,40.396137
-23.625872,-5.8279533,18.870657,5.8296995,27.287495,-51.963432,40.974293,-42.803493,-6.5004163,-45.42401
-28.709675,8.161408,-33.497223,-57.69918,-8.696473,49.396492,58.60776,-6.376404,56.90274,-60.156113
-3.8765016,-18.972544,-49.779507,-29.44959,32.442787,30.205944,11.021737,-55.438496,-3.268594,1.9151754
-43.636868,-32.89641,-41.647484,-42.26252,51.60511,21.298586,29.351093,-34.365093,34.294464,-14.911099
57.44637,9.533999,-26.422401,-36.633915,-0.17353162,4.1962667,21.873089,-21.452204,-84.046425,48.098713
-9.180581,-49.887062,-18.725819,-63.188957,15.518059,-41.318253,3.258082,-43.961506,-33.526638,2.4669602
-18.079952,-49.22884,-24.81678,-18.594456,-17.740278,-67.63821,58.436596,-7.598643,-39.938698,-0.29563847
-16.111479,-28.49163,-18.467676,-7.0536585,19.263412,-27.341356,45.794456,-30.162756,10.61899,40.44626
12.902647,-56.364338,-37.30515,-35.48685,-9.242329,0.6125636,-23.659178,-50.89765,-67.70429,14.059322
9.8375225,-41.187443,6.3283024,-19.17212,60.453358,9.3160925,52.433804,-0.4560842,66.628044,26.4557
-41.75645,-52.85179,25.73606,-19.315868,-23.615393,-74.92031,41.91665,5.5739174,-50.69501,7.837249
55.464546,18.67313,-4.236685,-34.766117,-10.476225,-22.044262,-32.57173,18.671326,-32.360825,-72.56911
-41.501698,11.297605,-63.258995,-52.639904,-1.8476149,-15.130683,-55.2495,26.43825,-60.28811,-17.60711
-55.455856,-29.059938,-28.650328,-17.722616,47.963024,20.127752,55.541424,22.107946,43.13912,-19.16629
15.227666,-57.83168,19.215292,-30.294308,12.714428,3.732757,71.89145,-31.256662,20.370352,31.9632
25.320286,10.464274,36.149006,-5.090195,14.603181,-53.78512,-25.07766,72.710495,-18.570713,-67.576256
-49.021324,13.555076,-41.27486,-53.423393,-17.078184,59.273174,51.890873,-37.936306,34.53333,-15.33228
-35.092274,30.467632,-76.913414,-26.162537,-26.725899,65.899055,19.080935,19.118685,58.262592,-28.169151
-26.399103,-66.53605,17.587828,-38.296036,43.246063,3.5544972,46.19484,-53.638123,44.59942,8.708004
-21.137016,-36.77695,3.818596,-6.808132,12.443536,-78.59179,62.733707,-48.7965,-16.836832,-24.528954
-43.26283,-49.353107,-6.6885533,8.999805,27.524212,-50.01346,63.48613,-36.07841,-6.321581,-36.694305
-34.055767,-43.244762,6.784671,9.04069,20.064226,-43.0054,49.456955,-34.304905,-39.31028,-39.52681
-52.689255,-23.73796,-10.597412,12.483443,-5.8759418,-34.186115,41.826885,2.929951,-34.546722,-30.361275
-28.918634,65.24367,-56.97093,-39.05655,-14.498817,66.68487,19.551949,-13.105354,55.283028,10.072727
-21.703632,-49.301876,-28.817125,-56.060543,-3.1877487,-35.146343,-36.972496,-15.996296,-21.522505,23.533104
-38.08449,-33.67287,-41.15793,-32.209045,-8.177593,-6.801392,-11.374072,-22.02284,10.426808,-35.47045
26.413631,8.664683,4.5318546,0.6450151,9.516125,-32.724895,-33.264526,-3.3351035,5.421599,-82.84065
-43.068756,-25.082842,-54.79396,-23.833603,34.30646,35.80603,17.049387,-36.753357,27.097452,-24.5298
-12.462141,11.919187,-17.900023,11.883101,3.1032183,12.10202,44.051014,-76.56038,8.864764,-32.92294
-48.90191,-46.377926,-35.445656,-21.471512,40.668846,37.828297,15.93288,-40.461575,68.370056,28.555931
-37.076843,-23.717047,-13.543755,-6.213834,-2.6666996,56.91102,32.49622,-20.802992,50.339703,-47.130856
-1.4663285,0.24354535,-39.05094,-97.271576,-28.661842,13.1900425,-1.3362278,-0.32678044,-64.737175,40.042816
-8.010855,-2.5704029,2.3539,-13.630545,3.2516747,-41.07997,-3.0666618,38.19361,25.370407,-42.410534
-47.923676,-20.064,-27.318808,-7.407906,24.740355,18.062912,48.491573,22.883524,43.627666,-10.54071
-49.60764,-36.412605,-6.7226763,-11.388471,18.550175,-46.720776,71.68181,-12.187331,6.089598,-38.06313
15.111742,18.246212,29.393154,9.855183,23.813427,-18.491625,-54.558147,-16.41535,-18.947342,-71.36905
-57.19736,-45.163013,26.895596,9.941927,11.982168,-24.438831,51.459743,-51.220573,-42.132946,-20.442678
21.05612,15.101861,12.588073,18.632269,7.192241,-26.857252,-47.82554,27.608215,-20.254826,-51.6029
-54.01218,6.4917345,-41.253765,21.68768,-34.10442,23.168394,33.325985,51.009705,-12.680231,3.2492378
34.38213,5.82081,-10.237132,-26.859013,-24.064028,-18.33912,-35.188416,-0.13603207,-26.719166,-53.546677
-39.811203,-24.085573,-46.857384,-71.59145,-32.83222,2.3856082,-20.780678,18.26576,-38.68596,0.21290374
-19.791588,-53.823044,1.0843731,-17.678871,17.590696,-73.17823,33.55455,-52.85385,7.4042907,-4.3469734
-18.080511,61.04451,-90.19791,-33.088886,-11.119288,50.080315,7.287582,18.913,41.20209,-0.108540684
-43.546394,-37.787647,-2.9120817,12.23135,38.984135,-75.35522,16.843939,-14.084734,-26.719442,-22.01617
6.5752053,-70.509995,4.9388742,-20.009872,29.941555,1.3020965,79.55218,-44.03128,39.442112,35.314568
-26.853785,-35.75306,-16.508585,20.02004,-4.2399993,-45.889935,35.826874,-0.46465394,-10.024446,-46.156536
-1.1238327,30.302431,10.578317,9.42249,2.2187881,5.7866025,-1.6243639,2.505107,12.663006,-64.64223
1.2132804,3.500713,-29.784903,-16.112545,-8.126719,47.264874,35.650017,26.8828,9.803745,-64.940544
-18.159618,-54.608578,5.0951233,2.481389,-4.9631686,-64.45269,81.63015,-4.5896573,-34.330376,-24.066181
0.80562633,13.460238,-91.71924,-63.311874,20.189344,-78.180405,-37.26999,-11.352905,-83.69343,8.642932
-42.138515,-42.85753,-40.522552,-23.535738,-13.245135,-36.024715,-26.928257,32.3968,-48.58577,35.146572
-49.669807,16.64874,-46.941746,-50.00846,18.003134,55.27207,40.59231,16.513834,34.68855,-54.590023
-19.380337,-33.807533,-7.995895,-12.279167,3.4207194,-65.15826,84.65625,-11.608848,-59.159344,-24.492338
26.624521,17.997295,32.94632,-26.720701,4.5494084,-4.589022,-46.62577,22.107796,4.239317,-63.746723
-7.755819,-51.325394,-14.681947,-12.354214,57.322678,1.932104,56.005054,-38.66615,70.34986,16.848446
-52.705345,-36.97807,2.8706417,8.131994,2.283663,38.327473,42.788467,-43.268814,13.670763,-28.765282
-27.308182,56.002888,-82.02224,-40.566494,6.3825636,83.945,14.525174,-9.978059,20.31052,-7.354772
25.536562,-15.885995,-72.42287,-96.95871,-10.977486,-36.799698,-19.549995,-8.942178,-43.9418,46.156635
-2.0581002,-0.5980449,41.88266,4.8436184,7.4977508,-27.144615,-3.0909195,-12.527376,16.049765,-51.942135
22.044262,-74.9495,-22.24943,-40.078323,39.958122,-20.161304,18.108212,-43.38224,60.29784,18.777431
-37.033714,5.928924,-61.09072,-46.966557,31.566309,39.517017,36.951057,3.4315968,42.537872,-48.765873
-24.73086,-28.53101,-45.49424,-26.69067,35.327606,32.038734,26.028124,10.561535,65.611984,-31.749685
-25.314285,14.721969,-38.005783,-53.294117,-33.196053,-33.89532,-31.848013,40.87353,-50.49833,-16.246212
38.32185,14.465241,10.841883,27.23702,2.8623536,-22.11503,-51.419357,41.052082,-19.094482,-35.946655
-11.800118,-78.34273,-6.774611,-68.6638,68.21132,-9.12118,18.288515,-17.712917,78.493065,26.31712
-35.89018,-66.46752,9.225812,2.3423672,11.217334,-92.064186,28.183483,-6.719095,-26.113903,3.0764053
-14.656016,-52.59394,-29.57607,-28.797543,41.760937,31.54555,56.18279,-45.00051,62.449158,0.27037978
-14.832685,-14.21555,-39.31557,-81.19821,-55.013496,-8.140636,-11.313763,-3.008549,-28.272455,42.98657
-19.405094,-2.7011135,-35.261963,-33.490948,13.325659,-13.826565,-7.1738844,5.143511,-10.037795,41.630993
-29.297968,-51.57374,-53.73495,-49.97093,-22.525646,26.868807,-28.798729,-15.254817,3.2658436,7.294224
50.464264,19.880177,-3.5599682,-37.332413,-18.998133,-26.335491,-50.038006,-12.941564,0.20276204,-51.539528
-4.526574,-64.526596,-23.325062,-54.257896,33.708164,9.936581,27.437525,-29.773275,57.587826,0.7861316
17.548092,23.553726,-66.338455,-49.38098,-1.892538,-14.653874,18.45662,0.8288508,-49.001305,16.965916
1.6705849,-25.420265,-10.02587,2.066661,9.895511,46.36315,37.47953,-7.850804,73.65696,-25.418139
-33.183468,24.377659,-31.66811,-52.850445,15.4122095,35.353626,46.516666,18.513943,28.902126,-23.267693
-18.270388,-30.250257,-26.224295,-63.310844,-53.4845,0.3817041,2.5683537,-43.32384,-29.57121,38.547638
-58.05306,-13.784045,-13.666481,-16.942234,16.985212,84.873116,39.614166,-10.640718,33.01598,-37.72619
39.322166,6.645477,-1.231695,-44.817238,0.0040991902,-29.349167,-40.584785,36.76615,-10.505734,-81.98411
25.56326,-55.190063,5.568885,-27.43928,55.189907,16.108358,41.74785,-41.535736,73.13307,26.45438
-13.0828705,-57.204857,-34.89996,-23.856539,38.042515,9.860119,32.019054,-10.508193,81.39054,-15.385393
-56.332607,-32.892303,-23.667484,1.9102205,-9.847959,-40.38538,64.54483,-29.686697,-22.922758,-53.22793
1.9744165,18.107847,35.38028,-1.7034109,9.764773,-16.229486,-20.756922,-15.917173,0.8568131,-64.33496
11.627126,6.700729,-17.177637,-13.081193,-38.475296,-87.88449,-28.23908,11.988074,-25.45245,-13.343491
-39.352535,-27.432768,-50.22487,-35.82464,-8.414332,-44.877758,-51.485493,31.931616,-60.554478,46.51759
-58.87351,-24.189703,-33.454617,2.6976051,11.431777,-38.117775,90.2825,-3.6080759,-40.67647,-20.559944
11.132084,-64.08571,0.53256,-37.89134,40.510662,-7.785702,52.47814,-32.680943,48.8669,39.077354
36.083115,-27.317339,55.57421,17.555199,5.1399593,-38.106625,-33.900196,-2.2883224,27.946754,-42.785603
15.651097,-0.24695313,25.936,10.730642,3.3887863,-46.094746,-3.5227778,60.95166,3.117172,-47.103912
-13.105298,-44.25186,-36.31358,-8.096982,28.217175,16.895437,66.347305,-27.941809,48.879192,36.80457
33.95794,7.657086,30.579588,-25.965038,5.223077,-28.009575,-38.302776,43.581123,-23.16348,-84.95095
-11.313562,-56.265972,-15.90264,-24.457483,11.5298815,24.346987,44.655014,-32.80158,82.923744,-17.360329
-29.79307,-31.910078,2.9723535,-30.496502,-32.112732,4.7290416,18.33134,-21.10415,-28.323357,-9.102724
-26.149445,56.469864,-77.59642,-47.382988,10.332495,63.158703,29.551228,-2.1590579,36.076336,-22.04303
10.125511,12.167924,-34.73497,-72.44892,5.9098015,25.4368,-10.864023,-16.363665,-100.54106,27.366823
-40.649902,21.405256,-67.4959,-56.163452,-9.583526,35.557335,20.750017,11.085425,17.88722,-27.003555
-66.126335,-17.128187,-18.863573,9.34655,38.842545,-38.71862,51.096428,-25.415646,-33.92284,-21.479372
-4.824952,-32.807377,-14.989471,-29.406761,-5.793393,-34.948376,42.04777,-6.02392,-30.157646,-55.178493
13.7712145,21.161287,6.8870955,-0.8203828,16.4402,-45.36729,-34.674023,-14.019609,1.9914905,-71.83446
-36.043015,12.0367365,-45.0333,-62.495476,-10.031118,38.271667,23.19593,-11.938254,0.14903036,-10.692945
-38.3297,-39.389996,-4.8702393,18.327879,31.433743,27.793291,60.684807,-22.665146,24.112152,-26.110716
-8.988263,-61.366695,16.675575,-27.199398,69.099884,27.727865,45.009514,-37.34611,73.61747,24.361256
-4.323926,2.849343,-39.50593,-70.01108,-48.329826,-50.441544,-7.4550953,24.024305,-42.47077,34.092903
-20.852476,-26.907967,2.9737654,-3.7077444,24.8855,-42.93841,87.110954,-20.06127,-0.82446754,-4.684549
-38.05465,-9.846208,9.717626,17.00177,43.61285,-54.237938,52.93617,-46.62454,-11.178145,-19.046291
19.642618,-63.831997,-13.814743,-43.577007,33.751667,-10.445951,49.423836,-56.012993,75.43095,27.440971
-28.962593,31.320002,42.559208,12.704278,-10.701302,-45.853317,-31.720926,14.327439,-1.8757502,-93.73407
-44.74572,37.316307,-60.413445,-13.730685,-24.10357,44.77018,35.98937,1.6513344,49.335308,-26.375479
9.9527235,-54.714996,-19.04955,-54.374447,51.144203,-8.473252,34.1224,-17.630745,95.52622,34.209435
-43.964333,-53.591892,-17.1791,-19.674528,12.457596,-1.6860094,40.810673,-25.14132,67.74384,29.433403
-34.329784,-17.11469,29.282656,2.9355202,38.463512,-60.69558,45.738873,-30.940403,-31.349327,-3.7508624
19.27409,-9.740848,31.173439,-7.662951,-9.062323,-33.75363,-19.737007,59.20515,-1.5092183,-53.22859
24.293179,-24.62071,-52.426327,-31.282835,-17.321247,-44.52119,-16.78831,-45.245358,-48.234825,22.520329
-9.438149,-84.955246,34.771782,-55.830746,71.43042,-2.7995462,21.748423,-58.064865,49.97136,-1.4772007
-2.1523242,-67.931206,-26.238945,-45.760624,36.229923,4.1200643,56.08868,-46.130024,78.223915,14.510365
2.932001,19.66902,-52.910046,-92.10684,-42.24264,-6.3713417,-22.299685,-2.1158123,-73.176476,30.38972
-39.90046,-40.02545,-17.970486,-5.6558046,-10.065056,-40.146366,-44.8135,-4.511437,-68.131386,19.211594
2.0092368,-17.6001,-10.544162,3.5730448,46.97184,-35.988503,51.89127,-38.76628,44.21312,-2.007962
-42.11281,-38.267452,21.608715,-8.162343,32.100067,-64.12118,18.826296,-44.030617,-13.448238,-14.095437
-9.64329,-55.434288,-24.542799,-46.263004,45.512634,12.889194,41.973198,-34.291405,58.157253,-8.354033
-43.10401,-72.641594,-6.5777006,-32.43464,22.210188,-0.41060254,62.80717,-42.534122,65.30805,11.334722
11.622993,1.6346874,24.268404,14.154603,-10.251961,-54.49749,-37.084553,0.18033713,14.913822,-31.411358
-27.74179,-48.310432,16.58106,0.004959464,25.148554,-32.22427,32.464046,1.2504321,-6.8902864,-18.777506
-22.686008,-24.953169,-34.53526,-18.962097,48.280224,17.813862,39.31911,2.7458477,60.138203,-12.484633
0.5565157,22.939825,-21.29028,-59.70216,7.731802,0.8937148,0.3637064,-11.529105,49.933773,-44.92665
-28.5622,-34.814285,-37.224636,-21.43486,58.09834,22.455252,43.030712,10.98541,51.14226,-13.57642
-25.892456,-79.73671,19.206938,-34.311497,39.29044,-3.0074925,62.47584,-47.029213,64.46026,-5.062625
-28.53357,-36.183662,-30.011898,-15.449962,26.163834,-1.6738796,72.27982,-10.160661,52.003708,10.029862
5.489014,15.446222,9.827876,-2.5673695,26.12883,-41.492283,-29.491215,-38.492477,-19.180853,-45.16613
22.30579,21.104876,1.8652622,5.6409464,33.45102,-43.3176,-25.003696,-17.867374,-12.773895,-62.581947
-51.69922,1.9740362,-43.926205,-33.044945,12.905707,95.15385,41.651474,-2.0095255,38.847378,-31.215248
-11.751368,-53.16036,-31.461384,-34.72359,20.218065,2.798996,57.177574,-41.312996,29.575426,22.512997
14.820555,-68.43019,7.3685007,-38.39076,79.9865,38.45037,34.504837,0.91366976,88.07061,52.433212
-29.8745,-45.03248,-16.2089,-25.464512,33.587505,-9.260173,48.110207,-14.184474,118.610725,38.56822
-51.519363,-51.62967,-17.089554,-22.084606,-30.644129,-47.69537,45.246418,-19.729866,-47.312187,-17.034222
34.27105,-20.413868,-34.317875,-47.289288,2.72056,21.722609,20.855122,-26.87164,-53.35676,28.98113
-51.828262,-27.879011,10.538255,28.590664,20.968462,13.036932,82.25679,-47.43722,2.750078,-39.84767
-58.432434,11.1704855,-51.02547,-26.608469,-23.085552,63.55978,36.89118,-17.47804,18.661388,0.6068113
4.0083294,9.374693,15.066856,22.473572,-40.23024,-57.2923,-35.262444,-30.707273,-10.713624,-65.76108
-10.315806,-58.106495,-9.168853,-64.503716,46.98059,4.537482,35.170647,-26.418203,99.20774,37.529568
-35.289524,-40.74101,-22.696136,1.538185,4.465369,18.441288,36.607876,-4.018002,92.52802,-35.31294
-69.048515,-2.4032376,-32.60569,-58.189392,7.8958077,-3.4614675,-54.24265,4.020196,-38.242474,-5.0911574
-54.06821,-5.9366326,-31.049948,-27.010843,-32.89347,61.242573,50.14289,-14.005567,35.196327,-49.07683
30.350527,-30.173462,-85.4248,-73.62128,14.045639,-47.345604,-24.980742,-38.155014,-70.98525,17.185787
24.84436,38.647285,15.698588,9.387078,-0.22943363,-47.618065,1.8610485,6.56193,-21.761599,-10.574915
-48.673267,7.3767447,-54.183384,-38.881447,9.154519,39.14322,55.816513,14.359609,49.912876,-73.15834
-27.991562,-10.696967,-14.988746,6.7100525,39.33631,-48.558968,10.30041,-16.148977,-28.563644,-1.2116939
-46.913128,23.095592,-43.29711,-56.37559,1.8734336,55.47619,34.25676,12.946098,59.438812,-33.735523
-30.385427,2.0256982,-10.057974,-31.644403,-2.3486018,-16.481796,-4.751733,-22.568233,12.589146,-22.821093
-16.855242,-37.463745,32.163914,6.107306,4.6566763,-80.76164,-21.235142,0.27268323,-8.74186,-31.64559
39.170246,11.051829,0.49319172,-20.319538,-24.65735,-23.715397,-48.73892,1.4231604,6.1041636,-54.69675
5.6569743,10.670118,8.0585375,-3.275155,21.630539,-44.36088,-20.576155,-19.571085,-21.396393,-50.923935
-31.626421,-54.375484,-5.530405,-1.2431709,12.531483,-65.85186,-4.7222323,-9.896689,-12.105466,12.497876
-12.768187,-35.09418,25.271046,-26.888474,49.573246,-4.829023,55.54686,10.873904,36.253925,42.66832
7.7986135,-47.53751,-23.6745,8.664302,-23.187422,-59.122807,82.79706,-15.506173,-42.83279,-22.729975
-10.351259,-52.47177,1.2374223,3.7443142,-24.644499,-34.477287,75.28412,-5.100931,-64.713196,-15.225724
3.9863255,-4.0416965,8.736745,-19.555994,3.744908,-0.08633214,18.805027,24.220007,6.394268,-14.468539
-25.124569,-18.303701,-32.486877,-42.884857,4.230101,-24.167526,-24.406376,-18.09232,-41.817146,25.999542
1.6626573,-40.02083,10.770138,7.8879576,14.946376,-30.37934,43.647583,-34.072876,-47.40566,-3.2358656
-25.5308,-2.5420442,-48.856277,-26.162851,-2.9840508,-25.583261,2.0806434,5.647255,-70.59562,45.35198
12.843955,4.189995,-59.831985,-29.246038,-7.239897,-34.868526,-3.317868,-20.261864,-61.616505,20.235802
8.0677805,-76.14438,11.738105,-13.686939,42.595245,8.892903,47.510056,1.4530598,45.0024,8.270474
-25.218523,-58.009884,18.620197,-41.213238,-9.402071,-15.554758,21.07401,-38.513416,-23.217722,23.97747
-42.72271,35.193718,-50.663223,-60.84684,-3.1635869,71.27513,27.171558,-19.822044,45.930202,-38.04749
-52.236126,24.115517,-31.74566,-57.075466,19.099218,57.396275,52.949825,8.866463,42.47274,-33.457867
-44.659153,-30.445328,-1.2610189,0.8276638,24.120474,-62.308887,77.20987,-41.37065,0.14456287,-18.166288
-32.335133,-43.58558,-29.407408,-11.553322,-32.08901,-19.220499,-41.927704,11.249714,-61.890907,39.506138
-12.695301,-42.039646,-36.28887,-37.327377,2.9867902,-41.761208,-52.555176,-32.90371,-33.85385,24.64949
25.758183,-16.460806,-35.529198,-45.518284,-5.0791984,-45.11099,17.568945,-32.606674,-65.56583,60.23441
-16.393162,-98.52777,16.726599,-24.61284,78.108246,8.199163,45.503014,-30.345684,41.67293,20.49952
-17.766533,-30.70944,-16.98596,-17.479183,20.886972,-48.677597,-13.782923,-29.475443,-43.13761,12.767483
-32.40819,47.16065,-47.05317,-27.702295,-23.23036,37.78329,42.720406,-3.527875,73.76962,-29.33313
-2.3788505,-63.16956,22.331589,-46.249447,56.92004,2.5071383,39.07038,-63.886353,66.85743,12.02677
31.767084,30.174004,26.113739,-23.8706,3.3349895,-8.486175,-39.869747,-23.979807,-19.051197,-76.03277
-11.642332,-63.790924,-13.601887,-41.14986,29.501295,17.945282,80.90541,-25.314198,33.946537,5.1970367
-25.28459,-102.17343,17.527346,-22.948349,68.98811,7.7371163,53.541138,-24.387577,41.35645,20.656002
-24.385565,-42.555504,-34.805046,-70.87601,-14.797361,-26.69884,-35.714714,-21.722477,-36.93897,24.119919
-41.57095,30.53995,-73.64758,-48.076584,23.09574,56.678265,25.712704,14.900418,37.255978,-39.264282
12.375509,10.157191,3.2901564,-19.889217,-10.234717,-42.10246,35.63759,-45.269672,-38.52641,-11.202113
-19.945568,-6.523989,-31.38243,17.572952,-15.410711,-30.04765,29.303858,5.2773542,-15.605123,-51.84789
-15.497503,-56.402077,-22.620333,-31.524124,46.08045,-6.710128,39.755222,11.242104,60.760082,10.728353
-8.708411,5.1921945,-22.198141,-112.30691,2.4842749,1.2431432,7.4957995,7.2424593,-54.84166,15.082425
-33.432644,30.953302,46.412083,22.247778,-10.643986,-43.285927,-19.950567,27.687717,2.6229694,-95.496956
-50.35958,-72.0006,9.7140875,-40.055706,59.536556,11.849806,32.52434,-54.560593,66.72434,5.5910673
-33.752747,-4.4356265,-33.882057,-56.71564,-15.526316,49.326633,14.246715,-17.79025,-39.703575,16.978405
-13.87371,-16.964724,-74.54417,-26.14866,20.949383,35.73687,3.4730315,-24.827812,11.092573,2.4481547
-34.980175,-45.457123,-12.712986,-12.155564,35.430187,4.4339585,50.89855,-48.02866,49.784008,26.231949
39.84122,1.8714938,-72.53227,-92.18748,8.799027,-18.448439,22.636934,-26.90336,-58.658306,37.220463
-23.664488,-34.151512,-31.036163,-46.216827,11.812476,27.814945,73.00721,-34.228683,35.073856,-24.15168
-40.803486,10.298774,-70.30039,-36.937912,4.7046494,27.296995,28.412918,0.59863883,80.146484,-69.40048
-13.745411,11.250105,-26.958397,-2.274166,-31.3171,-36.399788,-53.561745,8.345584,-28.79073,-58.28979
20.741428,-1.3347299,41.786465,11.457603,14.940877,-19.066935,-32.07842,22.803867,10.232799,-63.397007
-3.7313828,-68.7965,0.32948077,-50.4339,56.32349,-0.3152793,27.621922,-39.648483,81.020775,16.836134
-33.508316,-57.54911,-6.329645,-20.917559,76.86394,3.6848989,43.85571,-13.496734,56.536396,19.33661
-14.237634,-49.177402,-41.485706,-50.840733,2.8335736,-22.624807,-40.6612,-27.704737,-51.036663,15.781627
10.205198,44.53759,1.5816604,-23.022017,-14.389268,-60.805687,-37.15565,-32.03685,-27.26906,-71.1227
10.393108,-55.927708,-26.438177,-33.14644,51.47275,16.644276,10.273254,-27.245518,72.91023,5.516426
-11.170374,-24.293692,8.915491,-0.29594347,-23.6191,-63.425297,8.566289,-38.6618,-8.658783,-33.83646
26.254768,-63.872696,-66.58097,-49.42702,5.007943,-77.63785,-57.572136,-36.041946,-47.498222,-7.3528695
77.92742,-17.291676,-9.19229,-55.011517,-31.486345,14.56222,20.441164,-40.082966,-48.242264,68.27292
-45.10341,-40.357384,-0.7505239,-27.30488,9.753661,-38.392418,56.801617,-21.075785,-43.177483,-23.988073
-30.143665,-21.052864,-49.87333,-43.11399,-5.665917,4.4717674,-5.3430243,-13.813427,-68.28505,20.700186
-4.8591003,-20.548353,-38.189484,-35.76631,2.9001172,-44.162773,-43.815685,25.660551,-2.4876418,-4.3955417
-36.948315,-7.814917,-54.558716,-31.991138,2.9344614,-10.881238,4.416073,10.414911,31.068575,-18.695816
0.7287431,11.125897,-45.329105,-62.222725,7.286337,32.62271,15.110749,-3.4032257,-2.8435671,-35.1789
5.769579,21.51716,5.126673,-20.852139,-3.078023,4.6333027,2.6683292,17.954725,11.997319,-24.561697
-28.276108,-36.65037,-8.106995,3.4352903,42.75831,-22.882318,84.05673,-41.727337,-6.4998455,1.169631
-28.793463,-52.019497,18.813501,3.8114238,-45.02761,-59.24118,65.1877,-5.7784686,-39.359623,12.732647
-59.724125,-44.8069,42.79186,14.616197,14.554726,-31.573587,59.44312,-59.96469,-40.86925,-21.605495
0.15604168,-79.44288,41.11125,-49.594795,49.558994,14.379293,56.658546,-34.626293,46.498722,1.6954925
-40.91889,-24.098553,-36.5959,-37.156948,20.37343,26.026302,81.58798,-14.172371,54.86327,-24.479095
15.976999,-67.33731,-12.5015745,-48.25035,32.903942,-11.267678,45.55604,-41.11895,83.3829,38.213165
-33.04029,-24.190346,-22.634182,-13.279132,15.629639,-28.182436,22.1291,-8.270243,2.4985478,27.460014
14.272231,-24.987904,55.022686,21.110287,11.14603,-40.419163,-24.948862,14.307289,12.610876,-51.702286
-31.18393,-19.286743,-38.70363,-49.916615,-33.364098,14.407016,-14.723529,-40.286003,-33.072624,-0.077725545
37.09981,0.685406,25.488274,-23.623646,-20.153883,-13.669573,-33.318737,8.805173,-5.7152233,-76.81576
-14.286239,-58.06909,-22.081333,-37.65991,22.291243,13.413565,39.212933,-17.322386,58.558285,-35.74114
-39.754333,-50.44719,-29.447687,-26.115896,-6.937113,-66.64577,-47.8769,51.304443,-35.175026,40.419025
-9.366504,12.995613,6.535394,-6.8466344,-3.3139048,-34.516293,-18.324108,-22.365023,-10.40422,-49.05818
-49.88249,-83.26487,-7.1192474,-17.84835,5.7901444,9.689096,74.56515,-34.9257,49.677258,6.865258
-27.082108,-48.56373,-9.366144,-25.255812,6.090455,-41.18256,78.342705,-7.8260036,-26.11295,-32.926525
40.280563,7.564626,33.272766,-23.532978,6.5315795,-39.307827,-43.527058,54.038235,-4.3004127,-59.08818
-8.337679,26.609854,18.239569,11.382674,-13.223416,-62.073944,-12.627951,1.2543808,-33.607227,-32.231304
-25.383772,-60.08863,-36.04036,10.253515,-3.0585244,-58.159992,72.17612,-27.394844,-4.428639,-31.525503
-24.837564,-80.47819,10.62406,-65.73241,49.524673,-22.83521,8.833335,-39.051888,27.917854,-5.5245585
27.917715,-2.3788595,27.804306,30.495575,11.99958,-54.721855,-69.59681,12.4550085,11.346335,-40.486923
-24.528929,-24.729652,3.925478,16.264256,4.120637,-63.84975,82.25397,-16.999222,-13.471459,-9.985872
-56.633274,-15.860627,1.5801722,20.018366,9.422127,-37.792843,47.636745,-26.471182,-37.10095,-19.310982
39.08712,5.0416107,6.2197986,7.0448065,-12.201462,-48.01032,-60.762653,5.9561644,10.310505,-33.22834
-21.397087,-33.142982,-38.804348,-11.242383,17.639322,3.099647,64.82965,-9.962405,47.522007,21.376839
-18.216867,-8.419667,-18.055021,-52.833088,-44.215546,29.990122,-2.7222683,-8.682769,-57.993332,33.848717
31.90207,14.898212,43.943966,-14.396323,-2.2990088,20.968668,-39.695763,3.3160036,-8.273649,-69.46925
-17.364943,-32.76125,-36.706703,-56.627678,0.49427682,15.093645,36.377377,18.886196,-33.861404,14.653178
5.6126723,-10.53028,7.9512167,4.9889903,14.93334,-40.25964,44.475967,-7.5709267,-45.32212,-30.855131
-49.470886,-44.005367,-52.99176,-28.384626,-24.320753,22.916294,-16.367023,-26.726734,-42.287704,-11.788285
-31.326956,-43.565975,-8.752656,-29.332909,-21.293592,-61.64483,57.314655,-28.040367,-29.164577,-26.548912
-35.597393,-60.75004,-7.7181315,-11.319857,-39.96334,-57.84275,50.249477,-16.313923,-56.113785,4.4562206
-6.936205,22.240122,6.7119384,11.421946,1.5403028,33.059208,8.639304,10.237868,30.74709,-63.53374
-34.188816,-8.550693,-32.761032,-53.437145,16.702847,48.511845,40.365944,-8.250588,50.609676,-61.557564
-64.17871,-55.89143,-13.078157,-11.041997,5.484538,-6.0360246,94.39103,-48.33811,46.216198,10.3375025
-18.248676,35.64513,-74.11006,-19.671516,0.94597024,46.33186,18.989891,1.4105079,73.10455,-9.399891
-49.597298,6.2153773,-44.09003,-5.5735674,-3.5816534,39.32526,80.03978,-49.139442,3.0775163,-14.325932
-28.773375,-18.407223,-31.18552,-8.820907,-8.564663,-31.551247,-36.2786,-5.7903395,-38.406136,9.7103815
21.928617,-27.466042,-87.309746,-37.982,4.263638,-36.030296,-60.726337,-46.548916,-51.315166,22.463148
-22.871576,-48.195152,2.6739235,-23.461262,56.084362,23.080328,51.156773,-19.192385,78.89086,-3.0257137
-52.57734,-3.2782114,-46.72857,-12.935511,1.4342253,46.34657,71.16082,-3.8897822,37.07636,-44.612713
-2.2071326,12.036701,31.27431,4.2628546,15.201107,-26.942575,-3.3095045,-40.01937,-15.421872,-72.23489
-4.808141,-72.19927,-19.208643,-23.96199,32.544865,-7.806395,43.906162,-40.952633,50.153114,-12.524352
-24.180468,-35.941647,11.860675,5.864357,-18.84639,-68.409096,86.828606,-12.954451,-37.07114,4.0620174
31.35691,5.6109977,28.820797,-29.651836,14.846729,-19.315681,-22.776608,10.696506,-10.011134,-83.11618
-44.273033,20.192621,-57.61752,-35.7516,30.91282,44.80084,57.929535,29.695086,26.170464,-48.876125
-25.253693,39.33272,-23.488932,-22.079796,1.6755328,47.41768,21.73938,-12.899599,55.894863,-13.022098
-34.637814,11.120798,-52.526775,-32.936172,17.590773,34.10946,54.44017,-16.333286,48.91099,-50.06941
-24.038105,-68.55855,-8.109618,-75.05075,49.963924,-10.372311,31.217537,-49.876,113.22997,39.859848
-16.955997,62.82773,-59.429516,-37.913094,-7.8074365,48.81188,14.767253,-21.618605,46.549095,10.399496
-9.165347,-39.42198,3.081273,-25.742075,29.650766,6.272819,62.504963,-42.537014,39.331123,32.069595
-56.09845,-27.151186,-32.518803,19.943586,-0.2849488,-37.742325,75.0279,-21.460733,-25.072243,-46.27302
-21.26874,-30.154427,-53.26371,-40.436672,5.276269,-22.165482,-38.387604,-4.8961716,-13.5067,30.175041
-14.887915,-8.185441,-1.4213898,-10.231283,44.35559,-66.91981,-12.920021,-4.6768746,13.537602,-10.389764
31.656815,6.2541904,17.94644,32.569706,17.32683,-32.618828,-54.782394,31.505674,2.7967288,-41.393894
-30.469269,-13.17948,-58.47455,-50.40614,5.6337576,-26.87634,-47.765415,-5.0889635,-48.646206,36.759846
-28.612226,24.0963,-41.270298,-42.71616,-28.103867,77.149315,31.222298,29.021036,52.17547,-36.40626
-57.000862,34.693863,-48.3983,-55.0391,6.3498626,76.79056,26.46742,-8.290655,72.83001,-30.760202
-63.658566,1.1520605,-24.854376,0.63694704,-42.281696,58.367958,60.368736,1.6297818,39.960262,-15.538659
-28.160982,-2.548844,-27.225405,-23.109215,2.721515,83.408714,25.298983,8.553848,24.928251,-21.853153
3.6975489,-17.00231,-17.087845,-9.744023,-7.7054596,-37.097282,20.839794,2.978495,-29.16233,-64.78884
11.838936,-13.316387,16.070202,-13.407819,-19.96363,-33.090096,-30.430607,42.715492,11.327589,-66.723724
31.33938,-21.804186,-21.805147,-54.286343,-30.005133,-32.01313,2.8285007,-2.0753644,-55.811695,77.72387
-5.1123943,-58.372204,-47.449265,-43.62661,18.30655,-11.711769,39.604424,-36.88554,59.287457,3.8163507
14.285565,-14.832384,26.399446,-26.114716,10.746349,-32.22815,-33.62577,33.705345,15.012352,-51.26328
4.5933366,-52.87709,-22.225594,-50.76789,11.807659,20.939714,42.90299,-27.435278,60.21202,-16.988573
-0.34072044,7.2109323,-12.859795,-77.27407,-32.933468,-7.0226245,-20.475073,-12.445237,-50.125126,15.052411
-15.075733,43.005367,-39.985622,-23.831661,-3.476241,41.006718,22.212574,-39.723946,65.33888,-24.280153
-40.39303,-47.409218,16.73386,18.197386,5.9605184,-16.97855,60.06953,-66.146576,-31.63306,-45.801853
-26.719898,-66.90195,-9.495652,-23.392582,66.245766,0.5250424,55.343,-6.2149005,98.63801,29.409029
11.174831,19.178688,15.784314,18.904198,13.24534,-15.502029,-43.062325,9.618894,-13.696668,-65.35905
41.542587,2.8537116,13.134226,-5.6556325,17.36025,-69.85719,-42.626884,52.477356,-0.10174889,-59.98662
-10.499121,-84.378845,21.608046,-40.412647,32.10379,7.3604026,91.844124,-23.44949,32.489494,2.5129402
11.499661,-72.61302,12.681579,-10.710589,40.624176,-2.597707,45.660267,11.147342,17.253075,-20.037153
-17.259232,-17.36655,-11.430844,-21.344486,-20.865784,-65.585,41.249714,-24.711456,-38.23902,-39.103806
6.973757,0.41419715,-47.65186,-87.27116,-12.560243,-24.476398,9.690701,-6.207808,-57.074516,20.2762
-19.259558,-43.925823,14.484079,-9.878285,37.9607,-54.031174,54.28355,-48.750736,-51.416904,-26.221912
14.122998,3.7655559,-13.401022,3.2339058,-9.439103,-36.683044,25.703556,6.2668552,-72.15902,-30.575012
36.581627,2.2163594,50.773636,-3.757687,-10.563227,17.789772,-47.313057,-7.994222,6.063334,-56.57224
-43.061275,14.018856,-44.218254,-28.775585,-14.490477,33.158848,60.78611,14.016864,69.09525,-43.85592
-44.769485,28.930939,-52.96777,-41.751,-7.656,41.152443,49.759758,-17.094074,51.83707,-55.24669
-25.83522,-34.54169,11.685006,-3.1867673,39.204033,-56.096386,33.607548,-59.877262,20.170359,-16.229984
-47.75479,37.52755,-45.254677,-63.697426,-7.683535,69.75846,46.340668,12.277934,80.79092,-35.83776
-36.06676,-13.547938,-33.057087,-46.783855,15.12911,59.318398,57.92826,5.080966,34.261944,-66.52516
-37.17871,-52.845024,-9.309626,0.24004316,-4.818195,-53.916714,65.69717,-46.40518,-0.22832905,-27.7864
-42.961105,-53.765343,-6.0330014,-13.99233,84.0517,10.395806,35.93738,-38.97089,66.69778,1.6543529
10.492705,0.902836,-34.775223,-54.26196,-30.964945,33.777664,19.20897,15.603019,-14.967023,-14.293025
-31.621044,-11.0097,-31.693577,-17.929071,30.788681,37.309093,57.107174,13.994197,45.477085,-42.981277
-36.016216,-29.524244,-55.485725,-26.715008,41.88815,26.35863,29.779198,-39.57299,41.491325,1.9778788
33.933456,4.7973194,15.86144,26.428522,5.015364,-28.153809,-3.7192016,0.44729605,11.445286,-62.174095
18.441397,11.235746,5.781488,7.016776,-8.969589,-49.135944,-34.801422,-15.448122,-23.520008,-54.42025
1.6573174,-35.501694,-22.034962,-27.752304,-11.795655,-49.04246,-5.9054623,7.4334345,-63.867634,42.001087
-49.367912,-12.906217,-46.37492,-60.508305,-36.673004,23.371307,-2.470772,-20.01731,-49.24855,-11.787565
-23.114645,-2.1641893,-47.488544,-61.2112,23.083885,45.415474,55.70666,-11.872621,58.776756,-57.7092
21.98714,28.548166,8.90377,-19.279036,-19.165804,-35.550583,-53.726658,-20.64662,-2.7829263,-57.169884
29.276342,27.57261,20.73503,22.979172,22.321722,-32.403732,-37.04025,30.801332,-25.566324,-65.54036
-25.36767,-20.70643,-53.49522,-56.72072,4.327067,18.009434,27.246431,-16.644762,44.98234,-46.149536
-39.76101,-51.97729,20.765095,-1.7390795,27.84028,-64.30942,46.864357,-35.58963,-22.38006,-18.126331
-16.002678,22.172184,-45.999195,-83.776985,-9.798543,-16.139135,-0.39340565,1.1248664,-78.39291,3.8256109
-32.069817,-28.75249,-17.34036,20.274658,13.407208,-48.640823,80.3418,-7.512323,-20.436357,-2.5483463
36.22155,0.24369591,25.553156,43.9928,17.080446,-41.265705,-51.154564,18.131168,-14.646603,-37.845905
-17.019629,-47.965622,18.010088,-19.143768,-15.06568,-63.032246,30.090542,-31.398727,-31.655127,-9.117022
-31.457556,3.3755221,-31.500862,-31.225235,-50.66763,30.231028,9.480097,9.029572,-47.011993,26.695393
-31.896496,-66.891655,5.803001,-27.20442,83.18363,9.661938,40.56674,-29.867521,82.89097,18.67479
-52.8728,-16.7018,-4.551144,30.124722,24.954723,-43.763905,76.26216,-28.96145,-34.747063,-36.91355
2.7533312,7.2277837,-9.203871,-25.50437,-30.557844,-50.81496,-9.59762,-1.9769529,-54.678402,5.2194653
-5.9142995,-5.937461,-43.324863,-83.47711,-27.341936,20.839472,9.255169,-3.9312627,-67.3848,32.827877
9.93263,-58.918037,34.53349,-56.569942,58.19187,5.094638,18.975183,-39.161713,43.13013,10.725885
-38.31411,-35.23912,1.7324015,5.411678,1.6829114,-57.551037,83.47089,-19.894035,-23.095675,-3.3433843
8.22747,-4.0504937,3.63906,-43.0269,-62.658054,-15.062218,-29.266336,30.052635,-35.72011,-19.475876
54.54374,-13.440747,-15.764124,-56.733105,-51.519363,22.018871,49.509766,-10.141538,-62.524387,56.06407
-31.428251,6.581815,-19.479708,-49.263542,-4.5988026,56.039158,42.881386,-5.553918,55.431778,-51.223366
15.985414,-26.656721,-22.99441,-18.758156,-13.774651,-54.94714,30.341175,8.339095,-24.07234,-67.2996
24.532526,16.239288,13.392561,9.815034,-24.036041,-31.892372,-47.45027,4.1670494,-8.944426,-39.62745
18.178366,40.020382,29.767931,-5.5969977,11.332256,12.0352545,3.2134843,16.378767,6.9836597,-69.117325
-36.97907,3.8800397,-30.55824,-15.998764,5.7922077,27.056635,60.280235,21.33989,32.084404,-0.58040434
1.6736312,-43.451946,-3.9759626,-11.8022,-29.275774,-24.971954,33.208584,-6.9787583,-36.266903,-49.651127
-37.57913,-55.839283,29.388393,-15.2034,-5.4165883,-53.560413,40.97687,-9.147873,-38.543507,-0.95358825
-24.228273,0.9293818,-39.486294,-54.22561,-37.799717,29.52846,-2.1681721,-49.876637,-68.36382,43.08751
-9.569454,-5.930576,-29.433243,-84.73416,-11.455823,16.441689,-2.8690746,-9.544296,-61.10797,27.166191
-18.771288,-55.631725,-27.314552,-43.50137,50.36569,7.5220494,49.253387,-14.958592,52.829098,1.9988039
-5.84215,-28.364878,5.3390493,10.23112,47.967316,-31.096306,60.603184,-64.158104,51.749577,8.157909
-22.809824,-36.510246,-51.108315,-40.336693,34.995567,55.139744,38.065693,-16.710798,68.113594,-31.078203
-12.108515,-9.591502,-50.027195,-28.891155,38.889713,35.97424,41.06428,-27.501348,53.933815,-37.105362
21.385675,3.2688851,-35.980938,-54.02082,3.2336924,14.611943,4.9590607,-6.9193835,-74.76531,33.470455
-26.803913,-43.633907,-25.23192,-48.611355,-43.47055,-9.124173,5.666166,-51.581196,-39.05911,31.124878
-39.123024,-12.511667,-49.084602,-44.111683,29.920246,36.584885,53.58301,2.8702497,54.000862,-53.583786
-50.39527,7.219278,-25.727203,-10.630236,-8.024591,63.819668,44.82167,-5.1578507,59.913746,-47.04857
-63.43643,-61.042027,-2.3277292,-5.8017673,-31.201378,-29.32824,70.19928,-20.062477,-31.737219,-25.93017
-0.2601319,-34.968933,-41.858242,-15.776836,-1.9331666,-44.651325,23.17215,-13.192072,-59.145233,48.17072
-9.246204,-9.070762,-28.546274,-1.3676107,22.045822,53.36621,33.550995,2.4265387,58.793587,-36.168163
-49.60882,5.4780107,-49.44726,-37.31377,29.686329,26.258936,38.74353,31.933678,44.655144,-47.600845
-16.41984,46.02801,-10.038552,2.56981,-35.872425,45.647587,14.672241,-14.013739,43.242786,-36.508575
-53.33795,-50.679573,34.606876,-8.911738,14.220976,-52.56839,83.792404,-52.120995,-6.7217274,7.1371803
-4.75958,52.6169,33.72116,8.506603,-10.092421,-30.748484,-26.255714,-27.427574,15.413178,-67.77074
21.075516,-49.256973,10.253188,-4.871998,18.01661,6.3858085,67.98013,-36.745094,15.699015,41.083187
-46.667618,-43.361946,-8.211383,-31.696543,18.663538,2.4826078,65.06117,-25.02893,86.49391,12.823592
-0.7662554,3.914168,-48.77362,-87.19029,-23.15296,-23.390501,29.322332,-9.195873,-66.81815,12.273036
-31.414047,-8.858053,-58.413013,-3.1593528,-6.003185,-63.796185,-37.301815,35.020737,1.1799198,8.428493
-41.82771,-19.4701,4.7711554,9.442509,32.37488,-46.695232,85.45118,-27.573738,-9.566418,-8.384757
-6.231821,15.387013,35.85625,-27.542217,2.5579674,-37.080505,7.880194,24.832172,-38.73313,-36.270576
-11.981505,22.190405,-19.862549,-51.83553,-35.479706,-26.734638,-42.32467,18.821518,-17.64108,-41.796047
15.358305,-2.923909,-26.415133,-70.64792,-23.069124,-40.81614,6.43411,6.3768163,-53.332382,40.712673
-17.471512,-53.986595,6.48065,-10.21166,-15.29995,-23.314127,-12.693593,-33.63583,-11.896423,40.56323
-40.701267,-37.292953,-51.715363,3.639627,17.889206,15.833225,16.76956,-30.274477,42.278103,35.605377
-36.42283,-17.319607,2.022336,0.0460124,21.393314,-58.247044,59.366173,-45.957058,0.97630465,-21.534893
2.6550853,-1.615414,-66.83023,-12.423985,-37.20104,-38.58998,5.88607,5.128729,-30.599403,21.66484
-27.346659,27.10472,-38.567852,-12.494974,-3.9953144,65.92351,7.5300064,-35.732292,67.453835,-17.788977
-51.93955,-15.568481,1.6206435,-5.2650776,20.414562,2.0138521,80.68239,-72.489944,20.395954,-23.628094
1.7111988,-54.25203,-21.312986,-21.526012,3.3485067,2.465518,66.64473,18.708681,4.8876243,-26.140175
51.739937,8.484456,9.833817,1.7585429,-6.8106093,-41.65311,-46.553963,38.79007,-1.7263103,-54.27097
-43.744694,-24.582546,-21.556705,-58.883286,46.35823,39.000805,15.176494,20.58894,63.394375,-48.30727
-38.540085,9.812878,-50.88258,-49.68541,-16.139908,64.5428,6.7701354,7.331267,58.85104,-43.992176
-21.565989,-44.64688,16.97652,2.138432,6.518182,-36.52621,84.6336,0.31375626,-21.396778,-23.865324
9.2066765,-23.623001,25.969778,11.258431,7.7879887,-46.58613,8.1803875,39.459354,0.5056797,-26.40694
-42.827137,-17.914652,-26.942278,-25.5334,13.17333,35.870117,84.754196,-10.155752,38.798412,-45.865223
-14.15978,-79.15598,-3.0486112,-23.526789,35.420376,-10.626313,42.045258,-31.42751,66.26053,-0.06007682
-2.9630759,-1.4265876,22.955055,-17.939596,-45.95343,-43.468407,-14.395104,-12.676351,-40.25892,-32.52933
-47.190376,-61.567703,-28.904615,13.62862,-18.859074,-44.173996,69.08039,-31.981413,-10.345044,-49.92705
-30.90499,-35.050346,-32.764713,32.11701,13.44895,-32.14523,78.29404,-41.033882,-21.000904,-57.619194
24.409061,-6.270461,-8.316518,-26.08123,-24.356256,-24.36731,2.1503086,-8.923989,-44.182358,-66.82402
-20.178946,-42.10249,-7.0050364,-41.50337,-22.468906,-34.058033,-1.2773107,-23.324314,-49.977474,-8.658354
-50.871944,-28.056013,-13.425806,-15.376811,-6.134119,-46.04969,73.21545,-26.784254,-51.1659,-28.504469
22.793621,1.0958219,35.44412,10.564604,-16.18789,-56.872395,-52.01717,-2.2227576,27.379814,-43.116955
-30.241512,-54.940624,-14.927213,-39.45547,59.664417,-8.06872,23.277437,-22.789099,46.545322,-10.705897
-38.457497,33.148464,-42.189583,-61.19693,-17.632938,60.194077,58.83302,12.60108,87.09256,-41.706192
-54.835495,25.0046,-61.973614,-32.050076,8.934133,43.272926,52.38517,21.388165,49.121517,-63.569122
-46.254375,9.016562,-45.859776,-49.63346,-9.761574,27.395903,5.00016,-28.236464,-27.432407,14.808795
-37.9414,-25.67247,-28.41325,24.973639,-4.7755065,-42.018375,45.96075,-7.446198,-9.376907,-55.936035
47.91023,3.623806,-35.794987,-43.761925,3.5092242,7.6239724,6.771047,-19.914719,-95.816765,50.380436
-38.54089,-58.248985,-0.57447606,-22.374872,17.256617,-0.24359347,72.70769,-24.958752,62.13491,-21.608974
-35.85888,-27.964584,6.7591476,-4.010113,49.89666,-44.88498,63.744278,-41.266804,-5.8415484,-29.03584
-48.009697,10.718128,-46.534416,-8.439885,-2.8620553,66.87963,66.49077,-28.279922,38.30781,-47.311382
-54.745457,-24.796501,-59.17216,-1.028652,-14.416471,-25.723104,-61.232918,10.521774,-22.606918,40.647297
16.55005,7.0381446,33.21601,-13.037941,18.104435,-57.374542,-2.961379,37.505756,-28.144083,-81.60553
-53.51235,-67.871,-9.924984,-17.168285,61.323456,-10.361299,28.109955,-9.095237,43.15082,-56.53015
8.215919,6.991086,-48.417007,10.110793,-5.702949,-95.2305,15.684277,29.367195,-18.956474,0.91172576
-55.502193,-24.501715,24.5372,17.462933,18.783129,-36.039696,62.107212,-56.095303,-57.636944,-15.394412
-6.6392045,-38.052673,-20.417347,-5.6902823,-1.9799503,-32.982323,-9.774318,-7.961347,-56.029243,33.88702
-46.403667,39.00745,-31.897224,-62.582214,3.9967036,75.623146,31.348473,33.03518,60.26483,-11.49285
4.433614,-45.888912,4.4694915,-16.83072,2.024907,-51.394154,1.0918123,17.40766,3.634588,-53.93712
29.192785,22.096237,-69.841286,-55.61808,-12.060461,8.554618,39.74381,-4.0135255,-60.712513,31.769726
-39.044537,14.730464,-57.23044,-37.47476,-28.794428,55.322914,33.900196,18.866888,71.75159,-32.750893
25.705828,23.0894,29.398342,-16.276766,7.608917,-19.729418,-29.160683,3.9087644,-13.955802,-85.58588
-41.942993,31.583242,-69.49213,-25.235641,-0.181368,82.52638,18.945076,-9.286895,43.82117,-17.627106
2.6874123,8.44867,10.766536,-5.150937,4.4046707,-43.687927,17.091578,7.4286666,18.23332,-44.880753
45.043022,13.723313,-8.957046,-25.89304,9.711439,-17.996563,-36.11098,29.45281,-22.298433,-76.521255
-40.95881,-51.816418,34.199223,7.854265,33.63625,-50.90055,39.25762,-52.83722,-17.518784,-20.418667
-35.335075,-14.480682,9.539359,4.2528768,45.124123,-48.917114,56.871246,-40.69251,23.189873,-11.800789
-19.703367,-10.007319,-50.221527,-34.851364,37.39795,41.15767,54.678165,-39.18924,64.9703,-35.742123
4.987827,-39.973263,7.698534,26.421371,15.119864,-46.538895,24.519236,-57.234234,-9.921507,-42.935577
-6.645939,-2.8570995,-21.836695,-99.60472,-51.580563,20.28878,-5.427584,-20.492373,-50.87015,45.533634
-47.552437,-34.75377,-22.37777,-5.218796,11.567253,15.442022,55.33377,3.94162,69.388695,-52.148155
32.786697,10.197928,3.5877104,9.24615,17.077812,-57.485874,-49.29972,11.284744,-13.685645,-76.2459
32.54374,18.103104,3.4054966,-10.939969,-28.953314,-45.97328,-44.238148,0.6649116,14.546032,-36.927883
-26.540485,9.131851,1.091929,21.863764,18.599686,-59.796833,47.358585,-20.903786,-39.30397,-33.232376
-9.569778,-15.866496,-0.77135414,-3.1062288,42.583767,-55.169624,25.997236,-27.604263,14.365298,-6.271627
-42.514503,-23.29801,3.6131878,17.122702,40.9433,-48.307426,58.834854,-44.85874,-28.288202,-22.419577
33.351036,11.729765,-33.335255,-79.652664,-21.63208,16.316349,22.860186,-3.956032,-67.40447,44.32736
10.413695,-13.267304,-18.035784,-47.739048,26.364273,17.341314,29.346832,-30.217728,-30.107754,26.76643
-50.534103,22.835493,-36.69777,-27.616968,-24.471352,45.42489,58.808037,-14.070724,46.710697,-36.080463
19.97406,-11.958397,-80.265976,-99.73394,-16.965694,-12.496499,-34.999847,5.5206203,-44.557777,33.52948
-2.0311804,-92.347305,4.7107563,-8.00591,49.58191,-12.936348,43.917114,-36.151066,44.386757,15.842174
-1.1522238,-7.2286386,2.5402837,6.039925,0.11084509,23.48586,-8.185421,-24.289557,38.026268,-49.568634
-39.536526,19.316689,-68.254364,-41.707672,-23.662878,39.2795,35.240593,-7.3085055,60.096256,-66.16755
-42.456963,-60.850098,26.094427,34.83368,14.043875,-22.842058,41.31513,-54.845287,-14.896463,-35.553413
11.362495,-3.3180313,-47.635887,-68.50883,-59.71809,16.546413,-3.7857947,4.4159904,-37.991188,53.9574
-50.41961,-39.182205,27.940754,9.512912,19.919277,-52.117344,45.47584,-46.83974,-43.091263,-21.656952
-45.505764,-29.809132,-19.989744,-36.75104,0.27531487,79.740135,34.17991,19.997404,-5.0284605,-3.9345734
2.441848,-25.379225,-32.693165,-44.076935,31.792807,0.92895377,29.918444,-48.8241,-8.513032,10.969451
-31.186253,-70.86128,-13.967248,-32.870903,65.45184,-11.628303,20.204489,-2.1369119,70.15687,9.341473
-45.860043,2.197369,20.090876,7.947196,-9.815024,0.15354156,54.66536,-29.220757,-3.007994,-14.901505
7.0123873,-2.2810547,0.34926724,-20.249344,33.530308,-40.80626,-1.0938492,7.657421,50.625267,-25.039505
28.217365,-16.930834,38.70198,2.9999938,-5.611662,-22.033966,-11.587728,53.4718,4.8752704,-38.56685
9.289399,-50.08774,15.209085,-34.133,0.8700765,12.261714,69.20506,-25.103542,39.484142,26.98083
-6.376158,-0.061108023,-20.982086,-46.999287,-5.9095736,4.9464545,5.2084355,20.408834,38.51509,-48.00104
-38.554108,-64.53318,-12.869602,1.7826134,5.816743,-57.398376,63.199776,-25.513573,-33.320538,-30.210817
13.049167,-26.259712,-22.43545,-59.198074,-55.175472,-32.297474,-28.476908,28.381832,-38.357136,70.476364
-17.461304,6.0661826,6.953325,-4.9729605,17.175213,-20.624731,17.127628,-14.570285,-24.030638,-47.29308
27.382664,-70.856,-26.46149,-28.424986,-23.04478,-15.274883,-36.701927,-59.324505,-62.816074,25.03194
13.249362,39.37906,-12.721244,-19.935503,2.4063787,-87.577736,1.1723591,-8.078672,-10.905056,-42.085358
18.084032,-10.979032,42.34503,3.1691403,1.1164978,-15.017431,-24.083605,12.073292,4.872177,-58.45349
16.816088,11.389372,3.562467,-19.738655,-12.024969,-38.930847,-2.1346576,21.333042,-33.524452,-57.399944
-19.240772,-25.96384,6.8203106,-1.4994905,57.861084,-53.194977,52.30667,-34.331974,-30.382135,-18.703777
-49.561512,22.241644,-34.834072,-55.57479,20.443298,55.108173,66.413246,7.2779875,36.579746,-54.76776
2.7237532,-52.74249,4.12799,-18.90798,7.000942,1.7894982,45.243603,-21.46206,41.662125,30.133078
7.7556744,-10.635201,-19.751804,-39.216988,8.891913,-33.817505,-59.689957,27.407118,-20.61159,-17.43341
-26.85926,-37.606617,-53.57067,-36.12737,5.9665694,-11.989112,-54.64814,-18.872066,-59.115635,30.023169
-57.50787,-33.648067,-19.813368,0.09336126,-21.567867,-41.361275,75.05999,-18.974646,-20.556002,-36.433437
21.274542,49.58133,-5.2577214,3.3273335,4.7771277,-53.732777,-2.6305573,24.539648,-53.678864,-11.357045
-40.649574,34.465748,-15.630816,-63.879486,-16.896084,38.396618,48.440933,6.9539933,34.460526,-38.585575
8.370869,4.2165294,23.930588,14.558783,3.62767,-52.715275,-55.812428,8.44057,9.931756,-38.74513
-8.395673,-44.10622,-33.26214,-15.893273,15.453389,-22.11253,19.544096,20.021334,67.460304,10.542092
-37.790874,-20.438177,-5.8245206,-7.0180416,11.154391,63.840588,5.011368,-2.5398846,66.41474,-37.664318
-37.518425,-54.1874,-14.877584,9.8048115,1.9796648,-53.14085,58.724663,-37.042004,-31.156519,-52.720493
-11.303098,23.59247,29.761852,10.232896,-34.523373,-46.62331,-13.982435,42.28827,-3.6884172,-73.8166
-51.609474,-90.98538,6.693902,-49.21389,39.20433,-11.678404,35.07576,-55.447735,49.77102,-9.410401
6.2552266,9.721272,18.666773,6.8533134,-15.141037,-51.13245,-19.809696,55.905132,0.6198288,-64.30961
-17.160742,-65.313286,-34.901268,-37.05682,36.6891,4.3415103,35.37139,-14.343383,59.690853,-21.083244
-12.836788,-6.4584312,-28.744482,-84.31026,-46.612232,-40.47901,-15.643703,20.37663,-64.997765,27.412262
-31.086683,-10.008151,-57.75968,-46.574184,3.5208101,19.43755,32.21698,-3.4380105,51.71625,-64.16704
-56.924686,-62.23999,44.708775,18.582905,2.2439322,-42.196415,52.447464,-42.40728,-51.993847,-14.178338
37.625843,-9.053215,14.240004,15.953809,5.044258,-32.70616,-48.82623,15.219936,8.334082,-49.778954
-23.509724,-11.635713,-2.334445,-2.7800245,10.398395,-28.753582,16.215492,-51.04305,36.147182,-31.782587
-25.40112,-45.818222,-15.028964,-34.924816,11.728408,12.492096,82.766014,-22.411343,59.18913,-15.957887
8.432725,-49.99815,-16.698832,-27.398994,21.247004,-27.139425,43.105724,-47.23213,4.4147315,35.8859
-49.809856,-36.64314,3.630526,-16.127146,39.850365,-57.407097,42.31033,-17.900023,-32.098015,-38.319374
-53.158634,-53.009182,-28.378414,-2.7340212,-17.983202,-48.087082,67.352516,-6.073575,-20.687021,-22.081738
-8.398453,-87.34871,24.86652,-29.964832,48.407,3.4885936,41.74803,-21.175846,59.25645,1.4713695
-19.688227,35.408432,49.997284,20.398588,-16.306574,-36.837437,-19.908995,36.125256,-2.6263783,-78.97738
-32.92119,-1.0448488,-28.492983,-50.564056,2.8288693,12.046153,38.597046,-26.429697,53.271793,-2.8407018
-53.44338,-25.68515,16.03264,5.894763,21.916918,-20.779686,67.43171,-34.116447,-45.899384,1.367069
23.17502,1.5796602,27.203377,-12.082541,7.773588,-62.538376,-32.97384,67.30469,-21.066639,-80.28057
23.124285,-28.225925,64.52968,12.0928755,14.41105,-19.592243,-25.81391,11.831103,13.860685,-59.980007
24.826899,34.260742,-69.17895,-38.34755,-12.210023,-7.059037,21.72519,7.3975706,-58.244286,20.206852
-56.160107,-36.456715,-28.048304,14.747174,8.977348,-41.490673,90.97144,-12.242584,-34.325603,-42.478256
-50.738907,-24.600431,-4.9795203,-5.7311816,31.366226,-64.09471,12.915744,0.8037675,-23.05691,-8.420144
10.626668,-56.23133,-7.055965,-39.006428,28.172144,-30.35879,12.226522,10.439727,48.565636,5.9398193
8.018066,-16.34945,-22.678728,-63.14077,-35.89433,-46.24967,-2.9903615,19.197657,-42.12807,52.83778
-47.203373,-35.275036,-9.479111,27.272308,17.25642,-32.359604,68.60818,-28.994932,-30.456043,-54.497917
-23.612993,-45.1531,-14.656469,-2.2857685,59.702503,-11.947547,90.2215,-28.894724,61.588634,24.482893
-49.127735,-21.602911,-39.519005,-45.71718,33.824913,28.78157,51.48804,1.8862369,34.697353,-41.95178
18.512968,-53.92192,-51.923588,-42.40439,8.8322525,-34.347603,30.705202,11.938853,-41.51829,15.141833
-15.133646,-73.36684,-10.59106,-12.288783,77.64539,13.07193,40.982635,7.2456603,55.083214,9.240524
-22.069647,-42.93537,-32.996666,-7.8122716,32.613594,39.39366,33.2782,-33.955364,76.92398,0.9026201
0.926502,-21.881638,9.6646595,39.313072,15.369719,-23.353647,4.076899,-41.647423,0.08100286,-70.007996
41.09385,-19.872599,-59.86721,-86.936646,-11.179782,-26.175035,-1.8529661,-3.395963,-41.750286,32.264393
-21.084003,-22.975801,-33.418858,-56.691963,1.5351079,11.180527,29.634872,-23.630405,-38.75816,-0.5216785
-26.849543,-28.79782,-47.97059,-81.45784,-31.271101,-8.289256,8.444501,27.176878,-34.468613,14.537453
-34.426197,-48.3904,-5.416738,-13.923946,13.820543,1.6615165,46.885315,-22.653816,73.86585,19.719715
-31.214413,2.8014789,-39.120415,-62.335274,-19.937172,32.067505,2.2704988,-51.135815,-58.059666,26.428202
-35.73784,28.409124,-38.098362,-72.29903,3.5824382,63.394123,57.09343,14.118777,86.82984,-40.970352
1.370663,-1.7416106,-60.5863,-53.947147,-38.85205,16.589785,1.2999603,15.370575,-40.921314,40.77634
-3.2948732,9.125229,28.199606,-9.01982,-19.573997,-33.38549,-22.139437,35.59294,-8.102711,-95.654366
-29.510868,-7.5261393,-48.756687,-60.95875,19.122046,42.55225,46.535973,-6.2772818,64.37363,-63.312172
-51.989185,-58.126293,-11.356316,-20.506426,32.998856,1.8019904,68.848694,3.8249853,68.68467,-11.490042
27.33148,25.360088,-2.964775,2.768731,-22.781214,-36.392994,-39.424465,8.608798,-1.1167628,-49.649967
25.904606,19.128357,9.339744,-9.743369,-27.7407,-28.457685,-52.13497,-2.9870634,1.112563,-47.556396
-46.11558,10.773412,-37.663197,-62.76998,4.0379043,65.7061,28.90895,16.638283,92.67765,-41.057034
-40.925278,40.77745,-42.961918,-61.863655,-4.2026935,57.151543,34.816006,2.497028,62.332897,-13.627297
-56.799934,-0.9935999,-53.872814,-10.106479,8.64566,38.645454,51.99326,-15.080819,77.85398,-44.481346
-39.32839,9.608974,-68.40409,-51.996323,-13.2237625,23.521645,21.985647,2.4374537,33.601,-53.225376
-12.540275,-14.031825,-3.1485922,-20.924652,34.75856,-66.55106,89.97385,-29.35563,-22.062569,-14.026582
27.200712,25.511786,40.352024,-21.340332,15.424061,-2.5337114,-31.19371,22.522192,2.5851095,-76.68136
-39.00508,-56.141388,-10.346115,-39.722294,48.886543,5.792031,53.56709,-0.9231557,76.57278,12.413328
-14.663629,-55.831806,1.6472429,-20.102568,15.831324,-6.8150945,55.356304,-50.28767,59.32161,29.373215
-26.142092,-32.88197,-40.67894,-10.220315,27.315624,19.348455,57.86892,-14.669518,53.15221,57.288303
-20.22684,-23.470207,18.701357,-3.663901,1.2723329,-64.99754,87.231125,-31.190481,-47.4758,4.276005
-4.3148503,-52.279484,-25.32816,-11.871826,62.719448,14.948019,23.47135,-14.369842,73.481544,9.342089
-33.83053,-39.545918,-12.29859,-37.27738,34.490967,-6.1296444,46.725487,9.901633,17.878532,-3.785816
-22.430006,-43.106136,-13.017761,17.850006,-14.104682,-41.9269,30.05798,4.448777,2.237044,-42.9652
6.4703565,-28.125788,-20.672403,-62.331486,21.764675,-31.98196,24.78492,-36.097122,-19.581535,6.171214
-19.365183,-20.76571,-23.208328,-23.2568,-2.7688246,-86.180405,22.24843,14.18593,-22.021475,21.664639
-7.0135865,35.729168,-13.329373,-26.628721,8.210522,4.4854774,6.4532456,1.3089972,30.269196,-68.39754
-16.389013,-37.305523,-24.397238,-15.335528,13.953776,-43.85594,-34.597145,-19.34039,-46.262306,10.714905
37.92073,13.375227,40.52532,25.438763,4.8593984,-55.701675,-18.499409,19.788467,-15.294113,-67.6809
-26.413568,64.03773,-47.64354,-36.79473,-1.2461761,54.766205,23.470007,-21.444378,51.851963,12.562797
-29.518759,-27.107784,26.20145,-32.531693,-2.4360223,-22.64506,27.752758,-3.151625,-45.6223,24.60986
-45.46619,-69.84052,4.250198,-33.557625,83.25128,-2.790502,19.24084,-28.032011,67.60688,7.6064987
15.613553,7.990791,6.9102387,14.019792,-15.023445,-29.368544,-39.467197,30.03327,0.35007444,-51.888695
2.2325041,30.177717,40.306313,-4.536691,11.345139,-0.7062171,-9.006185,-54.609013,-4.639245,-55.827923
-33.258965,42.851276,-64.004135,-21.056,-31.460678,50.84353,30.979933,-8.940709,42.914936,-19.894598
-2.866766,-59.527157,-42.281418,-33.171284,28.842789,-17.73469,24.55337,-16.475637,65.6143,-21.631157
-16.007599,-68.94274,26.082748,-33.96175,69.62881,15.066223,39.819145,-42.280914,59.725586,15.09764
-8.527976,-18.544785,34.98856,1.3228191,12.493083,-9.83876,5.873933,11.861723,35.150867,-64.573135
2.447314,-25.44653,-1.8552808,3.45818,35.489567,-65.795715,27.65003,-53.78596,12.637652,-12.977349
1.5802014,-8.935897,-26.186544,-4.992113,24.424667,-46.459797,-24.438505,17.53735,29.090322,-18.982208
-11.925569,-40.88557,-14.137822,-52.294174,-43.950577,-44.924244,-27.623802,22.325588,-33.847347,47.162746
14.555022,41.846607,12.276499,-37.63227,-25.77595,-66.20031,-44.375404,-34.48793,8.848831,-51.800262
-42.16724,12.258978,-25.40645,-59.217236,19.370546,58.54757,44.98202,0.60788774,50.538933,-61.11085
-45.257526,-21.784075,-35.604214,-9.3524275,-2.4990263,47.038338,71.36707,14.890105,18.017506,-59.486847
-29.170961,-60.033535,3.6297803,-8.665773,23.214361,0.15330231,70.4263,4.7343,55.697994,-29.588612
3.5050867,38.219822,32.748863,5.2186813,-12.567066,-60.46795,-41.28377,-19.70011,16.622074,-57.940174
-0.24826571,-2.0617058,34.479923,-7.89574,19.066507,-20.539968,-4.779449,-15.629503,-11.0658045,-69.71451
-12.634908,-6.703068,18.128439,-10.257822,23.263214,29.754448,16.302536,30.431156,24.423103,-58.79505
-44.4759,30.92298,-61.05954,-50.306496,13.597147,49.45582,39.673183,7.5933084,37.741177,-51.309357
-32.67343,-12.226924,-44.829758,-7.2465677,30.846725,26.517998,31.750229,28.908836,53.1736,-16.116278
44.498444,-39.44007,-32.037804,-32.631874,7.5905094,7.646956,-9.634349,-40.891594,-99.51876,35.298553
7.411994,-6.590819,19.748295,-22.491405,5.6131544,-36.80184,12.898692,15.303775,22.6573,-19.885822
-45.86599,9.082597,-49.845802,-33.112766,2.982208,79.69547,15.70154,-2.4564848,59.10864,-32.56913
-54.24612,2.6727977,-50.056087,-32.089844,-5.675177,60.271515,63.363132,-17.556553,33.573704,-58.860165
-9.998284,-75.12333,1.5970155,-23.258408,24.074938,14.207775,100.67116,-3.0870109,39.743774,11.316772
-55.114285,24.244854,-45.439957,-21.461489,-16.372633,62.427277,16.833418,2.1943467,26.66045,-20.356644
-0.2908226,-72.85218,16.654531,-46.067787,40.841846,-4.335665,30.215836,-53.718163,65.21563,6.8436747
-0.3519814,40.75735,58.18416,19.014425,-13.067064,-27.837938,-24.382402,26.177332,5.276842,-67.275826
9.163913,-14.303472,57.41859,18.01552,2.888983,-65.80798,-8.000056,-1.0308026,20.5999,-50.30092
-2.085283,-31.431627,-15.887097,-46.700935,17.214516,30.552338,70.31129,-3.1741376,50.717007,-25.953583
31.067556,8.216129,-2.7773588,17.809149,-2.7944562,-37.853966,-62.086098,27.77104,9.323803,-37.47731
4.1840606,-56.164337,7.6120615,-33.40204,23.323645,-34.795734,22.796816,1.7086331,46.69682,-2.543333
-32.332367,-43.61315,-26.924522,-29.107935,34.95308,23.858671,67.29358,-2.2296019,42.746284,-37.720013
-34.3787,-68.91086,-9.760637,-18.258951,17.173765,2.700914,57.353992,-4.772326,38.24404,13.855382
-52.122437,5.040518,-11.005143,-52.93714,15.825898,29.239767,59.072697,-4.18309,15.240658,-21.32873
-26.315989,-51.864223,-42.928024,-41.40863,-23.292898,-24.095272,-38.47399,0.073783435,-68.482834,24.155571
35.180943,-7.237214,45.68267,44.911427,22.440586,-59.209526,-42.007618,22.732058,1.7231907,-46.514885
-8.449777,-48.048,-22.53645,-32.873463,34.20696,-6.2622833,44.1152,-4.628935,91.16473,28.996353
23.682468,-55.89676,-2.4235907,-20.581131,45.426605,4.432515,48.172916,-44.21381,88.06855,30.439224
-0.49980277,-62.93984,-41.245342,-34.225155,-29.364761,-10.899175,-43.29891,-47.54785,-39.801308,27.058113
-11.413631,18.921583,-24.200367,-97.11529,-14.294728,-35.348343,-25.84974,7.3418617,-45.02266,0.1974616
-42.16397,-13.342017,-56.615044,-43.671818,-4.300536,9.417424,-15.869142,-35.46016,-5.615757,6.223632
-14.303922,8.881838,-48.535667,-71.486626,-33.656345,-16.164331,-41.76004,11.709009,-65.44908,-0.3635899
0.45920962,-69.72519,17.411068,-26.899141,77.54631,26.034462,55.154697,-32.259747,64.222626,33.459095
10.872451,11.946355,10.980592,-20.109653,-27.964426,-55.137573,-27.49451,-25.609667,-32.596855,-57.509464
4.221653,36.696228,-10.883957,24.207827,-35.484478,-69.02684,-42.468567,7.1077614,4.3586483,-54.170773
11.588746,8.970464,-45.2684,-69.889725,-29.616156,4.7017727,49.162025,-9.779009,-63.999428,25.7705
-23.059776,39.394745,-70.666626,-42.080296,19.665894,58.217514,41.678814,4.688306,33.542164,-53.61611
-14.146564,-74.74814,-12.580072,-17.767412,64.1987,3.755158,40.10743,3.7527158,47.77708,5.3501215
7.1485085,-49.414684,-5.2836647,-44.14749,12.784231,30.3654,58.696976,-39.86749,42.076748,2.0515058
-17.70894,-32.362576,5.6732464,2.8835273,-7.74873,-70.25438,57.6552,-8.581922,-18.888235,-14.456341
-21.484354,13.871736,-43.785477,-42.615307,10.946988,-50.343254,-85.86292,24.20447,-59.49065,-41.71499
-39.504986,-38.434193,-20.544128,-11.345774,53.988808,13.704836,38.729767,-44.73549,48.352596,-3.0868523
5.1199584,-1.2669858,-24.770872,17.676468,-14.816759,-32.954212,56.94286,-24.171883,-39.07557,-40.94617
-24.572023,-37.80885,-48.486336,-22.28946,25.34424,34.000874,11.316262,-19.669554,40.137356,14.445526
3.8438876,-78.23475,22.373507,-49.253086,67.72727,4.6198134,27.777937,-44.609234,37.523266,10.333619
26.283773,-61.064663,38.789505,-66.707794,27.825027,22.278234,31.81763,-51.35023,59.011993,17.342571
-45.2405,38.02097,-51.902702,-50.224606,-20.209251,86.83138,34.864655,6.6528163,81.64651,-37.746452
-39.57223,-34.420567,10.54391,13.039166,21.414038,-39.06714,32.86301,-51.134884,-17.8185,-11.126414
-7.913626,-45.955814,-16.071762,-21.538261,49.461407,-11.388521,74.98154,-36.110588,72.66986,14.79683
9.48987,29.584896,16.574396,12.251478,-8.889561,-20.802025,-25.258312,2.3135626,9.237993,-53.11333
-37.95283,35.05279,-43.242157,-40.999187,-28.375473,65.13411,39.224873,15.98349,82.8277,-40.34232
16.97537,4.3894973,4.9197264,-5.1977773,11.257118,-44.310833,14.344982,-38.995373,-11.07691,-62.722992
-22.685947,-31.427454,-8.901075,-16.695837,-8.595324,-74.08023,81.37371,-3.758398,-24.408266,-4.455081
-2.4660366,3.9709406,-17.655186,-27.229784,-6.0449142,-62.689384,1.2998661,-19.488684,-27.817022,-34.959473
-27.268461,48.076237,-54.075085,-54.15131,-6.4523406,88.49164,32.707027,4.459255,46.903606,-25.411253
-36.01533,-23.656454,-17.291796,-43.173744,18.900404,36.210186,52.07306,-11.619272,18.170315,-49.95843
-59.259792,1.7779949,-51.28705,-10.6029825,2.5135972,38.68584,50.672054,-12.556443,74.72343,-49.058525
14.280992,26.019312,22.775213,15.303542,21.169226,-10.708265,-32.576992,-5.6839523,8.449676,-76.00196
-10.562362,-16.509958,-13.139495,-16.989727,21.805897,-37.55024,-14.57233,-20.522865,-54.783836,6.807166
-23.923897,-78.922005,13.309687,-14.712369,47.4469,9.680067,60.34556,-10.098042,66.56098,-0.33412513
-20.033768,-56.537067,-42.79881,-27.712276,24.375116,24.75445,37.031174,-32.905796,77.59882,-17.32842
17.435875,-74.00967,-11.905975,-40.500168,53.11878,-11.425299,27.067297,-11.637473,78.13101,46.77817
-9.698058,-18.035553,16.811539,4.6383033,-17.1788,-50.362156,33.569126,-61.805817,-9.21081,-25.885231
11.694495,-9.5807,43.733356,12.851833,9.254127,-21.070145,-29.126657,13.093376,6.846202,-57.383892
-27.420397,-22.561775,-47.53945,-36.69975,-3.3829782,0.26415038,-21.821596,-53.57342,-51.37601,17.671627
4.59567,7.89737,9.967656,-3.4244044,20.777138,-62.629208,-52.823723,30.94744,4.4833226,-72.18886
-16.940529,-78.94384,-1.2786713,-32.30568,47.58259,3.52457,46.248116,-22.770319,27.787992,4.031905
-12.718838,-41.734043,-32.96964,-64.299484,24.399492,14.869038,46.707264,-34.033875,54.47792,-8.096362
-45.964752,6.827284,-31.756403,-57.59703,-13.142433,55.709663,20.652267,15.86427,74.516,-38.656548
22.392391,6.804627,32.45182,-4.7741632,12.8130665,-62.5031,-34.80194,60.593964,-34.529404,-85.98923
-58.37732,8.449955,-70.041435,-0.3696112,-44.95096,47.629646,32.778038,16.401722,15.788078,-2.8598819
-11.490385,-51.266296,15.62655,-50.900566,8.408002,13.744424,34.352215,-42.3981,110.9783,25.692423
-1.9331197,-10.903006,18.578156,10.899976,3.019529,-34.406807,-2.6447992,1.2170379,-22.710352,-56.35726
35.843765,-23.505024,-1.8565822,-64.7112,-47.685234,-18.070082,3.0060687,23.095858,-40.006546,57.026363
-34.54805,-64.68358,20.613768,-18.335331,-22.409933,-68.94772,63.19141,-18.848545,-25.076706,-8.7892685
16.901783,8.714792,33.658154,-21.874685,-20.747206,-16.698017,-15.136859,11.423234,4.878839,-93.66943
-35.388214,-23.097944,-18.053362,-6.800264,-0.39886686,11.254071,26.579649,-60.98026,20.001656,-5.033911
20.972778,16.429897,-111.222755,-86.55593,15.055158,16.016619,21.618435,0.7968916,-35.664913,29.305716
-38.752224,19.57384,-71.835655,-39.850704,2.0712414,42.95894,28.424606,4.7579074,64.87851,-48.19547
-3.051906,-35.59086,10.575434,4.5183597,16.155798,-27.80776,23.797659,-77.54619,47.472584,-16.884874
-10.599114,-48.794334,-1.5513811,-11.221454,-26.392147,-34.621475,70.61523,-10.998496,-61.23309,-22.996262
-51.12346,-34.06686,57.048443,10.154637,37.273262,-50.662766,71.723946,-36.343582,-25.483196,-11.787067
-36.555252,1.6252174,-22.642101,-12.278697,4.5824184,26.06582,10.671832,7.4423785,51.304226,-52.95608
-24.968613,-17.705313,-43.99419,-17.98623,21.570559,1.6716317,28.08874,-5.1062512,17.9662,56.378426
-20.857887,-18.55593,-8.649086,-0.5525909,-33.56516,-13.571117,-29.648634,-24.003809,-1.1995183,-43.69082
15.604844,-48.88059,11.88532,-68.48574,7.101404,12.242146,29.50981,-33.42762,35.99422,2.758771
-32.75655,-10.146045,9.583361,-14.173031,31.673971,-40.215393,54.136875,-10.047128,-21.202929,3.5861318
6.078342,1.735548,22.72355,5.575943,21.303322,-28.759888,-39.54334,-15.468091,-13.514699,-74.70813
16.137577,12.41792,25.221638,6.175746,6.5605116,-58.72472,-19.940437,70.320244,-21.302326,-76.96208
32.406784,20.655172,-38.272358,-58.429825,-34.89813,19.67329,33.85387,-18.80361,-71.296844,57.021385
23.32311,-30.230114,-45.65386,-42.38689,-6.3463626,19.909143,2.934041,-33.594265,-80.18587,17.178043
15.575572,17.268703,0.74515224,4.890319,-3.248311,-42.437958,-0.059189975,-27.778698,-20.977642,-28.754467
3.2778633,-50.199184,-24.822706,-35.646652,5.730626,-18.227894,12.277304,-75.032684,11.2338295,9.716862
-27.391315,3.2075777,-2.912774,-8.1153555,8.045858,8.304414,0.39783174,-33.920643,23.547985,-53.141502
-33.892857,-9.478377,7.9077997,-64.93352,-30.109774,-15.064306,-20.692852,-9.335969,-27.382698,18.301777
-37.47508,50.419636,-52.77454,-53.359905,5.2605386,50.310196,43.850967,10.693495,48.574825,1.0272834
-8.582058,-80.74871,20.691841,-44.443497,22.2834,-4.36039,65.10914,-55.917816,49.781246,2.2060173
5.3377943,5.932252,10.607494,24.095156,25.017939,-42.60988,-25.029345,-15.044903,-6.8375196,-56.83398
-11.508893,-17.863173,-36.21622,32.71487,3.6726625,-37.491516,79.67442,-40.76944,-19.988503,-39.70274
36.254642,18.671652,22.271051,-20.036463,2.6364954,-34.216404,-49.916584,58.270218,-19.41255,-62.72902
-35.735203,35.325577,-58.142117,-25.12633,-15.877157,56.265434,32.68005,-34.902264,39.17953,-23.569975
-9.419296,-23.226084,-64.52978,-13.927894,21.499924,9.032383,-10.422841,-40.154774,16.036684,27.013643
-33.503464,-4.230668,-2.0516922,-4.0912666,15.230095,-61.242718,61.637955,-51.390553,1.0194045,-2.418531
-7.712767,-68.954056,3.4218802,-30.401114,69.78354,20.089155,37.69386,-10.847808,78.55601,29.107187
-31.502954,-56.476917,-1.1181095,-9.660518,21.984543,-91.99811,22.063124,-13.715017,-19.551504,4.4204197
39.1468,-40.656757,-2.8596451,-26.052023,6.877104,-2.4091196,50.31172,-34.634197,-26.076607,43.495228
-33.03382,-61.11669,-5.061298,-14.891345,75.31611,10.303954,47.454327,-46.451035,76.9286,17.481087
-41.28526,27.689484,-61.991516,-26.783998,-13.900691,41.19166,51.476025,-18.204103,65.82015,-66.24344
-26.218565,-21.178154,-16.414259,-13.63435,3.1940124,37.79654,24.717758,11.230648,-0.83618224,-69.328766
-21.455868,-52.65459,28.79953,-33.865963,-17.375967,-52.141075,24.896957,3.1296034,-16.03802,14.4225645
-36.097424,-2.3377943,-63.68146,-36.9032,-5.877849,26.69317,21.64982,-27.045797,17.521454,-29.53634
6.826099,47.666092,10.020978,-30.714071,-1.7754,30.5572,6.13803,-13.900321,19.642946,-35.082195
-31.826548,1.127228,-19.177938,5.537023,-7.7150826,11.002888,-4.490024,-15.885246,-4.583703,-29.653957
-44.39071,-67.611755,-2.2023995,-10.44873,-15.261616,-51.742596,98.88137,-13.725484,-5.493034,-16.55505
16.931623,-64.2464,6.590939,-39.876232,2.1207335,26.912859,50.199223,-53.099808,77.25107,17.380186
43.854557,23.292957,47.552444,-28.326574,-27.570568,24.84449,-43.43693,-7.3697987,-18.532898,-53.39169
22.01251,24.792675,24.044674,30.285017,18.681957,-21.266014,-36.000893,-11.732568,-1.4170692,-76.21593
-15.0029545,-48.904305,-37.698246,-35.21795,-19.662228,-46.605534,-39.057716,25.140728,-52.49474,36.52017
-28.67917,-3.6483083,-37.310173,-52.97591,-22.523117,53.89019,13.96748,13.446126,-36.050926,10.562184
-9.074564,-61.205475,-15.748899,-25.535149,-34.01608,-25.442297,-28.35691,-9.511919,-21.75332,41.89533
-37.389645,29.389034,-60.860004,-59.27033,0.3706482,58.774918,46.369892,3.6028516,61.987225,-63.19817
13.24817,14.755646,11.13922,-0.656647,10.55943,-46.45195,-16.844759,14.869298,-11.5022955,-45.24685
30.952333,1.3473847,19.561546,16.98708,10.122806,-47.393597,-33.154774,17.855541,-1.8648295,-47.3678
-22.758507,-8.20974,-48.770725,-14.680032,26.451982,57.38605,35.859802,19.847183,60.562046,-54.246265
21.56104,-45.937504,-13.0811,-45.657665,34.16583,-15.3231535,18.670458,5.1900077,78.37127,37.54392
2.2488503,11.906394,28.436844,-20.937103,0.43822485,-20.48518,22.0867,15.086543,9.181294,-49.12299
48.99032,16.619474,-10.103806,-14.717341,-15.073297,-29.351002,-36.853657,26.589872,-15.888698,-54.336227
7.72627,27.473852,24.474955,-17.318686,-49.745785,-9.227589,-18.1374,33.14216,-22.57305,-68.160126
8.604984,-62.02406,-25.535471,-27.075184,25.95412,0.30123484,42.208042,-1.8914495,80.62505,26.719316
-7.8884153,-31.87536,-54.789413,-54.509647,3.0049586,18.90669,55.064728,31.09598,-20.092749,-15.399655
3.6270542,14.064756,-39.640347,-28.401289,-30.896502,67.48495,65.901184,-16.638882,53.944805,-33.1662
-40.3144,-45.942913,36.666027,2.0303092,15.597681,-64.34184,47.75049,-26.332403,-38.278046,4.641657
-4.1517706,10.593555,-22.4929,-53.99538,7.590293,14.226497,13.278048,-23.000816,63.04934,2.628002
-40.430187,-66.268974,14.418047,-19.807995,29.43741,-68.375374,81.793686,-3.8045552,-30.830702,-29.787075
34.302845,-27.23181,7.573744,-4.8177643,-24.47222,-47.093323,-52.47848,16.92728,20.075403,-51.64764
-44.981224,-42.780636,28.410818,16.188263,35.570198,-44.75689,50.312954,-66.62103,-17.365004,-31.589739
-3.067088,-21.126482,-5.8563585,-1.8597615,-14.193194,-35.977303,60.01302,-26.577475,-58.74086,-26.550964
2.9656827,-24.995731,5.3133335,-34.98855,11.984777,-23.755919,33.97268,-11.968609,-34.983532,-59.0775
-44.912426,-20.481562,7.6819887,8.34342,54.89972,-54.752975,60.00069,-31.354292,-28.319489,-17.349398
-31.617949,-48.148834,-13.495107,-46.120342,-30.087646,-53.08927,-32.00283,41.380985,2.7972496,22.125057
-46.60094,-16.387516,10.204214,13.526765,46.88338,-57.96139,62.922337,-33.540836,-18.909742,-15.817298
4.533092,-11.680635,-29.238514,-97.6597,8.552657,28.472559,0.051456213,35.735035,-95.29113,31.2533
-13.285943,-0.4642745,9.634123,-2.696586,-28.88744,-61.81577,-0.04909493,-11.502467,-15.594004,-44.128494
-2.133661,29.669489,7.847557,-22.073822,-29.495462,-63.762245,-38.859653,7.530552,-23.000494,-74.44209
16.244276,13.769553,22.797722,-6.0044403,13.0775,-60.9853,-30.980312,42.973873,-32.918964,-77.93158
-33.802525,20.491457,-69.55461,-27.224499,7.295947,69.52749,45.315586,-7.224974,45.949467,-42.46144
-14.951717,-66.31945,-29.7903,16.819416,-18.96962,-54.024513,77.27489,-26.35485,-13.279789,-35.732925
37.18833,17.251421,44.423096,-9.422272,29.870205,-43.55188,-15.789807,39.005013,-29.0053,-75.48071
-29.762552,35.21354,-59.29935,-36.332726,-11.485311,41.65621,52.27889,6.3606224,39.769444,-43.5257
-52.797867,-17.859665,-62.704044,-1.578676,-23.809685,-35.295376,-55.151226,10.415457,-46.587467,33.282066
37.181286,25.659687,1.8903896,-32.222645,-30.28717,-38.407074,-65.5867,-23.811407,-12.9093895,-39.247272
-31.500738,-15.423651,40.26814,-15.411421,44.942383,-49.67411,48.708015,-67.046,-22.667044,-27.380064
-23.911724,4.9526086,49.428337,14.617112,-0.5875537,-17.113483,34.435585,-17.593018,-11.3417,-43.30678
-4.5954432,-6.04114,36.584988,-9.862182,7.9587436,-28.405233,17.30089,14.142612,21.730352,-44.868446
-42.939453,-18.099234,-49.280624,-35.81573,-4.518091,-8.389981,-19.148552,-32.214455,-36.47433,25.954884
38.31703,-23.913263,-63.685688,-53.609764,-6.2247057,-37.80197,-10.889265,-39.40441,-43.48798,29.077114
18.396736,17.3417,26.046625,8.477221,4.666677,-5.302729,-31.809937,-51.406727,0.8610054,-68.28409
-47.729443,-11.041336,-41.943874,-36.49331,-24.783258,20.066345,22.55125,-16.278706,19.588299,2.5935342
-48.44705,-5.3848057,-32.634613,-63.61413,-32.20417,-49.75855,-25.761583,31.44378,-10.216843,19.386387
-25.53947,-6.114326,-43.95318,-45.138542,-11.215,-33.223373,-3.186419,-5.4928155,-24.923338,41.983692
-15.635942,-0.09195403,-5.933953,2.9702864,-4.5159087,2.0554452,35.836758,5.4355116,-17.780396,-69.48128
-41.757275,6.621822,-69.688446,-60.18271,-0.36835426,14.41895,1.408343,2.6746151,-20.056137,4.683158
-48.160866,-4.0740128,-75.78109,-13.1251545,-11.4009075,-33.536816,-51.811073,5.0764346,-53.05227,31.180439
-60.99508,-41.72501,19.283112,12.687585,14.691761,23.681543,50.842236,-48.197735,7.544598,-25.592262
-39.40774,-10.989647,-26.068663,-17.380487,-2.9337358,34.252476,48.468422,-29.787367,48.653202,-11.615294
-30.101948,-43.843876,-12.217226,-9.064405,68.05251,1.3703078,55.50612,-32.43766,66.98816,5.3962336
-45.59891,-42.6549,-18.89371,-18.972635,12.90328,-63.036522,0.5476303,4.967309,-19.24752,9.630036
-46.338448,-45.308426,7.0716605,-7.827666,36.05835,-85.79513,52.753757,-11.672609,-2.9145586,-6.065735
-34.562344,-22.876493,-21.519653,11.338845,-17.144558,-37.802044,8.887937,8.795671,-8.686381,-49.03292
-23.654684,35.288067,-51.03288,-44.182003,-17.345291,55.485504,15.01802,-26.379433,62.884632,-23.993778
-41.459576,-44.89353,-8.607876,22.32577,11.781883,-36.912876,47.82224,-39.869156,-24.083727,-56.320316
-29.174606,10.395147,-50.13262,-60.14919,11.013302,36.02668,15.910984,11.350604,20.870705,-37.905575
40.803974,-6.7470484,11.343827,19.285713,17.202446,-42.61465,-39.366936,37.140965,6.9833264,-55.190014
18.732588,1.7788718,19.438059,-0.55072635,6.9505467,-23.471525,13.131092,49.42441,9.697723,-24.630188
29.02421,-1.0610815,-43.210743,-77.6101,4.1735377,-22.03997,14.263242,-25.475573,-70.71785,40.315006
-7.0175934,-39.07326,-10.254077,-33.069275,22.592966,7.9227166,51.49099,-29.611847,8.23598,32.492954
-38.433113,3.364643,-48.29924,-37.584385,-24.389608,29.804787,10.428066,-41.115433,-26.05614,5.9690933
2.2038338,1.1506946,3.9750147,20.127247,17.51503,-44.80321,-4.4928184,-14.005696,-23.433838,-64.48297
-4.4342914,-10.798442,-51.782482,-19.37717,-17.549831,17.210085,19.008604,-14.850814,-16.089266,-14.676057
4.265646,23.742952,12.030997,-29.874802,-30.85852,-29.614164,-40.715122,3.7780116,-5.2860456,-86.006226
-7.651698,-6.9411745,-44.347088,-81.013504,-32.803158,-24.769524,-12.669216,18.041162,-38.787178,43.91137
51.20001,-18.836485,-11.7264185,-56.88959,-11.981054,50.41833,31.02218,-18.835527,-36.485912,28.801891
-38.767284,-33.514095,-38.6554,-74.80902,-30.03825,17.34482,-29.24125,-19.389912,-21.028374,14.334863
8.642758,15.778644,21.05273,5.2383127,16.630594,-34.10084,-17.10542,-47.83623,1.9934908,-71.073265
-9.139159,-22.63218,31.243479,-24.878298,-7.2207932,-41.377506,18.681288,13.266754,-11.97053,-16.968851
-34.086483,-60.941795,16.013126,-8.845957,22.997946,-63.92722,68.12259,-32.35234,-32.22477,-29.731056
39.718536,29.0107,17.090935,-7.501,24.584064,-27.55916,-36.227215,39.049126,-28.63129,-67.464806
-45.47155,5.8498526,-52.259876,-36.799007,-23.90734,35.263557,20.528227,-33.76929,-19.741722,17.570192
34.906277,-8.101748,24.916485,-6.7857924,-5.953612,-47.59423,-47.119507,-7.9807158,24.409172,-56.470222
-33.05944,-40.358566,-26.399092,-42.345734,32.037617,12.822375,52.375,-5.066622,35.26303,-11.501378
-51.029366,31.962152,-53.040314,-55.151474,4.8292546,58.954697,33.766945,10.672822,62.320015,-20.185102
13.924041,-0.8439919,-18.013052,18.08721,-19.13363,-41.143024,-38.779648,17.939743,9.035458,-40.038483
34.308502,10.940372,39.751244,0.18868482,0.16237456,-54.38561,-23.46643,56.134903,-1.119072,-61.99542
-43.643486,-29.631126,-5.194238,-18.855263,31.794983,20.212908,91.76928,-15.943579,42.81756,-41.317734
-54.76516,-19.611546,-20.359274,39.046024,2.1545067,10.082653,31.989132,0.5547486,-2.909232,-34.846474
9.3934555,17.78532,-44.687862,-70.25929,-47.869484,15.033133,17.069614,-16.041656,-46.08212,51.798088
43.90727,-45.294228,-0.49869314,-14.758925,-13.009771,-11.66299,11.612702,-25.66583,-54.62298,72.687325
-6.228221,-81.541435,10.521838,-55.39711,74.45072,9.552607,33.25894,-33.550827,60.386253,23.93004
-6.718035,-22.335491,-31.754038,-36.18507,-8.665861,-20.767435,-2.0905905,-42.9087,-58.344284,16.284492
-42.094765,-80.090866,-4.039841,-14.6755705,6.0247717,-75.391525,63.724583,9.426864,-15.946435,-21.649458
-37.892784,47.169273,-84.48565,-33.86136,-4.499114,77.53911,29.101097,2.0398145,48.422615,-28.659832
-46.857586,-32.102516,10.759567,0.7570745,16.927431,-53.278755,81.210045,-52.929947,-10.612854,-7.156092
33.186344,17.26393,1.5595955,-16.177605,-11.166272,-45.980396,-25.523577,-4.641161,-0.9966502,-58.69946
-24.380667,-38.297718,-27.983166,1.331818,4.0795503,-88.740944,51.8726,1.2710525,-4.9411354,-0.36810976
37.13455,-24.52518,-0.1571287,-52.45516,-56.939728,-9.803825,1.3585516,11.761821,0.054851443,36.96773
-3.3673985,-62.353447,14.829379,-5.2192674,27.966682,-35.49569,24.413235,13.832141,30.928879,3.5012515
-28.308863,7.7013173,-42.50072,-15.31014,-2.6242182,-41.94089,-45.2192,3.945982,-31.272917,-10.349294
27.26612,-34.46482,0.29931986,-28.976482,12.86725,-32.250626,-1.0651319,26.260237,36.444885,2.6135385
-59.595375,-71.03057,-7.4092507,-15.1759405,14.682274,-76.25772,68.70681,0.3572553,-12.25153,-33.68257
23.042887,-34.104816,-3.2617195,-59.546314,31.9099,7.6120706,43.88243,-38.642117,14.109734,37.179516
-6.004445,2.0617452,8.997282,41.111317,-47.07022,-42.011993,-45.05279,-36.862213,7.7281036,-54.803024
3.2572374,-10.106166,-26.532284,-93.80392,-8.958174,30.345278,4.686916,9.754449,-79.75227,28.209692
-3.8007636,10.127593,36.009056,0.222381,-15.45683,-35.686195,-18.299776,33.927677,-6.0485497,-84.034424
-36.553467,9.076814,2.8790307,-7.518055,-21.23334,-53.274696,-47.62254,4.4287815,-23.995,-48.349106
-54.199753,-51.05092,44.9597,23.029303,14.164304,-24.263546,46.426407,-63.919483,-40.63849,-22.54818
8.429194,-71.70158,9.628446,-48.624428,67.00314,12.920851,26.161295,9.554997,53.87551,52.788433
44.08448,23.367163,-38.34041,-49.269463,-25.761374,0.7646283,22.922745,-12.469571,-91.13064,43.612583
28.528294,-62.81368,27.760601,-48.426537,15.25219,19.792946,64.00757,-44.73021,48.98155,52.55257
3.0979834,-39.03213,-47.27059,-5.8388286,-4.6354895,-43.08201,7.4104357,-35.75126,-29.058914,21.469297
-6.6811805,11.045726,-34.379845,-80.36351,-9.089839,43.73506,-10.668881,2.2526982,-89.76593,32.814793
-18.402826,-55.932606,-14.742493,-13.75282,64.93638,-15.259914,55.95096,-3.0685875,73.005394,16.538975
-18.818354,-29.628271,2.5401592,0.90623033,6.1735764,-69.97153,56.55038,-64.79789,-13.798734,-15.169043
-49.02624,-50.240993,-18.804993,-6.139816,16.206951,-0.24444805,37.240883,-22.460138,65.01264,21.622627
21.374578,0.4075778,-2.0471973,7.9015856,-28.250294,-48.767887,-46.360817,13.723745,2.7117703,-45.138252
-13.716591,-8.94815,-16.872145,-13.183056,22.048899,58.958805,15.118896,29.203035,13.682419,-70.49555
15.043966,10.177265,25.11586,-36.842056,-21.70822,-17.212729,-31.622732,3.1781259,-16.995071,-107.36503
16.086163,-4.57464,29.639412,-5.754637,-16.124916,-26.533134,-20.562014,51.44133,-9.239053,-70.3474
-42.530815,-33.217476,11.22562,-25.248297,4.689249,-41.412918,20.332726,2.160753,-28.239735,18.84245
5.7358203,-75.22771,-17.982327,-27.016445,31.692873,-12.087799,21.706356,-25.538055,77.87075,14.904977
-19.103426,-84.27043,-10.26291,-31.341911,20.520184,10.816666,85.54174,-41.52862,56.816616,12.260202
3.1988735,-22.227804,-38.93149,-50.31627,-17.274439,13.49901,12.210712,-23.937103,-11.684104,-23.764967
-26.732946,16.471527,-57.783035,-43.45468,-24.735168,32.390594,8.385453,-41.467785,-68.53756,32.936687
-37.35135,-0.6774515,-27.560472,-24.121841,3.986034,27.953012,64.23305,-19.916742,28.650623,-23.765547
-39.593605,-18.310472,-46.05781,-20.024906,13.784946,59.858288,61.913822,7.967291,12.850792,-76.28311
6.150332,-5.2965245,-8.979512,-37.55169,-30.742487,16.728464,18.734339,8.454921,-7.2740874,-27.292326
14.493944,-8.563321,-35.773083,-91.79323,-50.160812,-21.220026,0.52640224,35.778507,-76.13166,40.314575
-15.316092,-84.92188,1.9008328,-35.371723,24.738615,-8.925385,86.52963,-1.5460482,10.198208,9.323829
-35.28394,-8.720945,-6.133478,-18.841112,-7.1843934,37.722885,32.05879,12.5200205,2.2569954,-52.06355
-35.258156,-12.709069,3.1236815,4.5915346,11.878974,48.93105,7.51168,-24.2307,49.81117,-54.56244
-28.1966,23.648014,-71.328835,-64.38299,-16.15674,25.708532,17.844538,-1.4041088,14.603418,-1.3283507
4.9087157,-25.677711,-28.235857,-16.55692,2.8349,-66.942894,28.698471,-54.81521,-40.874702,-39.50729
6.95166,0.078415215,-44.47212,-40.197975,-37.277687,17.41412,18.638355,14.333661,-26.418224,30.474586
-18.484983,12.990481,-68.46993,-49.3109,26.096022,50.519688,14.374241,-15.824868,27.911798,-24.186422
-50.102867,-58.329613,-37.438713,-3.1193624,-0.97455746,-39.38385,71.41867,-37.351765,-23.306131,-47.41897
33.66017,-11.935786,49.11662,37.824535,28.473587,-64.59333,-32.906044,21.09881,-0.623966,-42.43232
-26.653778,20.465456,-85.32071,-34.51432,30.063108,52.97504,4.1917205,13.142552,56.974888,-34.381977
-7.386097,-32.900352,-21.215294,-40.01456,24.93553,9.618142,35.064983,-38.51945,19.809464,25.095581
-9.945447,-9.947488,-34.484062,-69.028435,-37.29581,6.5818696,39.653763,10.918605,-55.41671,19.417482
6.1500196,-43.86373,-27.247866,-38.079067,28.134188,-1.7593622,41.02667,-13.837839,114.2845,36.158268
0.4849507,-34.683502,-33.74474,-52.999065,-23.397121,-29.024197,-13.28063,0.32621798,-48.27278,34.821396
3.9684844,-72.29329,-31.769194,-36.42842,52.333942,-4.924685,35.696625,-34.119465,68.81924,2.1350982
-28.012459,-28.045725,25.873037,4.6190658,14.834474,9.668373,20.601557,-11.49247,-4.93578,-41.622322
30.93157,14.305608,22.971466,-4.2213626,9.176336,-53.93229,-37.201447,60.35421,-27.08811,-71.212074
-42.314415,15.448176,6.3297887,-33.349438,18.007576,22.966307,38.055702,19.299118,42.23498,-27.789455
-60.184803,-42.878258,35.504356,8.045109,2.8226473,-19.042013,57.140602,-32.856037,-46.53805,-10.353209
-38.113087,-51.819252,15.194611,-16.90263,38.168907,-56.351826,66.965935,-37.17156,-25.870525,-31.382023
-27.885311,-35.816666,-40.677486,-16.829067,34.669865,33.56194,-5.443633,-30.906488,9.582508,-32.86764
-45.748528,8.152691,-9.858406,-21.248636,19.017696,46.64188,17.184486,1.386903,78.01017,-48.938293
-48.104465,-8.443916,-18.994514,-18.27541,2.9844124,33.387173,84.7125,1.1955327,43.567623,-59.51998
39.20052,-45.15318,-73.30961,-35.940445,2.4336758,-57.72104,-22.594133,-14.855502,-31.21044,19.10135
-11.739349,15.838914,31.396273,4.820736,20.90689,-49.083885,-16.613285,-19.740335,3.1173007,-55.243465
-29.228807,6.392433,-30.63623,-59.50236,10.494626,60.864643,38.55761,-0.9356302,56.13297,-65.25077
-10.362875,14.1151495,-6.155711,-37.496063,-36.80795,-36.241188,-59.575592,16.799795,-13.137553,-12.02705
-3.2713819,18.578182,22.993637,4.757023,36.40432,-35.822594,49.879642,-51.49456,-6.537119,-11.648893
-9.145251,-62.185448,-27.903366,-44.378464,27.285881,5.208897,32.87186,-30.278278,60.914646,-24.24485
-6.213496,19.934807,-24.103407,-57.260887,7.8194304,-1.3500315,7.765619,27.254421,30.868076,-51.341053
-15.717024,-38.37128,1.673375,3.40759,9.163419,-55.544605,100.22634,-2.77379,-4.764905,3.8589265
3.812288,19.595083,13.916736,15.397578,-31.287851,-46.128544,15.716291,16.26955,-47.78626,4.0476713
12.918015,-63.274307,-26.396309,-58.840954,47.56596,-19.385838,33.31224,-57.185905,82.48202,23.63908
-45.554893,-43.152737,-33.407486,6.947835,9.896806,-40.52537,65.37429,-28.471653,-13.045614,-49.762005
-37.349316,-60.398766,-15.160865,0.5209123,-36.64757,-47.163086,68.812126,-7.045391,-27.616932,-3.813279
-2.3405564,-36.571472,-45.602184,-27.954731,57.63209,5.1529427,15.975592,-5.375616,93.609825,16.38688
27.759918,20.169996,33.018604,24.474674,25.280329,-16.712482,-29.639523,-20.071236,5.176146,-76.40873
23.404598,2.7911053,53.39958,0.18970752,23.158129,-9.933412,-21.181786,19.941746,7.7141504,-69.45751
-40.851067,10.295254,-35.663292,-10.380579,7.539708,82.02315,23.791956,-37.229214,53.15525,-25.204523
5.948971,-33.537533,-47.017593,-29.294094,-12.403681,-2.04049,-17.098318,-44.43954,-75.78283,17.85233
-20.332527,-40.749516,9.694325,-44.971107,36.92918,13.337248,65.483315,-42.838783,40.15585,19.918535
-54.463676,42.085262,-44.81978,-56.286972,24.436178,59.488613,55.93459,10.214694,28.922485,-21.10201
2.8295724,1.9370198,22.235907,1.0368317,-5.749986,-48.519814,-26.418777,57.223473,-25.438782,-92.28016
-28.76164,3.3946674,-62.937553,-39.11278,3.0568137,18.168808,4.0349064,5.0019226,69.30568,-55.19607
14.481432,-17.945541,2.4280958,-19.871822,31.50563,-43.194794,7.2545714,44.496696,31.797407,9.381942
-51.595684,-41.022427,8.688939,-26.784628,36.599445,-25.344706,42.20559,-34.428486,-22.571499,-32.34718
-44.49737,-65.819016,-19.36573,-12.806645,3.7937586,-6.3426757,42.745804,-5.795963,33.768486,31.272915
-20.44497,46.02648,-23.14141,-28.724277,-6.4479036,37.36898,9.154193,-27.4725,42.76529,-66.56996
21.604406,-23.338614,53.99788,23.646727,14.951646,-66.75382,-12.938739,5.2851567,18.915413,-53.07442
10.621324,4.0507636,34.95237,-16.444132,-29.25945,-20.231018,-37.29717,32.77525,-15.84763,-87.257935
-41.43125,32.104015,-39.590744,-64.35649,10.018681,64.16664,33.052845,5.5716534,51.40015,-36.766376
-10.783545,-24.656748,-1.1020279,10.894898,-16.616459,-37.200012,63.916325,-8.920268,-9.48832,-0.12499838
11.137206,12.582603,33.223648,-18.770363,-6.5423164,-42.151924,-6.2467675,-18.725267,6.95788,-82.5314
-11.951643,-82.89602,15.112863,-55.225105,63.806404,15.837297,50.53829,-12.761726,46.409164,44.604317
-26.25966,-25.781359,-48.88848,-26.240162,9.62672,-31.880558,-48.65731,-8.765654,-32.872715,13.293816
26.021145,-58.139668,-34.06815,-53.665337,-46.15144,-7.7656426,-19.731493,-52.775036,-54.67743,29.75218
-23.76496,22.625889,40.31142,15.944535,-14.441504,-43.28909,-31.614683,48.617188,-15.341209,-94.48781
17.815655,7.0497804,-41.77993,-29.993387,-10.418154,-49.136246,15.635982,-15.051916,-72.20624,58.702877
-34.759354,-14.8880205,-39.18155,-43.047737,-8.918743,20.205166,25.079235,-29.407217,11.430551,-18.015196
-24.32033,-14.125742,-46.46188,-54.006847,-6.871622,-41.98428,-49.83664,17.990276,-48.202816,45.161278
-2.4845784,-44.14273,10.239162,16.098019,-16.71972,-63.23906,75.676765,-32.089237,-42.26332,-21.502718
-48.53071,24.843191,-36.0824,-59.834435,9.234616,60.756298,55.612766,12.263718,69.44717,-53.735874
-55.99952,5.79953,-33.663235,-11.980579,1.8833227,58.57598,60.267937,-48.948006,44.154774,-35.411434
22.052454,-4.3554325,-30.573044,-37.15854,-17.722446,-47.60883,18.237103,-20.621433,-50.325092,46.617348
-39.412178,-14.1687565,-47.32905,-28.820868,20.119894,55.421352,73.472206,-18.473307,33.287437,-59.160805
-18.576529,-21.44626,-41.710915,-60.42729,-35.50977,1.3612448,-11.349975,-55.237938,-30.095875,37.240437
-57.274014,30.494133,-32.72593,-18.390472,-11.633776,74.66998,34.810406,-1.8369285,77.9988,-31.951138
13.32457,16.027794,31.59449,-20.209135,7.331706,-51.329586,-1.1058266,42.817593,-29.777922,-73.80437
-0.3763089,-49.441998,-19.781567,-60.891773,17.99869,-39.832977,-10.622139,-33.18328,-17.821234,-0.53151846
-32.539074,-15.247097,-42.886536,-33.16199,-17.033869,10.686814,-5.1646686,-57.333603,-52.930984,29.59271
12.997384,-39.44762,-12.886646,7.766391,19.807337,53.152855,20.25295,-6.4814725,71.02659,-19.442188
-22.118212,-80.09612,14.684056,-71.69148,43.197224,-19.91538,-5.405972,-31.758377,47.504414,-17.773003
-5.420074,-50.56097,-19.060364,-40.944267,-0.9233231,-53.889584,-32.45446,-3.4053319,-23.99376,23.79227
-15.428554,11.948203,0.20791638,-88.893166,-0.32503504,-7.715965,-35.048004,-6.6981077,-30.074327,17.899734
25.97254,-58.428604,0.11933935,-19.602535,42.563324,5.912825,51.23435,-39.937668,68.5944,29.709257
-30.863121,13.863319,-23.580746,-68.71011,21.071125,61.4091,47.061737,15.753029,59.341076,-46.968414
6.853994,-75.87057,13.148522,-48.653427,69.700424,15.44433,53.43,-5.0242395,63.496998,57.530643
-12.801746,-46.53763,0.80146253,-20.770098,20.982082,7.909489,54.424534,-33.02289,19.9259,30.94337
-53.70208,32.98826,-26.182825,-45.715637,-21.21798,68.17756,40.604576,13.267813,78.4961,-21.641006
-30.425192,-1.3445585,-1.7819049,25.690847,37.67892,-42.130703,64.33652,-44.268574,-18.028824,-46.12135
-1.1053636,-56.461445,-7.8504624,-20.621386,14.847366,-33.13742,-7.212595,15.089612,46.949547,9.160792
-4.0654397,-60.242577,-13.946619,-60.81997,48.965527,-24.405022,33.795734,-36.88411,57.035824,22.75753
18.458567,-49.858746,-15.415557,-55.54181,41.848614,-13.996143,35.672695,-58.513462,64.496376,18.031487
43.275394,9.652315,3.886664,-35.678596,-6.634257,-22.906857,-23.043629,2.700052,-11.956076,-92.826096
-9.138122,-1.3900913,-37.837982,-73.6056,-23.522387,15.596413,4.084004,-39.961075,-76.03618,35.70442
-57.26539,41.250202,-42.261494,-51.647964,24.87337,57.75903,67.29971,21.213472,36.652187,-30.297035
-22.502151,23.452465,-44.059566,-80.41447,-31.55471,-47.589844,-22.638937,12.13013,-46.080208,9.58244
-37.05475,-40.34474,-46.289433,0.78753126,31.819181,28.82971,26.931911,-35.488102,66.49412,43.19997
-28.718763,30.590643,-67.198105,-28.934166,-14.576361,68.77624,40.76848,-8.517618,65.851906,-41.375793
-36.27559,-24.704588,-25.41656,-41.655994,15.979371,48.24899,66.69805,-2.6006708,30.28999,-42.017883
32.325123,4.2021556,24.89576,18.67789,16.248716,-42.9566,-41.199184,30.317919,-7.037407,-43.77132
-49.761868,23.89245,-51.188133,-35.30205,2.681346,59.294113,64.70521,-45.710648,53.734737,-43.03924
2.4261963,13.359175,-7.696269,35.049805,-18.918287,-27.760738,-13.694553,20.263653,-25.992804,-26.856674
-28.02973,1.7341764,-24.23747,-63.142532,15.9637375,56.052807,31.949968,-6.50075,44.86694,-58.218422
-32.75989,-45.126396,-2.0733337,1.1874012,37.592014,-78.18802,25.603542,-13.190013,-11.454598,-10.971513
-41.591164,-14.708568,-48.869125,-10.474515,29.608566,11.702989,30.465927,23.311468,64.502304,-4.0669856
9.716908,17.454824,11.13817,-3.2266479,19.832483,-46.026077,-41.839798,-39.885105,-10.521805,-53.626755
-22.219248,-1.5260499,-16.84348,-50.696056,10.578534,38.829693,40.62766,-21.840368,33.243057,-57.880447
-75.480804,-90.841255,0.3714484,-33.464134,34.393932,-10.876033,39.118896,-48.77169,71.39332,5.2397823
-27.693615,-7.8528175,-5.696433,-16.581509,17.500675,-36.030235,21.103533,-58.55635,-35.546494,13.2143
37.343246,11.30868,-6.697518,-1.9610302,-13.534283,-30.650824,-62.91484,7.8261003,-7.0382113,-40.406746
-7.3435383,-55.04491,23.770742,-38.224487,71.20002,7.4096475,25.283934,-33.621735,45.357517,2.1780632
-24.565908,-53.124844,3.7945647,-1.2510324,7.9809003,-60.43927,39.073326,-47.110878,-11.554304,-32.791183
-16.158176,-12.6991625,-8.129857,-58.549667,-21.714432,13.61347,-21.617977,-28.05355,-27.646,16.723627
-20.635786,-42.190594,-26.210827,2.9459176,9.635316,13.166441,7.3291254,-3.2386696,91.9915,2.5468967
30.48818,11.139347,5.8655834,14.687682,20.855742,-54.10091,-35.988194,32.881275,-26.400295,-63.767868
-71.78774,-47.28222,-30.146967,1.5453194,-16.491833,-27.555573,56.27805,-13.545632,-26.532383,-41.732708
14.437643,1.5901265,38.457287,-24.820848,-14.826211,-17.835236,-8.297674,17.167856,-4.008606,-97.207115
-8.8341255,-40.69744,-47.639286,-49.788406,43.593708,12.551897,31.50626,-27.583834,83.66836,-6.51535
-2.6777334,2.4754224,12.070418,-22.74571,-28.781471,-26.836063,-10.894499,17.169256,-6.7434034,-96.672935
-6.031496,-1.621779,-14.014668,-10.952561,-20.255566,-62.18458,3.1587176,-34.412163,-49.61704,-40.36488
-29.66639,28.535961,-58.757355,-44.89043,6.3594675,62.52675,59.01599,7.9443545,64.859215,-61.20146
15.435445,-27.932043,-37.041607,-61.64931,-5.288312,-9.052384,19.95593,43.411865,-29.60435,8.188104
2.120619,-17.258413,-34.103645,-72.168045,-25.045372,27.99992,14.287202,-29.686062,-54.44403,2.475243
-16.123621,-24.463703,32.997875,4.930958,-9.300582,-55.172993,84.085266,-35.34087,-43.801357,21.509052
30.940878,2.322519,38.31107,-20.629383,10.215169,-44.746605,-8.178733,20.75154,-5.1105027,-64.89391
-11.608066,7.7375274,-42.585045,-25.823004,-23.058447,-13.830756,5.7688584,6.756342,-55.74106,65.88107
-41.54948,31.740438,-46.110283,-59.37876,0.118357,49.47442,68.96542,2.2481484,74.12292,-40.560555
13.864089,-50.12758,-3.1743236,-12.156183,47.879864,-15.729881,56.009914,-68.86183,76.29672,14.713182
-45.035995,0.20586556,-1.2838478,-74.12999,-15.147145,-13.719868,-41.30991,-16.049126,-51.997143,6.2003565
-35.756947,-31.831884,-21.235096,-17.141645,37.991383,-18.818989,10.921336,6.3831043,41.819576,-34.077816
-16.409834,-60.255222,-3.7521236,-17.814676,15.036974,-3.8333895,54.118687,-46.680275,66.705086,13.300924
15.60681,19.272131,0.7626232,30.09243,9.191416,-46.71005,-25.752335,27.52342,-9.118933,-72.53858
-40.152126,7.5822086,-63.258373,-29.15389,21.996284,40.39444,41.01712,15.12282,65.327126,-49.340424
-24.145157,32.628002,-37.759937,-51.02545,-15.358786,40.63773,28.839321,-7.4174967,61.64079,-43.06982
-5.9813714,-49.477486,-49.004143,-40.33664,56.27374,13.540415,18.446587,-11.418331,77.39655,10.481411
5.244853,-11.313811,-29.36177,-94.48439,-23.74406,11.659021,3.8058748,24.543993,-79.564224,37.10332
-64.33822,27.909538,-48.980713,-44.840836,11.566098,66.95725,28.224676,9.627297,64.35483,-7.8441687
-55.386562,5.6817317,-32.099533,-48.095085,-3.369078,48.80023,45.96881,-39.536285,15.985172,-5.1259103
-21.78688,-77.01602,6.108369,-32.354027,38.357628,4.72117,44.599854,-23.942368,78.37449,13.084291
21.143784,-1.2011441,-9.962411,-30.482609,-6.452099,-53.47845,24.428005,-17.884892,-32.885696,-46.38739
20.494371,-5.416061,59.630417,1.4895717,13.249729,-46.941902,-4.899671,32.346375,4.726228,-64.59524
-22.591988,-14.654198,-40.04951,-19.865479,2.3244352,-23.76763,-15.633833,-11.496201,-57.909542,36.529613
-2.1084533,-84.40668,-8.112032,-40.050087,68.4917,1.9749187,36.644657,-25.024601,58.336475,13.199481
-29.147255,-27.207668,21.261969,18.11452,15.337713,14.717651,15.121045,-47.27236,18.162632,-50.235683
-23.7025,-48.88862,-29.730558,-38.03097,24.03515,26.933474,44.105457,-42.205833,46.900723,-46.515106
-46.65462,25.98929,-48.346256,-33.21627,34.347363,45.277752,65.00169,40.054455,14.520918,-30.080542
-33.425014,-16.311338,-60.257133,-13.91858,7.924589,-29.92219,-41.134567,22.703081,31.918566,26.343859
-12.754412,-40.185753,-35.846493,27.216825,6.32751,-35.00609,85.73226,-48.586246,-16.00738,-46.844685
-44.751694,16.23837,-40.876446,-37.324142,6.791696,45.650715,55.913815,-44.836906,50.13177,-26.12791
-59.767147,19.481628,-19.12486,-51.721004,14.29317,40.716774,52.9083,11.836579,53.392525,-24.629208
-5.5387936,-15.795634,-50.794018,-71.453255,-10.707353,-4.166731,9.755382,10.047521,-40.793987,6.573949
-44.401913,19.798521,-31.509394,-61.164528,27.916214,60.43854,56.347057,5.400304,47.705383,-53.222942
-27.873726,-60.308666,6.235346,-4.920432,6.178077,-49.325882,89.02103,-15.276108,-34.80766,-22.449766
-36.955284,22.564154,-62.59046,-49.037632,-21.301376,52.587193,48.401154,13.4842,77.78803,-67.869255
28.877588,-49.607014,-23.274837,-41.358475,-60.17248,-15.645414,-25.271564,-19.516329,-21.922342,41.819645
34.432663,-10.407337,-45.45624,-49.84626,26.143997,-5.496432,9.25626,-14.181124,-68.584114,37.110527
-28.478054,-62.534725,9.836146,-15.005253,-2.4436088,-78.266075,75.50225,-26.283792,-25.986633,-7.0306325
28.256691,3.657425,-7.338038,-0.8517488,-22.051947,-31.586172,-20.444345,-4.1617846,-34.900223,-43.488697
-15.319016,-33.837486,-8.352023,-15.019921,28.504683,-61.069263,33.79623,-42.37073,-12.502229,-5.2622223
50.28581,18.965363,-1.9010354,23.843035,3.2086873,-31.756826,-12.51848,23.749338,1.4755999,-65.71434
-18.76101,47.695824,-80.19688,-43.803707,8.8232,72.72588,40.43241,-7.7850494,19.104687,-40.293102
-36.620167,17.273432,-13.871764,7.618438,5.3166056,33.479927,41.58858,-65.815056,24.37426,-28.272675
-15.103259,-86.04172,33.525238,-50.840603,49.044933,5.3106794,56.398144,-58.986816,56.638897,10.827769
37.867508,0.4175467,-39.87688,-46.839027,-11.81608,-30.79548,18.252613,-34.166622,-56.15366,38.51599
-38.235134,-25.29176,-15.028321,-48.167908,33.117035,34.05209,10.243599,14.611123,57.367588,-50.96219
-34.716717,-26.850134,-18.069721,-16.30985,31.164837,-22.938148,38.638474,-61.14968,48.171787,2.2352216
-21.643637,-51.10546,-16.267683,-36.05987,-19.716728,-30.538418,-11.937604,-48.356915,-30.124949,12.701429
23.89159,5.8331027,23.240885,-19.771915,22.516273,-58.813725,-49.13961,62.89106,-27.276703,-71.81375
-28.836208,-33.170696,20.636587,-8.557094,33.89937,-67.93398,41.25002,-52.565647,-7.6859384,-6.6686974
-11.223318,-20.109573,-41.271168,-55.27609,-39.303707,35.381664,-14.797748,10.37523,-37.208862,16.485321
3.0349395,-29.187784,17.31023,14.457337,22.783432,-23.108614,45.079414,-62.127037,-45.273033,-28.766243
7.4388647,-3.1942618,58.921898,25.339754,1.0826827,-66.061676,-16.819626,-0.8859455,23.131006,-59.589462
13.40471,17.220207,33.47126,6.021865,17.627108,1.6169721,-36.758762,-35.451035,0.38571134,-78.11735
-3.590415,-21.942995,-11.089353,12.589313,21.36405,-49.84529,53.827972,-42.048603,-44.570435,-34.79952
-38.169945,-39.1544,20.631681,-23.39098,28.245655,-56.231297,51.87113,-44.3923,-36.204098,-27.903162
-9.116658,20.62911,22.461985,-35.500126,12.662428,-7.8623343,29.14086,14.729392,23.590778,-21.255625
-47.788948,-23.562943,15.483382,14.830831,8.895685,-44.977768,13.293064,2.1962795,-4.661491,-33.86692
6.975255,-12.487407,-18.896143,0.1928469,-34.08432,-46.58386,-10.268527,15.365197,-7.922317,-59.82922
-30.251617,-39.849094,6.3745475,-29.927847,-21.631723,-38.23659,57.10704,-1.4451094,-17.589699,15.610616
-59.73745,43.91809,46.033264,16.775955,-12.40474,-48.196144,-12.223175,24.299986,-16.100523,-66.87267
-11.937393,-69.167336,5.122257,-28.130053,23.959934,2.137689,44.78064,-36.26563,76.65272,9.209948
-54.994316,-7.191858,-35.742897,-60.49722,15.858173,50.999546,20.474037,16.663576,74.91659,-36.66847
-35.28606,-25.390188,-36.36925,-28.485004,-14.492315,-5.388337,-78.847244,-23.245144,-25.301016,-12.152866
17.421633,17.863262,-11.309645,29.910753,1.846971,-46.106197,-0.49891314,1.3938106,-10.485628,-73.351204
38.19556,23.87165,-8.837854,25.628592,-7.1997905,-48.05663,-11.626437,10.517133,0.14345613,-67.73082
-0.92654836,-56.27943,-25.024792,-27.287325,-2.424639,-43.356968,38.863068,11.076615,-24.266333,25.56295
-22.18303,-71.892975,19.154772,-52.66787,47.06249,8.49876,41.885277,-53.343643,81.71986,20.459944
-16.610083,-27.323977,-34.4005,-79.430855,-39.27368,-40.7379,-43.010708,33.376476,-36.513985,49.07072
-12.113759,-24.370396,13.114299,-16.992115,-25.021458,-49.886883,21.7249,-31.000776,-37.655235,-31.912867
-5.2457113,28.532774,-37.756252,-63.36853,-4.1942806,61.84158,1.766917,11.750039,-43.347157,20.84993
-18.507706,10.328451,-47.64897,-65.419975,-23.157295,-56.807903,-6.843269,13.118571,-25.263365,-3.298415
7.929547,33.05307,38.70973,12.511445,-24.58597,-25.341188,-52.575703,-27.624563,7.359959,-25.388493
16.412956,5.7525115,30.350939,16.59099,0.55851823,-70.686134,-64.66561,-10.885843,24.36222,-25.350893
-20.479801,-63.899967,-24.400267,-29.651632,15.526421,8.523952,60.785233,-30.154858,69.69431,-8.557841
-23.7615,-53.055634,-5.659988,-26.194984,54.199596,8.457911,57.623047,-43.497776,71.55387,32.83771
27.304907,5.0257864,-44.023273,-88.29646,-5.0859704,7.6172833,7.879771,20.9398,-64.02109,39.941074
54.741005,-22.432259,-7.2217565,-33.15255,14.165513,7.8738103,37.20629,-36.07792,-50.97334,44.715366
-26.530594,-58.794582,12.497842,11.320653,-55.90285,-51.05861,69.16755,-6.886145,-36.791534,7.5827475
-14.3156395,-2.8707173,-49.799915,-63.364647,-24.38516,34.04944,45.09382,-10.7954445,-22.542582,-2.4545894
-25.795893,-8.705825,6.03438,17.600615,33.205364,-42.394352,22.318792,-39.36853,-12.044911,-29.943308
-4.75777,10.597181,37.278538,14.911094,-5.05193,-34.630905,-20.433018,65.3924,6.1695547,-47.610527
-18.675735,-18.470953,20.223082,0.8404983,46.891144,-21.10949,58.733673,-9.604951,31.8626,9.77036
-20.685898,-41.685223,-1.5042137,-59.690662,-45.017826,16.734362,-0.22353949,-11.880438,-17.563944,28.748173
8.688748,-26.427471,1.8756582,-16.089258,6.254295,-48.6379,-21.470297,39.382187,25.482687,-31.07179
19.332846,-1.1759609,-40.839962,-91.1497,-29.246618,1.5559632,1.162869,20.00098,-70.239975,39.737377
-7.093059,-31.985182,-1.7909417,-25.009806,43.32166,-37.79326,57.62562,-88.95199,78.91127,12.334854
27.56182,16.953924,35.08093,-32.15955,-28.685741,-17.400518,-19.253132,-13.618766,7.9779944,-72.873375
-55.16788,-27.267647,-55.4374,-63.15011,-44.32523,8.981392,-40.464527,26.478367,-28.63277,5.928813
-22.593258,-19.694141,-38.465214,-47.754578,15.116976,45.14046,42.61298,37.700165,-27.325806,-38.69922
-10.205521,-21.609076,12.757526,-20.493286,28.395123,-39.67832,46.168427,-71.2098,-13.334648,-36.91185
34.094017,20.2528,0.12837088,-19.288933,3.1187646,-32.25443,-42.20042,34.307278,-24.941881,-55.77874
-33.402603,-33.11785,13.208517,3.7880344,37.826794,-52.2488,56.47761,-52.380478,-43.35412,-27.968695
-27.938566,-4.2731824,-16.89536,5.858635,20.855867,-41.411617,52.88997,-25.37447,-8.02201,5.8561974
-21.486029,-41.35439,-54.030838,-47.539825,-9.4199705,-39.7308,-55.850334,-8.425056,-52.493984,26.318691
-16.404278,20.077003,-58.24444,-44.612865,-18.291128,55.026745,45.06789,13.91917,78.04032,-35.65228
14.031547,-48.39123,-6.034954,-43.268482,-21.999596,1.1278728,24.939323,-36.027508,10.894544,79.11628
11.282101,10.17695,22.332275,11.896573,4.7075205,-66.45764,-68.006546,-13.054708,22.739794,-20.30909
-3.1511457,-62.9571,13.231884,13.0886965,-31.732222,-37.491684,65.219536,-34.287098,-26.893995,-12.067605
-18.276083,-72.0351,18.27905,-4.355431,42.09925,-30.352564,30.51128,8.860183,20.50717,8.060235
25.984098,-59.163322,-21.301992,-63.870445,41.754875,-2.9713352,21.535444,-29.169973,75.746925,31.593315
-64.89645,-54.95436,49.524292,21.738575,16.936594,-55.25292,61.228256,-26.417517,-47.260216,-5.720732
-33.608906,25.18927,4.804408,-7.558556,-26.970953,29.834661,19.512108,1.1491002,30.692322,-41.492588
2.1479213,3.4192762,47.03014,-8.466292,-5.402975,-55.404633,-6.7598705,41.106636,-24.425375,-56.923393
-9.808576,30.428276,-11.218054,-16.539707,4.7856784,34.268635,23.837683,1.2402942,56.231655,-39.65386
-9.793117,-20.13597,4.001377,12.632095,45.889503,-55.656975,23.076603,-33.03148,-54.278065,-0.4425157
35.74425,-29.181656,19.240852,-0.39771956,3.1851695,-33.300976,-42.031364,2.1313407,15.317276,-70.01136
-14.792479,-12.46034,-7.757147,-37.317673,-51.57273,20.414055,-17.535759,26.632715,-57.038437,21.920696
2.8501961,-15.752718,-59.97419,-74.09086,-17.79644,15.774126,24.24537,21.77376,-70.27449,13.527564
11.396517,12.217554,-19.30831,-18.550184,5.884561,31.93926,4.5196285,43.02821,-9.049783,-74.76682
26.656416,10.212611,6.846872,1.1126732,40.853043,-58.285313,-8.794551,24.044521,14.328095,-45.491974
-18.590378,-23.727163,-60.338764,-36.44303,-10.066564,0.67631805,-21.6489,-25.527582,-29.87974,1.6869481
-20.889063,42.939453,-12.717723,-52.525696,-8.879653,48.355595,17.580683,-18.468714,35.856007,-52.411343
27.534649,-64.19992,-9.607023,-50.713135,28.465782,-7.7306457,18.810411,-10.783181,83.02404,37.719585
-7.518809,8.670552,15.355212,-27.01346,2.8965828,-3.874107,20.35363,19.759178,38.072956,-39.752636
-29.863598,-47.924545,3.7531414,-3.8185456,14.095767,-49.063313,84.02543,-28.019024,-30.357912,-28.51039
20.50523,-10.251443,63.08346,-8.626347,8.913671,-40.76814,-0.8626235,24.546667,4.4810576,-69.40859
-29.951628,-20.173744,-30.60807,-11.189933,-3.3985786,-17.206984,2.0859203,1.3723445,-39.603474,19.11805
34.48522,18.011194,-3.9197614,11.576799,-7.9690757,-45.45389,-17.924404,2.5547626,-9.792855,-68.11006
-34.6719,-27.375082,-11.946165,-12.506161,-40.748158,-23.982552,-11.891327,-20.61563,-23.966125,14.774709
7.585568,-15.820951,16.294397,-4.506552,-7.360822,-27.432056,-14.884648,-2.1502004,-11.932693,-73.34467
22.942562,2.2857194,-62.49316,-11.336507,3.4233549,-51.495594,18.086287,-14.050518,-63.562153,37.188267
-24.861423,-6.345308,-32.425014,-53.138195,-18.548485,-47.270008,-28.438429,19.238585,-76.07329,47.72061
-2.1204345,-58.49638,-18.401436,-62.02999,44.521984,-6.0023828,10.610077,-48.242805,26.987135,6.4405537
-31.728188,-30.364485,-38.631863,-66.4696,-21.403543,4.168103,-21.637077,-27.410069,-34.39707,-6.664085
-23.030848,-33.4103,-33.04686,-28.16778,21.853731,3.990542,31.916237,-56.208706,110.57862,28.102112
-38.05277,-38.398167,8.27553,-26.776493,25.841534,5.287488,54.7254,-23.609833,-17.050287,-27.1644
-38.86955,35.59948,-48.46132,-40.252106,-14.307819,84.01798,24.774406,2.6124141,70.76408,-17.045818
-11.534455,27.80679,28.273796,12.119632,-29.853214,-28.199533,-21.601665,50.6389,-8.062942,-68.45867
1.3694441,-27.62916,-38.833984,-52.49649,-8.897544,15.026579,12.631141,-19.542912,0.8645011,-25.965424
-45.24181,30.57676,-44.64067,-57.7547,16.915419,55.229088,51.615307,2.5222898,58.3433,-31.04848
8.111923,-67.98678,-36.154194,-26.243454,-16.8589,-55.211376,21.692493,4.984869,-37.892,-0.64680696
-28.263163,-34.8876,-34.42688,-20.81158,-28.931524,14.048029,52.500355,29.004114,-4.9473004,-11.299644
-14.417766,-26.140305,-43.468502,-48.55545,31.677631,7.821444,35.02082,-1.6201886,70.32271,-30.234245
-49.263577,52.824623,22.310211,2.8006701,-54.158195,-82.4019,-30.29318,20.140476,-25.808195,-43.15068
-12.613229,-2.1496582,10.330408,-24.879063,6.5282764,-56.171173,-1.7449001,39.214577,-10.571764,-58.785393
20.416386,-70.50534,7.572879,-20.49297,-25.104733,13.547864,35.57613,-16.354763,45.052128,31.276192
-46.064465,-47.167137,-7.043886,-25.626316,22.094584,5.5724835,76.75334,-7.38418,51.040405,-22.888159
-26.720839,-13.649038,-30.738552,-32.382,-32.970757,20.361555,51.03996,-44.66675,-31.706894,15.500936
-32.12208,21.181297,-48.97702,-15.783191,-14.44898,66.20502,44.87537,-48.98137,23.23901,-9.628573
-9.164464,-44.150307,-29.92993,-39.122066,18.870287,4.2995343,53.91536,-41.702053,48.8046,5.4981146
-24.201092,-32.366165,-19.482447,-11.493881,3.9373307,-13.349716,14.401765,3.4707854,11.360027,23.101408
-52.971027,-56.498356,-4.0940356,-22.905735,23.86855,-4.1607046,65.199905,-10.191078,77.82313,-4.410306
12.592789,-58.05654,8.460246,-60.36886,60.337097,7.6927114,26.821678,-37.01327,56.541904,15.384461
3.4906056,-20.232256,-4.5172477,13.685542,-5.6969423,-62.524055,26.839094,-7.644286,-38.876537,-26.791761
-59.84511,32.915462,-41.428253,-49.22914,6.4803724,72.10217,29.21952,-0.5551504,82.92875,-18.055687
-52.490353,-21.04563,-30.735735,-40.401306,1.084722,69.49253,28.61079,32.561317,80.93955,-37.842625
-49.426476,-4.240974,-20.781013,-25.046354,-13.969523,72.24041,24.223389,22.20728,33.79919,-20.228704
3.1935139,-20.37052,-25.128443,-63.32646,-13.056218,17.82963,0.90591055,-35.90343,-61.112267,1.4559739
3.5448272,-10.120268,10.431031,-1.1067647,-10.871351,-56.747578,-6.693323,41.69836,7.030352,-55.68939
16.477802,44.046688,-6.8118796,-8.485292,-34.30061,-63.910862,-33.332333,13.829883,-16.085981,-63.2043
-50.6316,10.177469,0.9912602,-3.6124775,-18.366121,25.114267,41.937897,-16.9241,28.905651,-24.665785
-30.875883,45.184856,-38.629044,-28.826012,-2.1109831,51.622036,19.936031,-17.99937,54.320507,1.4283645
-42.090374,22.161934,-1.6274829,3.7478065,-32.66137,30.110313,27.304106,-0.6290247,35.15894,-38.298183
30.364458,69.29968,11.676556,-0.17142159,22.145174,-56.17515,-73.16442,17.597303,-11.835914,-48.412247
-42.25504,-30.490498,-22.265196,-15.749692,-14.753746,17.34724,84.2134,-5.9004297,53.21905,-10.519488
14.670293,-4.7829905,57.825264,33.443073,-7.361936,-71.42588,-25.645336,9.952282,6.5670037,-53.65625
7.1908274,7.0450253,24.073437,-2.262732,-1.239285,-35.82239,-14.992792,32.91783,-8.494926,-85.98717
-44.634007,41.995987,-77.24018,-39.682156,27.805151,56.29057,42.769707,27.468876,38.624096,-41.814533
-48.713715,21.603996,-58.936546,-32.270924,0.45056826,75.675385,13.62725,-12.755514,70.93685,-15.63986
6.1067367,-61.915237,-36.418888,-32.297142,22.761992,-20.091845,22.137234,-25.343307,76.76415,0.411906
-11.3341675,-31.849892,-9.380862,12.965869,-15.728235,-64.31146,-8.501933,-44.87712,-0.025539942,-35.003284
-23.593058,32.04142,-24.448002,-21.974705,-17.616232,16.536497,19.689293,-18.777224,48.1648,-42.534348
34.871887,-3.0938792,16.553068,-19.441772,-20.461445,-23.79415,-30.059666,8.144139,7.1477523,-79.03342
31.814924,5.840657,-28.629848,-53.224747,4.1799355,29.945448,-33.638145,-14.562291,-95.88215,36.435013
-36.281063,-20.406984,-38.1381,-30.440145,15.415526,32.49409,53.228542,8.871296,62.83589,-50.222183
-28.055004,-67.6196,-7.4875045,-34.4123,56.483864,-21.485086,32.678516,-25.331041,76.04971,12.9537
-41.92145,-56.602127,-2.7437048,5.2340326,-4.001311,-55.850254,84.714714,-47.30237,-6.6377225,-32.913242
-20.616179,-46.775486,16.24773,-13.266741,21.364973,-21.753809,32.411465,-1.3430073,-11.518585,-13.209676
2.9567072,-19.970327,-41.80172,-72.77738,-7.295549,-13.417484,-3.268275,6.3182063,-65.40594,13.173604
-11.200277,-65.15619,-17.597622,-53.693394,32.007275,23.072304,79.8766,-39.254112,32.103092,-0.7603848
-30.666334,-24.095259,-9.766737,2.4113913,-20.158873,-36.595627,69.091064,4.5395794,-37.45146,-34.86926
-29.24099,-86.21517,6.251581,-9.738603,51.08255,-15.289921,39.29928,-33.623234,30.7799,13.054637
-7.654895,-43.296974,-28.668795,6.8131,-7.704841,-62.61259,72.78481,-6.0817404,-42.43624,-26.450613
-16.285044,-55.76726,1.923956,-20.820995,21.68736,-21.948063,22.001717,-5.046405,24.022732,-7.384497
-12.249016,16.197544,-8.995747,-27.251629,-26.293962,26.059536,-4.2882066,15.059573,35.418644,-52.525497
9.114632,30.708542,19.744349,12.232396,-11.388958,-44.85042,-71.41209,-22.78279,-30.118011,-84.08099
66.05508,32.698883,-76.3279,-17.59171,-14.363789,6.9847283,-6.6345024,-5.422948,-39.131123,44.00269
-62.1037,-30.88064,-37.20201,-31.18304,29.827988,88.93863,38.359085,9.695337,46.97026,-52.03361
-63.78395,1.3551846,-14.860095,8.532649,1.7767894,25.789667,63.817535,-42.26143,28.761177,-16.077093
26.375038,-0.5600601,4.0597754,2.1673217,43.502995,-35.86242,16.313381,12.588031,21.31482,-21.417637
0.41046914,-10.507798,6.359413,-4.793807,-11.88714,-60.073288,10.476061,-37.55659,-41.441998,-41.15007
24.10307,4.054403,6.002669,-15.789408,15.517009,-47.750214,-39.291428,52.668156,-21.692438,-80.51085
-51.560513,-23.31889,-39.75933,-9.822697,1.124583,-1.6703682,18.61676,8.552204,61.941887,-32.960495
2.1895902,-54.577377,-9.416539,0.35880983,59.05887,31.253672,33.44389,-0.9489836,51.46875,-3.5041864
-32.530117,36.208824,-58.785465,-43.261227,11.2769375,34.99749,31.53623,26.600044,42.035213,-18.957685
-35.48889,3.2006664,-51.678146,-50.936504,13.840416,31.1886,37.987186,8.432143,53.50271,-53.72367
1.9493408,-42.808727,4.1404905,-23.979725,32.385426,-38.485638,15.730171,-24.426235,66.07484,-3.3295534
-22.627733,0.14795369,53.077126,3.0116415,8.670703,-5.6079116,12.925432,-37.40476,-31.81408,-56.872776
-52.638275,21.793173,-58.97726,-30.3555,5.473154,82.059814,34.020893,-23.031555,60.021595,-33.81875
-40.62408,-40.64295,9.599039,-19.151245,-10.335759,-67.49328,42.628307,-13.85305,-42.919655,-30.194542
-53.64557,-103.378395,12.5726385,-35.9875,34.239574,-12.015354,57.01987,-51.05209,56.70441,8.703595
42.423668,17.617838,22.585241,18.851534,14.089676,-56.857487,-38.650795,28.703995,-11.726733,-55.93144
19.569056,-77.07449,1.8764702,-46.659035,41.547485,-9.54121,36.032425,-46.89011,67.93255,36.82046
19.576025,6.121177,23.415741,43.55402,24.150576,-12.257739,-28.998674,25.40871,-0.005784382,-59.459858
-36.808147,-45.149025,-27.201862,-35.14065,22.941244,17.4299,52.56159,-24.585312,47.172894,42.19882
8.019119,-47.709484,-47.992565,-42.806057,0.26138383,-2.3234456,30.332964,-28.166595,40.792973,28.04912
-40.312553,27.419436,-44.625553,-42.7934,-19.39732,78.023254,33.55195,-8.417023,51.034206,-25.797382
-17.604826,-34.436943,-20.30477,-4.157058,-26.687963,-71.05256,35.225555,-23.442364,-35.615864,-17.97047
-9.347373,13.957068,32.572235,-5.410632,-42.05461,-27.921537,-26.134594,7.0622377,-5.743209,-60.639996
-30.259117,-29.332792,7.8338947,-3.6440756,19.686687,-74.129845,51.64346,-58.421906,-3.53297,-8.138563
-5.7563896,-43.74457,-49.078735,-32.959915,-6.283934,3.3964515,-30.939299,-13.053671,-63.452538,13.618698
-24.14562,-53.80088,-19.28882,-39.690464,7.383257,6.4231286,54.954853,-19.78321,58.780994,-25.443258
-0.51632804,-74.853836,-19.838814,-44.62608,26.782192,0.2988938,67.63492,-49.129635,73.94154,24.78592
-71.40814,51.59672,43.606724,25.955772,0.15303618,-33.844322,-41.852463,-5.99374,3.7494905,-78.72861
-6.422956,23.215221,-46.756157,-94.777504,-47.11638,-4.41475,-13.246491,22.192152,-42.821854,30.471851
-24.248726,-0.4835267,-27.627745,-57.177288,-3.343312,21.454191,41.90539,-1.9896919,-28.70906,1.0695798
15.579905,-24.43729,-21.566496,-37.57694,29.208097,-28.985281,-10.805847,14.468491,73.07398,13.417172
19.393448,-20.546204,-49.51562,-37.213642,-19.755625,-35.454323,-8.407949,-40.038162,-44.730785,31.175064
37.979073,-4.0703907,-55.10658,-90.53706,-19.14676,-20.139597,-3.0524144,-22.032288,-51.485023,40.901585
-20.467133,5.2211595,-50.58048,-10.0175705,28.6043,55.932846,38.6314,18.262997,42.579803,-46.96141
-27.759886,17.6932,-46.871857,-28.202164,-50.162045,57.8072,39.631874,14.183375,80.167015,-31.526815
-13.964582,-6.4556694,-15.487449,-4.8514285,28.537134,72.204575,69.09273,-21.644352,36.255093,-34.509888
-36.113453,0.852565,-25.336294,-36.391903,-16.618921,39.501617,23.416557,-34.478855,-48.954563,31.18829
8.103694,4.9236946,-1.4824696,24.136993,5.6540546,-42.03681,-26.960346,9.53535,1.3010536,-59.445175
5.4787006,-68.51146,-8.956538,-38.78041,30.311892,5.218061,73.52743,-58.514404,65.80013,19.921646
-19.444492,-40.240505,-26.582453,-55.480984,-31.197418,-35.41522,-22.753313,26.765285,-46.280827,40.058437
-25.855827,-43.653816,8.673783,-9.860613,37.781467,-49.128605,85.5584,-38.523666,-34.11203,-34.99238
-44.133076,-56.293945,-26.952353,-26.195124,15.369856,10.799729,90.04448,-7.2817783,56.169357,-1.4974271
-19.941076,17.745504,-18.216984,-19.744015,-2.2562833,-22.600697,-13.703488,7.093926,36.919594,-54.505177
-51.020664,-54.870155,-26.924585,-24.849752,19.468842,7.719399,37.894806,-28.059912,93.78317,36.97507
-21.251476,-26.434023,2.4680552,-27.462227,11.356185,-9.804623,33.98731,-9.187285,-1.4702326,-34.69166
-35.685696,-32.68892,0.1561166,12.266319,38.86799,-52.384377,51.244938,-49.24555,-13.897356,-19.273123
8.100893,-3.847734,36.202736,0.47659922,6.5319405,-46.817043,-2.4674103,33.83542,-3.9563065,-78.48724
-38.374413,-60.092133,11.938646,-27.594196,-5.378586,-83.27809,76.51144,10.775571,-22.83314,-17.516115
-14.71321,-46.330402,-40.166912,-51.456333,32.168877,34.877613,29.100544,-33.130802,59.879745,-21.27181
-16.95538,-80.93062,20.48041,-49.85189,21.753832,-8.587188,57.227516,-53.20912,41.368027,1.0536535
-53.91732,-31.375412,25.840929,-28.878069,-4.8434443,-19.436834,64.643684,-9.463496,0.19361177,15.683572
-22.809818,8.59295,-31.371778,-64.47398,8.408055,45.898045,39.45999,-1.3991469,37.64567,-54.933544
9.090648,-7.5411334,-48.12988,-41.522305,-12.369769,18.606928,37.879925,-3.306292,-1.9571979,12.738421
-29.293213,-61.06232,8.366368,-51.060795,47.108604,-6.1930513,36.67897,-36.381393,39.293186,8.506052
-35.58169,-37.224426,-38.432228,15.95283,-13.610438,-33.101597,55.818798,-5.410467,-10.875076,-18.794947
-39.450535,5.893525,-52.732086,-26.74815,39.651997,32.466446,48.696045,29.617851,34.809467,-30.06258
-24.949247,-53.78656,-6.471161,-24.615372,12.786205,-52.950336,84.811874,-1.2192492,-32.616688,-33.49785
13.225601,-55.328854,25.455942,-69.16529,39.808624,-2.5817158,21.980917,-34.095573,35.47131,21.478443
-7.3775268,18.137411,11.3839035,-8.671333,-37.11399,-43.28922,-37.33296,15.301001,-49.24014,6.9081497
-31.37851,16.039099,17.787481,-22.323572,-47.37943,-47.104538,-45.896656,3.3181,-25.275934,-25.948963
21.685566,12.542722,-50.019333,-86.19812,-14.744604,2.7186852,2.3687305,-6.7001004,-52.399612,22.746336
-34.140823,-46.145046,0.32263982,4.374345,22.418753,-66.40719,19.662643,-44.592934,-20.901384,-32.74173
-10.298745,-56.67983,-9.006952,-27.506317,24.589062,-29.757437,60.957996,-33.800213,52.55353,10.301677
-32.579887,6.23078,-71.45056,-56.902504,0.47055078,6.758734,-1.4414035,2.9320142,3.07914,-11.491803
8.332939,24.937916,17.561726,5.1156607,11.687986,-20.02657,-19.05757,-10.06285,12.467447,-65.08766
-4.8775697,-9.271772,-29.753168,-30.97978,-1.7285562,-4.1732225,18.056755,-17.01485,-32.633312,11.973765
-33.86848,17.723703,-49.97046,-57.728294,8.303998,62.909603,46.233032,-11.899695,36.3157,-56.441032
-40.37475,-70.53734,10.66008,13.973701,-24.65114,-61.28502,85.21707,0.7778725,-40.988266,1.6978652
12.398442,8.686123,6.3439097,7.445818,21.395662,-30.272877,-36.87653,11.425599,-2.9943132,-69.24435
-39.468796,32.623356,-58.85369,-39.025555,-4.8286777,58.79525,61.58038,3.3185952,65.70346,-64.34337
-43.56471,-51.118145,21.19269,-1.6589893,-12.431847,-32.683735,48.543835,-23.443665,-32.626106,5.959935
-36.461067,-9.205511,-25.318121,-30.4727,20.53098,60.63955,63.530975,-11.023653,36.00442,-49.936367
-33.35162,-84.981575,16.462175,5.185931,-3.5593555,-63.184643,58.448193,-35.182518,-29.032463,-31.04496
15.648178,7.590883,16.473145,-17.224813,0.1903655,-37.60998,-17.786774,-0.3411058,-1.3628602,-64.32185
-8.6481905,9.112183,7.3806624,3.275597,11.848386,-50.4544,-42.12589,48.127968,1.3950287,-65.23839
-28.607973,-90.58259,5.0981903,-66.440544,42.74073,-22.293278,6.8969917,-35.567448,72.39273,-6.207475
-34.217857,-23.50572,-7.916832,-22.936554,7.960573,-42.58123,13.252225,-36.930824,2.5173101,1.7856743
14.490658,-36.32941,3.724553,-14.914361,19.632435,-30.866756,-7.2850575,28.276339,49.584988,-20.335749
19.63955,-8.555453,-61.979122,-80.84824,-16.232754,-6.7066746,5.3433647,61.767582,-72.34942,27.952223
0.6379092,-18.326118,-40.724194,-27.904463,-18.702995,-1.2165928,19.586462,-42.452633,25.082024,41.68736
17.874012,15.230607,30.712542,2.99641,4.8788214,-1.8737248,-34.0788,-51.01399,-8.878233,-75.04103
-4.576127,-0.89925855,-26.185106,-30.796793,22.497477,-7.1317577,41.47034,-41.775936,9.420556,44.76447
4.9956627,12.899171,-34.20678,-50.63309,-24.982302,-9.311848,42.99404,8.821003,-66.96315,32.206722
-6.4958215,-18.945248,-20.208408,-27.337997,-21.035923,-40.329792,27.66319,8.797048,-8.832635,-87.49838
17.980492,-11.216351,41.205395,28.681814,7.6844835,-63.312702,-22.656088,8.421606,11.22832,-42.491436
-20.661942,8.857921,-34.47951,-2.2908645,-34.04546,60.66813,61.15184,-16.092512,46.66883,-37.706512
-36.203476,-62.28888,-6.333534,10.385988,-22.204264,-48.22442,81.076096,-45.748817,-19.451418,-40.29055
-23.664879,-29.74226,-49.385826,-37.157795,8.443187,14.4794445,24.416615,-19.64139,78.93247,-51.654697
-41.22008,1.9210043,2.2361317,-37.94435,-9.299254,28.7685,30.336113,6.9637327,54.883522,-36.94568
-35.365284,-48.828194,-1.3382059,-20.932127,59.736385,8.713156,30.245829,-46.159927,45.669445,0.18828487
-43.565117,-34.104954,-32.814873,0.4517815,-11.843573,-52.373814,81.89913,-34.48324,-28.87302,-37.03969
-27.26668,-57.358326,-8.205414,-13.479634,43.45433,8.781127,22.676004,-42.35217,44.845993,5.2348385
-40.170647,7.5701003,-38.773323,-17.484945,13.056517,-21.246904,9.41299,-2.1715581,-5.804844,63.513493
-53.78886,29.237448,-52.105915,-44.652252,18.957176,45.96276,55.100277,18.099289,30.025404,-46.844276
2.595338,10.120475,-34.390083,-61.790043,-15.6086035,-21.335815,31.317406,-13.879892,-72.88991,19.349232
-62.069496,-22.018429,-42.592598,-13.57778,-15.989229,52.378883,26.593586,8.218837,28.190853,-13.295075
-7.427669,-1.4547923,-32.088024,-21.0327,7.475211,-31.677477,13.577809,-23.151924,-42.41617,70.809944
-27.690563,12.426244,-67.80871,-33.212654,33.739143,22.416752,17.868446,27.573242,52.05171,0.24076724
5.77823,-3.3761797,-39.70734,-73.77572,13.387963,7.737244,14.624106,-2.081329,-75.42018,21.115162
45.759872,13.754583,-12.798423,-5.6394176,-11.568522,-42.0314,-13.406878,-10.487088,-40.813755,-59.562775
-27.17678,-47.016636,7.3161926,-15.466756,-19.263031,-49.269093,38.426704,-38.827156,-33.966343,-29.807274
-19.732412,-3.7438638,-61.710625,-48.851444,28.534266,28.97033,26.264551,2.7314947,63.525894,-32.699135
-48.908646,-63.49338,24.593813,-1.0790359,7.6793294,-53.772118,72.71762,-48.877575,-20.539076,-12.626361
-28.495285,-14.607018,-64.44444,-5.8128386,-4.2961664,-31.250353,-44.794125,16.31703,-4.5745716,23.401382
-35.0523,-40.37755,12.727667,-28.37728,16.519588,-24.949238,56.351162,-25.599426,-46.899467,-41.10257
-49.18675,14.672607,-50.80866,-25.508442,-32.015297,63.468693,27.10583,13.130687,13.28916,-0.57802325
-44.67909,-10.825743,-15.128833,-11.94447,-12.942252,45.966297,40.209072,-25.462494,14.531858,-45.082535
-37.65832,48.566704,-57.798916,-44.740112,-14.431571,88.70633,44.125412,11.989452,54.183163,-20.433712
30.94208,5.3479977,22.838861,24.823723,38.34417,-20.649557,-40.945644,28.59671,4.0354586,-66.92161
0.5224868,1.9302492,-29.957247,-5.3204684,27.972015,-54.01506,-10.318661,1.8145502,4.8126283,5.1850586
9.415012,-8.161903,19.39566,21.371094,-5.083214,-31.859192,-36.766075,-12.791801,4.1422744,-66.480774
-4.6698985,-13.2239065,3.0427418,16.474716,-29.694746,-72.52992,28.623886,-29.553123,-25.508575,-31.13616
-33.73463,-55.624798,0.57727003,-2.583671,-2.041133,-89.82355,45.49271,-7.0523295,-20.35214,10.101085
-26.936415,13.58699,-23.432697,-31.016924,2.5288887,77.83288,28.653852,18.137363,21.275587,-58.060066
-50.455696,-36.10313,-22.174402,8.89479,7.619047,-42.43411,65.8335,-2.8069844,-24.940807,-22.595936
-43.65166,19.61002,-62.148674,-18.499342,-4.934815,48.624416,54.575,-9.02916,36.606335,-38.249615
23.112518,-2.075005,-25.545109,-75.7536,16.20933,12.048765,48.23365,-35.151314,-8.349462,27.048307
-9.057112,-40.20288,-27.498503,-48.458546,1.2949295,27.848581,16.016531,41.303642,-54.6769,-9.824848
-16.32295,-8.599484,-35.021484,-64.02543,-45.326164,26.43332,9.338948,-31.650724,-53.50364,41.04415
34.06575,0.31960624,47.5542,25.49138,38.788677,-41.37105,-33.436428,40.519478,4.4356394,-61.645588
-8.269841,-11.1264,-39.990105,-83.224434,-33.73713,-5.544327,24.91959,7.86045,-50.347946,2.571819
-9.242952,-45.235752,-32.144512,-22.648338,25.56563,-10.397395,78.78376,-30.813807,48.314438,24.57322
-21.175018,-24.26177,-6.2803783,-20.740034,-4.970127,-63.353935,28.334824,-36.75232,-14.544744,-9.711129
-14.695637,15.006478,-10.372729,-14.762414,12.175623,-12.549313,-4.1004715,-43.7957,-14.813239,-27.305267
5.711695,-41.891537,-44.634937,-41.456585,-18.81392,-28.945238,-32.993942,-10.956088,-75.961975,32.859665
20.726007,22.828152,4.602112,12.608973,-15.57112,-38.70034,-38.380196,22.506174,3.0692866,-45.46367
27.276434,7.3102155,-38.089386,-69.01927,-6.9178443,16.96622,9.866017,-23.212515,-68.358345,35.14818
37.937233,11.805983,35.306828,9.676762,29.03705,-47.639305,-26.611229,30.586279,-26.159616,-66.55821
-39.30477,-17.798584,-26.654675,-16.284075,13.642904,12.284541,54.611076,-14.481919,76.67864,-15.446415
21.239634,-65.09745,-11.180532,-44.63919,40.2112,-12.254805,49.11751,-44.064327,78.80993,28.97144
6.09101,-54.774704,-22.710178,-18.951265,28.724115,4.2459493,59.074368,-30.8731,15.565462,25.0756
26.585255,-1.5899498,9.596004,-14.528239,7.3699245,-45.893383,-36.73668,55.206497,-7.872489,-76.76529
-18.670458,-3.3454354,-14.843393,-24.645765,14.379446,-23.991014,-11.578722,-26.765366,-27.456009,2.8466847
-19.95894,5.351564,-19.699097,-61.406662,-43.878365,-39.0422,-26.812834,40.95541,-33.485508,12.901389
-30.644403,-17.717611,7.868271,-1.1696652,27.623432,-37.16657,19.338938,-63.25892,-16.76057,-13.055648
-27.391212,-85.50265,8.797558,-16.61965,66.32875,3.9452472,50.41666,-25.109915,64.70655,18.478931
26.348742,38.11444,34.948765,-5.2888503,17.798393,-16.252691,-45.346016,-26.838129,-7.8539805,-82.37212
-51.627335,-69.1728,0.13982427,-27.924385,14.895647,4.21597,78.38581,-66.24258,63.89066,24.332094
26.605734,-16.08383,14.54801,-2.6111035,22.591585,-42.692505,-7.379287,41.038322,25.554932,-35.53231
6.6167073,7.0938563,5.912418,-21.47096,-10.499332,-33.820644,-10.22589,46.50781,14.264587,-60.350777
1.0329982,2.75139,-1.7470261,7.7269363,-7.74207,-42.113907,30.018314,-28.925255,-33.3341,-12.163097
2.8460696,-12.834623,2.230186,-21.11908,27.223625,-33.30141,20.109268,-9.715042,-31.009539,-67.839386
-5.63259,4.7845817,-5.464843,-31.146486,-7.511186,-47.59008,-1.3132211,-28.475904,-42.758247,-40.120373
-3.9654205,9.181641,-40.34807,-31.737705,-16.177637,63.623264,68.907875,-8.748525,60.204975,-34.234367
29.9417,45.307148,36.98654,0.07842171,-26.313772,18.15253,-24.149008,3.5862935,-13.869394,-73.85536
30.900785,-9.248974,27.948393,30.437468,8.624861,-49.18446,-42.930347,17.173014,9.947943,-44.663773
13.685455,7.200394,-63.234543,-42.405766,-15.527361,-29.012274,11.145884,-16.435505,-72.133194,24.776714
-37.70736,12.904636,-27.940573,-27.476995,-2.7519977,19.466957,20.45129,-44.567177,-22.62774,-14.504061
6.3155427,13.974192,6.553405,2.592822,-4.0933685,-27.408163,-12.726922,-14.239297,-13.079978,-30.314537
-32.87688,3.648727,-47.38354,-52.88504,35.737587,58.946457,41.616013,-14.680043,39.325012,-41.553276
-1.5170529,-68.71437,10.976327,-46.573597,16.170425,12.561321,77.93758,-23.504889,46.179348,23.428074
16.025532,23.694204,28.47584,39.096878,-17.45712,-50.563423,-24.292805,12.354107,-11.870438,-17.607708
9.042457,26.699194,8.690481,10.463687,-20.48124,-76.02488,-58.746872,1.9352243,-13.535759,-84.060074
-3.7559426,-26.33181,-46.491215,-81.64129,3.2174442,-2.5099404,-15.217389,57.969887,-69.43184,29.551828
-14.611592,-35.28983,11.155238,-34.743336,12.076979,-35.908756,52.996407,-27.293875,-42.032013,-50.75932
-20.048567,32.79242,-54.377342,-37.521084,-17.800594,69.46119,48.30067,1.3003877,77.93374,-52.437683
-42.043938,33.752403,-68.0918,-42.4952,8.435162,68.78931,48.024345,9.321193,54.72529,-46.581432
-31.837368,-31.64992,-23.517696,-4.245721,-21.610476,42.95823,39.39525,-45.96237,44.53497,-19.432028
-7.4926476,-44.91088,20.724617,-39.589172,25.82686,12.124252,48.04998,-78.32068,77.55433,13.240465
11.830891,-11.622603,-43.982742,-49.381004,4.405381,7.4483886,-7.0490036,-14.852693,-82.06744,36.85349
-27.06545,56.007767,-63.19594,-55.112873,2.8613002,73.79559,18.346485,4.3066072,37.89918,-16.751629
2.0180151,-49.95934,30.259312,-54.661304,63.029087,5.196116,33.403664,-47.570087,36.301693,9.679936
-25.387266,-46.901787,10.8646,-34.03238,78.45804,-6.6402617,28.132582,-35.974594,53.346767,-3.7837183
13.144564,10.1381645,13.1088705,11.7176695,26.735321,-36.053036,-44.525066,0.2933791,-14.93176,-59.343082
-24.532106,-2.500044,18.671316,11.033976,33.95043,-48.52368,24.7932,-44.30571,-21.854021,-30.08786
-40.972782,-48.57115,11.779765,-34.219738,-2.292746,-52.22353,33.207066,-38.21928,-16.804852,11.072492
-21.77613,-18.624651,-25.071527,-35.49215,0.88412875,-35.759346,-26.99678,-5.4674783,-26.114868,20.9169
-37.578453,-23.874773,0.42965317,37.151905,8.299037,-16.949856,29.280165,-27.324417,-22.58686,-64.12978
4.8651385,-35.56784,-6.613935,-1.3577801,-31.302229,-38.7459,22.13439,-4.4827266,-32.983044,-29.311098
-54.426327,-16.455397,-39.71481,-36.51759,30.811586,29.029264,56.003754,8.288175,32.973866,-27.453459
-15.499184,-69.13136,-16.522919,-66.19216,9.835464,-39.130592,23.584324,-10.723967,10.258562,5.225998
-16.96073,-66.90131,-22.25694,-22.657883,5.3098893,-7.136168,24.938013,-24.013311,40.62573,-19.237978
-40.97687,38.512604,-54.89265,-34.68267,-17.453636,64.58843,60.64555,-35.602596,64.00237,-46.894897
4.729443,-51.91739,-11.09216,-32.19707,43.10426,-17.069769,57.292473,-53.673874,74.23811,18.336823
21.36441,8.881909,32.15517,-3.4538395,13.235056,-18.249435,-8.561854,-0.31790867,13.673679,-57.10745
20.60126,19.727432,0.5836146,12.173424,2.0259378,-26.956673,-18.552088,0.37590066,1.2843846,-27.54197
-8.49791,4.247819,-44.885006,-99.07358,-12.996151,-18.770218,10.028494,1.4667767,-55.948444,3.6272743
21.464832,-5.0917263,-8.59643,-20.178017,24.447004,-47.061584,-74.368126,12.20018,-13.814125,-35.17141
20.895838,-16.582098,8.299183,5.349027,10.324011,-54.826054,-1.8249412,20.32141,2.070401,-57.040905
-37.566387,31.285631,-60.67497,-20.61389,-9.673147,87.74204,21.710085,-41.37332,51.55302,-10.962982
-31.20799,-46.613308,24.788708,-19.641783,25.663673,-65.20094,61.361946,-49.716095,0.211332,-10.355248
14.327082,2.9497848,52.647305,39.8656,-6.2564573,-67.08114,-28.457674,0.5444182,7.8246026,-64.6379
-44.565296,33.599133,-38.73398,-17.217258,-10.917191,56.23946,48.43011,-30.0297,66.60779,-46.35472
3.151908,-70.831924,-2.7730541,-37.11194,51.63383,-1.3775228,42.911312,-42.848186,62.15385,17.7071
24.081789,12.588765,-10.196554,21.444233,-2.649073,-28.264193,-47.691784,29.227798,6.50954,-45.693474
-27.696693,-97.30171,13.232363,-11.679086,37.196064,-41.159492,47.692173,14.776492,9.68952,32.37074
1.7616138,9.627162,-47.15157,-101.458046,-16.774765,-10.784997,11.559431,-11.463089,-56.899185,21.1366
-15.888841,-22.131104,-43.05482,-1.5009253,15.004169,14.928837,37.763027,-17.804325,31.908724,45.26106
-15.25966,-67.71293,9.752413,-13.212739,44.01272,4.903341,54.18403,-33.568024,74.73389,20.455196
-8.178871,-72.38653,-18.976982,-31.3863,50.296665,-5.4388084,37.86014,-21.886486,56.2112,-8.237261
11.413998,13.840692,-5.516444,37.395172,6.1402006,-37.07147,-3.970207,-5.7888227,-3.5660045,-63.59555
-53.294678,-21.323336,1.7816824,0.95441353,3.9776933,35.94478,22.086348,-34.1252,11.417395,-41.533367
-12.310179,-53.454674,-34.143814,-44.148014,9.929342,21.251162,79.7818,-19.662931,18.305513,-8.49838
-58.34519,36.720608,-35.216465,-53.51838,-15.958174,68.59361,44.821056,19.49078,81.736084,-12.649556
-41.41955,-34.91355,-31.360416,-41.954304,31.42701,25.65844,52.235584,-14.779633,35.000065,-51.2693
4.4495916,-54.973812,-23.25797,-34.885498,25.863462,6.0688186,77.22259,-48.24281,59.268208,29.598616
-0.48403794,-16.997091,7.3002768,13.103239,24.527845,-50.35057,25.679161,-64.02607,-0.8513771,-54.103798
15.080808,-40.686584,16.437208,5.771894,-15.222816,-4.8601437,58.356926,-59.27472,-57.69058,-20.12341
22.44445,-9.461998,-2.0251539,-21.174427,9.9123745,-48.70096,-23.074259,48.98924,12.586485,-23.908955
4.913513,-40.75326,3.7817235,-25.889885,-6.603969,-29.96412,28.847872,5.1726775,-1.2838274,-65.37744
-0.03798753,-13.754353,-76.331856,-40.826527,26.134686,14.07688,0.69859487,-31.401978,5.9778523,20.776337
-7.3500657,38.304974,-55.209534,-43.963444,5.179573,38.01179,17.945257,-37.299194,65.80885,6.894266
11.523562,-27.33809,-93.85141,-49.036423,26.63151,-95.16976,5.8391714,-35.482628,-49.367867,5.614603
-16.302252,-18.470346,20.16697,1.201639,-1.1398774,-54.66844,44.3064,-42.198742,-15.023003,-30.186384
-13.383063,-36.413067,17.580475,21.92458,24.787489,-61.472122,82.35947,-49.59123,-49.885197,-11.48081
-11.47265,9.302154,-40.493996,-62.801815,-41.707497,-73.12751,-41.798946,42.28473,-48.008694,6.3686943
57.900154,1.2835004,-50.701954,-55.314766,-10.928982,-15.127116,10.836173,-15.159921,-49.882988,57.132084
-38.543926,-45.226933,21.774586,10.543864,5.3117366,-13.120895,36.108524,-31.68727,-21.924896,-42.880543
-50.42702,18.605637,-45.878674,-57.5345,14.040109,60.327812,33.97221,3.3441095,57.48971,-49.52364
-23.856152,-69.29599,3.6634946,4.640712,-13.5410185,-72.103836,70.557274,-35.053585,-31.42285,-27.46096
-33.610508,-0.41501793,-59.603428,-59.991688,-0.089077204,12.794791,-12.993797,-7.6776533,-59.94739,17.058804
-29.796938,-60.455315,-5.466611,-12.06368,10.683598,19.301321,53.256504,-39.921585,88.64988,4.4706774
34.140068,2.0029912,14.49067,-30.858215,14.259126,-37.477985,-47.028046,41.86567,-11.505623,-72.16501
-11.864768,-6.3651056,22.245947,-5.7325344,14.186587,-31.869976,-6.2633634,-41.411846,-16.177902,-57.037285
-57.74666,-45.542053,15.6597395,-19.412954,37.973125,-64.14079,41.560417,-0.24960119,-34.857628,-23.437674
-54.829178,-47.22531,-26.581966,-7.7120657,28.306501,17.101614,39.065907,-25.535223,86.04516,47.08244
-31.945312,-44.73292,-5.730784,-26.801958,13.596802,-63.333977,3.9413095,-22.588549,-28.62418,14.788388
0.3893407,5.212991,-38.77931,-32.21716,-31.040545,-25.439634,13.238473,9.156248,-62.404003,48.81873
-48.672024,1.5715165,-49.17689,-20.27312,15.807547,9.517511,41.57349,4.4387765,76.1175,-34.892097
-5.444505,-66.06689,12.885179,-72.01411,20.601778,-24.022272,14.99506,-35.389713,11.419407,13.197259
-11.054214,-23.75224,-59.10337,-25.22448,51.79804,31.718637,24.893007,1.5603262,73.10262,-14.072947
4.34962,-6.090069,-18.358599,-27.775244,17.633286,-50.286953,-8.083198,45.9656,19.745869,8.452666
28.068415,21.25522,37.430885,-9.381609,15.011865,-55.58478,-33.8931,46.345863,-29.316467,-68.97365
22.493456,4.7294145,10.181409,-27.209274,-51.306175,-21.104156,-35.303764,7.803405,-14.1033945,-60.130676
-26.25223,-34.651043,-7.532282,5.444845,-25.245243,-49.468475,51.617832,-57.203667,-22.149597,-41.20913
-54.48144,-7.559182,54.79337,13.444632,31.056932,-32.101357,81.8804,-45.446663,-11.211,-15.41371
-20.49253,-3.562052,-20.640036,21.233765,12.306454,-8.590211,74.464836,-76.66249,-4.570911,-27.759245
-8.020193,4.14927,-13.34506,35.72269,22.48798,-20.214703,73.68619,-50.507866,-22.362268,-57.958263
29.093143,-6.6754184,-26.238811,-55.95243,-3.5582056,44.951996,-5.8249288,-26.011635,-93.26518,32.673386
8.842331,-68.34787,15.042998,-73.38217,11.76845,-11.431612,4.149885,-49.485622,10.789896,16.173973
-27.009352,-13.208938,-1.7654271,0.26873672,30.164852,-64.895485,41.25596,-32.971966,-9.149275,-11.521236
-39.51475,9.315036,-56.14946,-43.491997,-17.202246,31.230486,16.823336,-41.985477,-22.321756,15.146356
-40.308437,-28.322985,12.633645,27.104645,25.515934,-35.069046,68.520355,-61.53298,-40.772,-39.4122
-20.07946,-57.602516,26.197615,-52.987194,54.077473,19.02568,57.099537,-53.90232,73.496056,25.962957
-15.160979,2.5518076,0.96538925,-4.7136564,19.184063,13.226695,-11.802747,8.427525,44.41828,-61.406067
-3.6247725,-15.985816,-35.565746,-85.01474,-16.146011,4.075578,34.693264,-10.613323,-42.68682,4.7136374
0.05904168,-73.12188,-17.587341,-37.83906,5.021681,11.578836,43.77932,-41.161793,53.309948,1.2756393
-47.572052,5.733829,-50.7692,-35.206432,20.51266,68.196175,65.66677,-33.2032,30.114939,-52.94612
37.00153,-4.319802,19.588326,-18.074903,12.742942,-2.0011294,-38.543037,12.704938,-6.4079967,-65.99604
-6.8103724,4.8687096,-48.68432,-47.177498,-16.315254,33.520687,12.978921,-17.701618,-45.209137,3.1214511
-9.664124,-76.14272,35.883102,-52.310715,49.07677,-7.5240335,31.390312,-56.62526,42.16432,-0.7669145
5.046408,8.66446,-90.27559,-66.222466,8.651052,43.452477,22.481527,0.6937298,-13.700106,-0.4673089
-6.176264,-55.74767,-37.148773,13.293106,-1.8250062,-48.417686,68.45099,-48.608067,-12.441518,-48.264942
-14.869513,-30.08296,-44.843132,-18.828753,32.068066,35.646545,16.323797,-41.172565,29.748533,6.3640776
-32.43416,19.958202,-50.161392,-46.00578,7.533265,46.42834,66.104034,19.643953,52.21278,-47.490673
-59.59678,34.600876,-41.69375,-43.819996,8.80939,68.3414,35.26216,-13.698574,84.4015,-19.696825
-47.0992,24.533403,-60.70391,-27.254864,-1.8652492,52.09056,58.012325,-41.164227,66.310974,-42.527256
-56.4282,-15.947005,-15.866097,-22.270018,0.60348326,15.958256,54.8931,-3.2523065,34.392864,11.093248
-17.09131,-20.095646,-45.001892,-46.474518,14.762799,4.8685417,17.264183,-13.236729,32.67896,-36.609715
-39.19448,-39.831127,-2.836867,-12.944186,22.127674,-77.00041,6.963293,24.143322,-23.26468,17.657976
-5.7054834,-61.851433,-8.442096,-39.265533,32.289616,-0.33492425,53.693123,-48.20223,90.730095,25.042036
-18.984545,22.804596,-33.128914,6.8185616,-39.545883,-66.03008,-59.968296,17.152763,-5.434269,-47.71312
-44.024357,-8.555755,-49.436043,-43.740265,-44.698997,-31.297022,-40.973988,31.01376,-44.155712,-8.117855
12.38245,-23.448156,11.473782,16.980387,28.693567,-67.226364,-29.061077,-37.43015,4.6607337,-47.883743
14.689165,13.749043,29.955524,-22.5227,-5.651536,-40.714245,-15.451764,-18.270277,11.489842,-77.58141
30.021854,-14.277723,4.797643,-26.179256,-23.063923,-45.0821,-40.29066,1.9931732,12.133439,-65.58547
27.994547,24.129251,-39.53769,-83.35808,-41.70851,-18.417494,1.7999235,18.865816,-61.666855,31.646427
0.17279825,9.880086,-49.57897,-82.90286,-26.362692,1.545571,-26.796711,16.154947,-38.297276,26.075787
-21.30237,-16.089914,-24.890316,-41.43384,-7.440269,-58.914318,-4.6941557,-27.64382,-61.419334,-12.898318
-15.912034,-37.79484,-25.764841,-38.49465,28.063665,-27.553213,48.461544,-73.160706,85.49769,21.41371
14.900311,9.213364,6.2337966,-33.003155,-8.326395,-34.976498,-15.0835085,34.556572,8.438416,-50.160988
-25.373297,-102.93742,20.953835,-23.393532,66.21934,7.6331563,54.899017,-26.172863,39.887577,-6.3632708
-53.309536,5.327456,-37.75632,-33.806126,4.7175045,68.32668,47.77165,3.8103886,26.947954,-55.735
-14.991814,-47.883316,-27.736013,-3.5967917,0.038479626,-51.380272,55.838478,-62.267548,-33.498432,-51.906445
-3.1445374,-57.491795,-5.255961,-45.50484,19.543219,11.021365,60.027462,-35.49156,59.992264,-5.053159
23.990763,0.0072714686,-50.278915,-61.428772,-29.785507,16.451134,27.699799,5.910302,-52.577282,30.414045
32.11097,18.13175,-38.88271,-47.95488,-17.576736,-9.432422,22.526825,-11.559744,-92.47246,48.63229
11.809792,42.924496,37.914036,-6.721567,17.59995,-65.517235,-78.77173,-59.662136,39.206264,-22.672205
-29.012453,10.322312,-5.879408,-41.29614,-17.11197,33.40513,21.16111,14.92351,51.171734,-26.54589
-3.1525009,13.609134,49.533524,-4.290442,3.756592,5.278612,-2.7269099,-35.713085,-27.509642,-58.53604
19.810362,-45.535408,7.279351,-17.791353,48.9106,2.1363592,33.910046,15.327964,60.44344,33.601543
-6.1398177,30.04549,26.8298,27.900282,4.897664,-53.929737,-78.91047,-17.898922,-6.06263,-114.2996
-24.351074,-43.09366,-5.0913296,17.70291,39.371017,-61.658325,99.28502,-60.067043,-17.239214,-22.61009
-10.148323,-57.4265,-13.448561,-0.08522424,9.733841,-55.018456,54.486828,-60.107292,-27.905373,-56.790325
-57.56014,-40.188953,-4.9783463,4.432741,-0.4175226,-33.112667,77.43748,-19.115915,0.0672771,-22.79291
-26.756575,31.332153,-54.16432,-53.797573,2.1933892,72.81646,23.738089,-1.841527,17.906025,-33.35612
12.864795,-30.068947,17.231934,-10.163072,14.173742,-38.693913,-17.717585,50.410225,42.586643,-24.462608
12.0772295,2.1476264,-44.072315,-84.45861,-7.530846,-18.15843,55.650303,-12.287862,-55.24721,9.833
4.9254837,-16.10299,-62.44724,-75.644196,-59.817936,-20.80664,-18.300604,16.960815,-48.476112,42.462975
-38.51876,-61.116325,7.8536377,-10.583647,36.693016,-18.01963,54.447453,-53.309223,64.71083,-53.93454
22.10083,-74.33159,11.250463,-8.635756,70.80359,13.550188,52.817295,-52.41306,62.43012,26.603619
-35.02684,-77.43831,13.999604,-45.947594,31.679586,1.355404,78.49192,-30.985617,49.71075,6.0639734
-27.984194,32.146954,-63.835815,-51.00673,-31.187029,57.613743,39.35833,11.260074,66.826416,-30.224924
-37.378662,-25.258781,8.631621,5.8234286,2.4839733,-44.05531,55.909668,-55.89867,-6.8008456,-46.223343
-23.672667,-46.340904,-26.280197,-23.591196,6.402155,-15.085987,44.197887,-25.25494,69.827324,17.555845
-36.7289,7.573672,-56.767315,-35.72464,-15.171634,2.1292791,-7.147036,-0.39234608,46.48012,-39.38036
26.878618,32.25153,37.56933,-4.000074,21.458508,-0.57478225,-34.54428,-28.749157,-10.09005,-79.53829
-41.07134,-13.527906,-1.6698675,24.389503,22.948805,-42.64488,59.33595,-28.979155,-34.230045,-54.46539
20.782604,14.804592,47.159424,-7.675495,13.058635,16.053154,-43.016117,-15.240352,-9.082907,-71.572266
-21.285116,-60.661167,1.7758147,-23.635662,17.17843,-57.657295,81.344,-4.1388507,-58.4151,-25.259258
-14.27226,-13.936682,-83.77674,-33.305973,1.4370215,37.355717,-13.1776285,-22.787903,-21.481771,-3.6000695
-49.724186,-39.595978,-6.89774,5.731838,-22.832838,-40.953617,70.72861,0.026944796,-38.507378,-18.76617
-43.072113,12.175201,-37.444878,-67.04813,16.514618,60.118774,37.137424,12.177835,69.17861,-52.008766
-0.681161,-75.804245,-5.2096753,-21.871273,29.502398,5.265643,38.700005,-30.620598,89.728096,5.4350147
-14.690444,33.37158,3.78749,3.1678658,-9.935102,-57.32839,-55.81486,11.2457905,-41.10622,-103.2863
38.2705,-25.531467,18.160797,-27.227057,-13.295194,-2.7233698,-27.178825,6.1060977,10.082817,-74.33147
0.7523579,-2.417745,-51.61075,-15.509736,13.55186,40.57742,40.030895,17.551842,-7.5282836,-81.79918
-27.584501,-65.969185,-2.7167974,-45.321346,21.181087,-25.64132,26.951271,-41.312218,18.124182,11.659589
-23.761194,-63.980286,2.8434448,-30.895458,22.302141,-2.4868245,59.62964,-44.721592,63.99261,18.728798
-11.11366,1.5888791,-39.109856,-10.431315,36.358807,58.140152,48.925625,20.938124,26.498634,-42.199566
-22.102488,-26.489643,16.37679,-31.187248,-32.12048,-55.056664,17.141312,-22.57966,-32.71477,-14.542018
28.605474,22.773735,40.543568,-27.83348,11.856203,1.8029364,-35.23213,17.233551,-10.213061,-70.85839
2.3250375,-48.844517,-46.563885,-34.94711,17.077318,-4.292793,16.376492,-27.20643,104.26383,11.637716
-48.761154,-66.75101,-14.788484,-9.861142,15.422605,5.128745,68.17137,-28.826738,57.739582,22.213722
-9.278574,-45.46104,-4.5907335,-71.092995,57.57585,5.5170546,9.977054,-41.02797,17.854523,-6.8807883
-25.257483,19.692717,-33.08987,-34.788452,-20.082525,62.440536,30.415667,-7.823328,70.225525,-26.397154
-4.283753,10.71595,16.345959,-10.587163,7.9921737,-34.72705,-40.984924,36.857006,11.386205,-38.58982
34.38821,-14.971512,13.651974,11.923815,-5.1424007,-56.261395,-60.274925,7.048945,13.055937,-37.346214
-40.456142,-64.999535,4.065926,-7.17349,26.658207,-89.1969,65.40121,-20.601961,-8.216848,-28.852564
-9.338406,-40.243034,-36.579937,-16.027714,-20.0106,-21.267303,-14.863453,8.124622,-49.32407,36.609665
-78.08412,-4.6789827,-28.983292,-2.5265658,22.068237,-32.702618,78.15091,-16.16172,-55.835846,-23.26315
47.74742,7.788573,34.763752,31.992691,21.622627,-43.936913,-42.068295,26.538128,-9.467859,-56.825386
9.872749,-20.426453,-49.884228,-1.1463192,7.998612,-40.46053,16.761559,-26.3932,-16.814827,46.220562
24.500916,-25.594282,-23.464977,-14.673108,-6.50344,-28.94625,13.321788,-12.280782,-68.60314,54.912266
-7.7026544,-49.16424,-22.033323,-21.757488,-14.797281,-23.709923,-4.046865,6.807013,-45.03025,52.167164
-43.29671,-46.474163,6.1933384,12.1899185,12.124826,-43.045685,64.87854,-74.58693,-31.23849,-53.09918
31.572233,-3.4352245,15.661611,-21.878887,-11.809798,-18.464766,-31.618792,4.098621,3.7302234,-72.76052
-6.9326377,-32.740055,-21.698854,1.0157627,23.654211,44.27676,18.414505,-36.87425,87.26991,14.92376
-23.439816,-59.850403,-3.3456907,-9.283477,17.509594,12.549014,71.71753,10.6128025,63.38889,-15.567145
-2.2877939,-33.466675,-39.618782,-3.5913613,16.318026,-8.567182,46.372726,-12.942089,15.84505,28.055655
39.71344,-0.18405381,-13.47841,-37.304623,-20.37891,-29.924833,-24.699165,12.632525,-3.9084995,-75.45391
-0.27817714,-70.30466,18.57537,-25.715261,41.98521,21.779884,46.55155,-37.396923,77.095055,-4.7448716
-1.4353741,24.83461,21.289764,-38.773037,9.191504,-16.26039,20.900806,33.383526,13.009642,-57.005234
-40.839245,-45.863358,10.874756,4.692614,35.606594,-51.376343,60.370388,-36.529778,-20.492695,-23.603668
35.99372,16.517675,37.410515,-30.404955,-21.055223,-6.786389,-35.37036,18.115194,-32.70522,-81.17587
-55.835743,14.10922,-28.67682,-2.7804577,-27.317492,54.165665,55.1904,-7.2871943,40.647686,-29.234632
-24.032612,-36.589535,29.987003,-10.3029,3.1038966,-6.505814,68.63876,-22.204733,-32.626827,-29.64134
27.450676,17.56265,-51.48652,-65.6227,-15.495398,11.597158,26.948017,-8.274445,-76.65038,22.194477
-2.826131,-49.26244,21.088888,-6.1184645,18.957376,-36.968056,7.4736757,29.663332,12.219936,-1.558952
0.6930372,-16.249254,-41.04843,-52.968052,12.626199,2.7712216,-27.300896,-20.028542,-94.24581,24.15091
25.86968,-5.1875114,55.742447,-6.5423717,14.763874,-15.47697,-10.881194,8.688419,0.1455504,-67.27921
-15.38486,-27.186089,-0.21153207,6.9090614,16.433714,-54.347332,28.207733,-63.216785,-38.363907,-2.0117385
-39.332127,-37.468315,-38.325203,-32.91119,34.233875,12.319952,42.87056,3.0455668,54.235012,-34.38002
-43.28513,15.523686,-31.911581,-59.558243,17.86372,58.615456,41.124287,-0.78093296,43.93556,-56.964855
3.3310485,-6.3904614,-45.002987,-12.330024,-12.255227,57.544483,29.432537,-4.1300316,87.10378,-31.304794
-23.783228,-3.1376681,41.91365,2.2652717,25.261263,-23.747673,15.624456,-53.270206,14.146183,-36.7528
19.029207,23.026861,5.6650987,15.583934,16.52047,-80.3713,8.170975,9.356349,-7.9455976,-26.683107
-56.277554,-53.14054,22.4941,-4.2447796,36.464577,-85.68255,40.784176,3.7505352,1.9360384,-4.616649
-6.6438475,-72.2585,-2.828418,-7.9749503,64.36188,28.44737,41.86645,3.8315747,46.09455,1.4820693
51.52408,5.802724,35.49025,-30.652859,-19.168089,-4.128435,-44.74056,-20.305796,6.4856353,-68.118225
-35.39371,-31.17259,-61.93881,-7.103356,-9.335976,-29.77556,-48.950813,-1.379242,-55.06806,35.023174
8.353378,-64.19109,20.625675,1.9259084,24.710691,37.269817,43.083603,-35.00102,88.849106,-4.0322075
3.4187427,21.23645,-24.056973,-28.408876,6.9305525,-3.3950179,-12.705899,-37.315075,51.7365,-18.120165
-18.54976,-66.35426,-25.725765,-17.743412,62.091022,6.911409,40.68235,-5.180482,68.954094,-1.9523468
-15.686076,-33.859505,-7.981144,7.90532,21.323301,-51.275246,-4.8541937,-41.45814,-34.689312,-1.0508096
-6.397979,-29.1757,-5.5180535,-18.97082,-11.646369,-40.83672,8.329646,19.149822,-44.17417,-46.728024
-3.0907528,23.823732,29.194677,13.965886,-31.445093,-45.517036,-18.566845,62.624397,-21.351826,-70.13221
-21.83402,-35.428493,-30.274776,-22.35941,1.820972,-62.166286,32.376602,-39.787018,-51.315323,-24.018526
14.926546,11.351968,-15.950571,-19.606565,-11.409065,-69.90105,-13.900129,-47.33271,-55.23993,-36.24039
-8.770544,-32.063152,-32.798145,-37.84056,0.07958758,-41.99743,1.7523245,-1.0964363,-44.278255,55.15775
-42.269756,-64.05807,-0.29605836,-44.48715,36.563393,-59.524708,37.155746,-14.308881,45.303074,7.084772
16.256538,10.112592,-6.420827,-38.461525,-28.44989,-34.813007,-32.81087,5.309989,1.0988528,-90.4222
-37.689533,-21.393574,-65.006065,-31.988695,-1.8728834,-29.775152,-45.669685,-3.9017696,-53.558125,38.41103
-63.378704,24.592611,15.237668,-11.928277,7.3813996,-41.63904,31.365952,-8.906929,-7.2858996,-17.01491
-37.940247,49.634342,-91.02559,-36.3215,5.8421116,64.70908,6.7349267,22.427433,40.253643,-27.555761
-13.584406,-67.43345,-12.677461,-40.70067,27.405798,11.519754,61.8788,-39.350327,61.393238,11.122606
-30.674576,-44.20691,-22.963566,-17.103018,42.12956,34.52342,69.08986,12.67886,46.02298,-41.761524
-20.694994,-0.40261325,-14.4864855,2.3671203,-26.95078,-34.768494,20.499037,11.790907,-24.963488,-53.062218
5.3524303,-72.02759,-0.26496077,5.3465443,11.321383,16.707964,31.52677,6.1860127,83.44809,-6.3355694
-14.002104,-52.05268,-30.836718,-24.98989,24.362875,10.751316,66.95927,-32.667923,90.34104,39.479168
-11.130762,-38.718086,18.302326,-18.708693,-31.623785,-53.666874,11.50309,-24.263954,-52.445225,-29.77544
-15.0723715,-28.327394,-26.92191,-58.41741,-42.33666,0.29580736,20.008884,23.021793,-22.460585,15.578576
-13.474969,12.529158,-11.127945,-47.425026,-31.844753,-40.778328,-36.3136,33.670784,-24.666943,-19.22625
0.6257316,-3.0680058,-35.18007,-57.845104,-21.599342,23.972666,-8.155504,-49.259335,-77.251274,29.243008
-18.175434,-16.136583,-0.23029405,13.537664,6.247797,-45.56181,82.59858,-18.174421,-55.18067,-20.25033
-37.95759,-46.67216,10.635954,11.313793,2.4199948,-34.60334,60.651012,-78.1275,-30.670736,-42.359818
-20.9914,-26.15141,-60.074673,-51.30336,-8.223128,-34.29301,-39.79019,2.737756,-10.233862,13.031008
-22.184645,34.686825,-48.8248,-37.223274,-17.610384,44.505917,23.179483,-16.881058,71.07424,-25.449709
-31.269035,-27.331776,7.661626,21.035427,24.19134,-45.920856,67.35084,-67.317085,-31.281141,-49.64196
14.736612,-10.27822,4.9652143,17.69965,3.7323716,-32.768745,-30.171783,-7.490283,2.8629756,-71.3614
22.720459,-3.491528,-12.345035,1.5983335,-22.752455,-34.384148,-40.182728,18.71488,-2.4779663,-58.060204
-52.79701,-51.02125,-6.1027455,-28.531572,75.35925,-20.112768,47.561546,-4.9577723,36.75149,26.98406
-10.833419,-46.520966,-21.087847,-24.537651,56.05273,-10.533164,39.77644,-17.198729,71.19102,2.566994
5.2159786,-21.486624,0.5264621,-6.8504276,33.85637,-34.632362,37.8932,-39.546093,-36.285076,-37.860836
-26.546455,15.984607,30.386244,11.869195,-18.957256,-42.68631,-20.123032,35.44357,-0.9528425,-96.94746
-16.356304,28.555683,-58.542854,-64.00611,-7.491355,39.11605,0.20426053,-1.4103582,-37.0251,5.081851
-35.904526,-26.07481,-30.984352,-46.890144,10.605852,7.6235423,37.399567,-42.44843,-58.022713,-11.954679
0.6253911,13.310153,15.124189,-15.0153,-37.222763,-23.513824,-34.642387,8.440015,-7.0996137,-78.60653
-25.34752,-73.17423,26.657833,6.560184,42.624477,-34.897453,41.24417,14.892942,10.974823,32.289272
-34.054348,-52.09087,-16.811396,-30.399263,45.23625,0.18362463,50.311527,12.041532,37.36781,5.963706
-6.261725,-87.317314,1.386866,5.82418,45.160187,-6.3225613,52.58805,-37.63475,62.16355,15.890502
-34.94335,17.229286,-46.449986,-47.998016,-1.4539827,46.044765,29.426699,21.900566,61.370262,-35.718872
-39.61437,-3.204473,-9.776043,-11.625833,18.067823,-54.22438,39.62037,-31.047512,24.763294,-13.56824
-18.103004,-55.628075,0.34927976,-7.4184456,52.302986,5.4373755,34.172882,-30.835138,41.14607,-13.546393
-0.38892308,-56.907772,1.4836541,-24.938194,49.86918,-31.019178,33.944168,14.8349,42.73486,26.253952
17.699549,-70.74352,32.515377,-53.71678,38.675102,12.938101,33.0638,-43.62342,67.5413,5.167905
-0.26655167,-56.004707,-17.821894,-19.649374,25.734358,15.40744,28.909046,-34.51676,94.10133,3.8232076
-46.053135,-47.14038,-10.67154,8.482831,-18.947845,-42.87953,90.9101,-4.5494595,-39.71224,-19.184122
-32.532146,-24.679354,5.7831254,-1.6636686,28.346863,-47.552242,24.211605,-51.859768,-27.155903,-5.4029274
20.579233,-37.755684,6.552167,-27.705374,-3.6406677,24.972858,38.446877,-16.118275,52.856815,14.182949
18.499691,33.543983,19.33282,-15.890909,24.48188,-38.3604,-28.501122,31.423243,-29.611017,-71.97314
-48.312572,22.98468,-51.50284,-46.54909,-2.629555,66.39968,32.684895,-0.057683535,72.40571,-34.17846
-3.5494497,-54.94038,-12.311248,-41.167244,64.23754,4.0727363,22.945864,-28.15041,75.529465,10.106448
-50.687412,-43.1785,43.81183,12.968736,18.274576,-54.691364,53.524086,-41.5567,-32.658875,-17.273462
-30.86687,40.68991,-58.888206,-68.02761,-14.044224,65.65892,49.041164,17.478125,93.676384,-35.208546
29.518545,2.3280373,19.230623,0.10023427,-12.899685,-24.101475,10.030331,42.618843,-0.6360826,-45.911076
-48.315342,-54.134277,-11.731057,-0.08403009,25.65608,4.2115016,36.94367,-32.80644,54.34034,33.507866
-25.685717,71.43383,-67.466064,-40.726143,-13.064449,70.33673,15.130973,-15.519396,46.569286,8.608024
-10.5437,-69.64568,21.584705,-31.349354,44.29199,14.660809,49.910316,-49.657673,72.16027,1.8390455
-5.192169,17.310139,8.935084,0.39376855,-30.661188,-62.21566,-39.367054,-9.599398,-23.019787,-62.054604
-54.554287,-22.647919,-6.9385705,-10.332349,-10.128952,39.749992,42.768227,-36.3215,12.0034075,-36.36494
-43.684155,-20.44559,-57.271217,-21.87654,-4.184899,1.7070018,-12.186134,-11.443892,16.68863,-20.271872
-55.99243,18.4498,-45.766987,-26.647982,-16.926594,66.13942,52.03765,-20.96755,52.443348,-45.491215
-7.582588,-8.107034,3.7407603,7.2446575,-33.31977,-62.152462,41.818577,-20.850142,-28.137455,-17.848497
-22.457708,-69.94202,-8.483629,-10.181411,12.413169,-78.543205,73.274765,9.774336,-23.85087,-30.315418
-43.276253,46.89742,-63.153072,-59.681705,-32.695793,79.33662,38.220936,3.7393696,88.72299,-35.745605
3.9328282,42.741867,25.451513,-2.22257,-20.423725,-73.467026,-53.79204,10.234809,-6.217123,-37.967655
30.315495,-3.8581233,31.186213,4.3678145,1.9661124,-67.64148,-32.09274,56.353886,-20.30046,-56.18321
-27.666409,-16.298788,5.0842896,-10.575322,26.467617,-38.32472,2.1916747,-21.579876,-25.15426,-2.1018462
34.71517,-32.639263,-11.901203,-48.155132,-28.019472,-16.590288,35.928436,26.794125,-10.015736,25.424633
-11.488783,-37.331135,16.859951,5.983179,-35.639668,-57.16685,64.19766,-12.4358015,-18.164246,1.9559157
-50.559093,-49.25594,-17.265858,-25.742317,25.196547,3.942902,59.724293,-33.009117,51.50976,18.388937
-33.858837,-46.422764,8.6900425,8.494784,12.821621,-62.20737,5.415818,-18.380648,-18.711184,8.982947
6.361816,-63.43967,-32.332592,-35.46882,29.706131,5.119154,78.98956,-50.285957,54.107346,27.996914
-28.971653,-14.77346,-4.4148383,-39.397614,14.0507145,11.969414,28.362862,-8.526268,21.94725,-49.944492
35.33424,-7.4954343,49.04589,-14.578274,-3.0191846,-26.626348,-31.042772,-19.328405,18.171032,-54.86603
-42.4707,21.142223,-45.11642,-43.38417,-28.33226,60.46636,51.126896,1.2057196,67.1106,-51.735104
-7.8927226,-30.932283,-44.80981,-47.792557,18.4728,-6.6618505,15.721502,-18.769323,-11.170603,19.929699
0.83587134,-17.056883,8.90509,-0.14717862,52.38055,-47.842037,42.22954,-44.883324,57.116558,-7.7777715
-41.409744,4.8552747,-29.099838,-18.513048,-22.055668,-7.8006907,-5.587965,3.5506265,17.05836,-14.000963
20.069248,-17.81222,-4.2685604,-35.700798,-11.091102,-24.816786,14.220891,-10.53167,-25.066364,-69.21747
4.945228,-58.297337,-11.404573,-58.82805,29.374107,0.8110312,36.340416,-32.5518,101.21733,25.77212
-30.341436,50.70458,-61.736076,-42.769077,-9.660024,49.09768,48.87063,0.6595282,67.90334,-18.968088
-0.5134119,-17.481459,19.784904,-17.72564,-9.165082,-13.297311,9.536695,-4.7610865,-10.397328,-62.736942
-57.71126,-17.855099,-42.929646,-29.31113,17.580809,80.07967,47.9578,0.7131256,47.618095,-57.840195
-26.697426,28.485722,-13.8122635,-24.720142,10.143939,-41.88808,-71.720566,-2.9020028,-39.22419,-65.94711
12.4548025,14.375812,7.2465243,34.18844,-35.621284,-44.90463,-24.857397,-16.01132,8.07401,-43.082882
-20.315655,-35.645187,-14.790754,-11.705326,-23.152287,-58.788883,25.938549,-47.71284,-48.38595,-43.36626
-29.53691,-17.077484,-18.181166,-12.107856,19.623976,67.41125,25.40654,23.474163,16.220903,-67.61041
-36.48599,-17.904953,22.578854,-9.587966,44.145473,-61.18753,38.546444,-26.024683,-38.845394,-8.196424
-33.252583,-74.79377,1.4057242,7.4083986,-16.517351,-64.927765,55.99577,3.7465374,-32.17058,-24.348598
5.7938647,26.25285,2.014893,8.022191,-27.393288,21.36344,12.359557,17.804676,23.79842,-53.88841
-30.41949,21.718428,8.598698,-7.94169,-1.7340287,46.14598,12.760581,-29.282152,29.599775,-38.809425
-37.948906,-49.840195,-35.742897,-19.106194,39.570522,23.362507,10.144519,-33.51759,35.31565,-15.742176
-15.754476,-31.551636,-37.96832,-19.804012,3.681792,-23.927208,-22.34319,-33.984127,-62.65292,22.238033
-43.948257,30.683178,-48.1169,-54.512825,13.815159,65.60425,14.775948,15.292178,43.284027,-30.804352
-53.22513,28.461306,-19.009575,-36.231243,18.782875,44.579273,37.529625,3.1744576,55.891735,-14.721035
-58.46767,10.393502,-32.118347,-19.6558,-11.469559,43.79205,45.09275,-41.252514,21.015282,-7.8986607
5.7267575,-76.45092,-8.80755,-3.8339624,-14.1985235,23.383024,32.140736,-39.959286,45.075993,10.674052
31.444708,4.254688,21.793604,-7.4818068,11.430884,1.0747889,-41.377663,6.370679,-0.024264647,-76.8059
8.281738,-68.18358,-32.828247,-27.485159,13.227095,-17.054901,56.04492,-30.590797,79.09676,26.584372
-14.9965515,-6.9244633,-43.56132,-24.369116,-1.8190801,16.53986,19.883705,2.2732549,-27.344728,49.439907
10.620139,-26.375109,6.652806,21.461843,11.212124,-45.66473,6.823937,-31.317348,-39.12183,-15.9000635
15.329842,2.2954502,27.960896,37.250843,-37.658882,-36.589096,-2.1862495,-20.395695,0.39073578,-41.494263
-37.872055,11.135858,-22.348646,-57.68676,-1.8825446,30.76777,28.635822,4.329199,44.605526,-33.9601
-28.997395,-48.47296,-24.142199,-2.220435,-5.9042673,24.658995,40.74052,-22.955105,70.23326,-28.271194
52.793922,13.979665,-6.585721,11.931191,-10.3875265,-41.917557,-34.31607,36.788258,2.3474462,-53.399117
0.7120294,-84.87854,37.05067,-46.339672,47.64445,15.2064,60.802185,-47.936134,58.999653,0.750715
-27.003786,-21.675892,26.909494,6.74242,58.725277,-25.160248,55.057747,-37.90296,34.50565,-1.650857
-21.0676,-39.992172,21.732302,-38.773502,-17.060095,-45.174194,19.845886,-23.64787,-7.3074613,6.6919985
-33.307632,-34.046585,-22.67795,1.413886,-18.045046,-46.876587,-24.269135,-25.054335,7.087794,-26.224785
-42.80441,14.776125,-34.623863,-32.89384,-11.53191,54.937496,21.65028,-5.043608,75.33246,-29.580547
1.0356737,-34.804893,-2.905712,-73.481186,-33.20236,-19.880701,21.161888,8.77864,-53.592537,41.59435
-10.89761,-26.837545,-8.291446,-30.618141,-12.675736,-49.64412,22.268898,-63.26389,-6.5523176,7.1870127
20.449554,7.898376,-34.41486,-104.59955,6.867822,31.881533,0.62011766,14.988545,-108.47925,32.7515
12.91845,-1.080582,-18.442091,3.4386277,19.252762,-60.11231,-35.732086,18.521387,0.8999382,-32.46124
-24.277937,-38.950397,-28.573286,-24.055584,5.9177847,11.185946,19.215864,-18.490675,33.200397,-43.199223
-27.529905,-43.786015,25.37424,-18.259527,0.24691945,-14.336823,61.250244,-15.018205,-29.429007,-35.04616
-19.535963,-7.680287,-35.490253,-43.049942,-35.520702,-12.476795,-19.833687,3.6731222,-45.752037,63.251377
-35.858925,15.363232,-35.13949,-12.368401,-22.630962,75.11828,65.94521,-12.507118,62.212437,-49.60822
39.10639,15.834847,36.59881,-20.426235,18.25421,-18.189413,-27.281427,30.182865,-22.101547,-79.39977
-50.5313,7.9235024,-66.68633,-48.030582,-4.0576954,11.704126,-3.6107001,-27.410076,-9.727937,6.3106318
-32.644028,-8.955019,-63.651623,-34.21961,23.6187,42.765743,26.782999,21.51952,54.82636,-50.598892
-45.23444,-52.301872,-32.93863,-14.188996,43.982918,28.459251,29.508362,-44.898735,59.469234,10.235472
-35.411003,-67.60429,2.6343322,-36.923996,36.23551,10.654761,60.005413,-26.678541,49.13901,18.123314
3.3389735,-55.894005,1.609469,-26.00153,-2.948328,-5.488476,31.813644,-11.036483,4.1801033,40.704525
7.834146,-4.023591,31.852268,9.78546,-1.6654402,-19.12267,-9.92013,-23.737183,-12.011202,-74.935
11.958906,44.863834,-39.620922,24.147375,-33.03573,-94.470116,-54.582058,35.78662,-29.468473,-46.918827
-9.704661,-53.068798,-30.747683,15.345958,-3.5539558,-59.291607,83.43789,-40.594036,-27.692099,-39.53502
-30.51117,4.1102986,-19.115,4.3355756,7.196078,6.1869493,49.89236,-17.94221,2.9660325,-52.043453
-45.14658,2.967998,-14.195567,22.92752,24.63658,-47.556614,56.902355,-9.793647,-55.590435,-10.565506
23.139471,4.078904,1.8248979,18.789732,-1.6093723,-30.512928,-66.530106,27.357561,11.126907,-40.732746
-23.04838,-42.264416,1.8141214,-0.33102527,-11.623369,-51.847816,6.78084,-43.22059,-16.993769,-20.560457
7.5946527,-58.133472,-18.44452,-33.66195,40.17347,22.353529,19.993877,-48.983555,76.679665,9.246224
-7.4340343,-67.589516,-3.0981565,-45.113342,43.25409,-20.974281,47.58348,-41.68838,74.31913,13.868257
1.1290228,-63.84481,0.6761066,-34.137863,0.92335373,4.6390047,64.26472,-10.396285,52.364513,7.2927113
-48.733192,-62.907127,24.683212,-20.527756,14.91836,-70.99747,11.553343,2.9136305,-20.396973,-0.73373705
-43.89675,-30.772188,-2.6860483,-32.866814,-2.1666758,-14.69287,30.845312,-36.357933,-21.439623,24.068748
-33.71319,49.871063,-74.329704,-44.8609,-5.594052,72.13647,33.449158,11.07777,67.728806,-30.018953
-36.109024,28.695765,-68.667595,-29.84101,9.787203,46.336792,43.243557,15.045135,41.134075,-59.492874
-20.012726,-62.50628,-13.598602,-26.106033,71.18587,-22.218195,50.315437,-11.078521,66.49782,14.859632
-36.522034,-52.81186,5.4388084,-43.288895,52.97497,11.194227,27.747099,-52.503586,59.85918,23.908482
-28.170649,62.032673,-63.919304,-45.807777,-18.127903,77.31209,16.116968,-9.077544,54.69206,-2.982014
-11.198795,8.482188,-35.935375,-56.275925,-7.7039433,-95.352005,-20.2927,38.336857,-38.756775,9.174186
-18.709072,41.94513,-38.059437,-63.285347,-14.380841,66.74852,26.650763,-31.986296,47.371357,-13.386059
-57.431362,-62.940887,7.1273384,-3.4143882,44.474346,-0.81069046,63.215435,-38.809654,86.46244,-2.4929576
15.847147,9.288859,59.280025,28.273855,-10.85319,-67.12794,-21.122932,23.561241,15.702859,-53.77818
-4.7886033,-0.75059503,2.1189399,-13.824129,10.064136,-49.795864,6.339035,16.224829,23.277775,-50.799053
-28.20222,0.2662415,-67.464966,-54.706776,0.15549898,1.149465,-9.679661,-4.8407826,-27.490921,11.247611
19.146759,13.567262,2.7109118,18.426064,6.1155567,24.2783,-24.379543,-53.57465,30.897652,-47.741783
-19.918222,35.207874,-35.089043,-12.067221,0.46118575,54.072285,14.4612055,-38.910183,61.039562,-25.07058
15.757473,4.4937377,3.3623724,38.955734,17.961905,-23.514439,-32.23362,15.720135,5.286364,-63.694324
-46.10635,35.577045,-58.822147,-49.85085,28.186714,59.21823,48.73852,12.603818,47.28966,-40.349068
33.915855,11.502868,-59.10023,-55.52215,-13.861585,-10.941261,17.989216,-23.359259,-68.55211,41.791725
-4.406958,28.420027,25.021473,12.53505,-32.075565,-31.81882,-2.4031787,58.969254,-29.88099,-46.29286
-9.999014,-90.96533,22.851309,-56.760513,28.601788,11.698179,70.05388,-36.849617,60.337376,19.401424
-12.484763,-16.936466,-33.588696,-51.041615,-9.349802,-18.327135,-0.38769957,-5.1491604,-62.83629,24.080452
-9.602312,-94.736984,16.211308,-21.263336,69.87615,3.891274,49.90108,-41.952892,38.465275,19.186558
-57.895985,-9.014565,22.570147,41.85031,22.980711,-49.37596,73.48943,-31.516966,-65.770355,-1.607404
20.27656,28.526886,38.921024,-5.5599093,18.995756,-21.092205,-4.2060127,31.416624,7.1155887,-77.15087
-24.22336,52.307426,-39.546867,-26.70467,-19.820818,62.854748,20.06703,-21.874435,61.702465,-10.850555
41.085518,10.752797,-11.235125,7.9978857,6.388121,-34.132343,-54.672703,41.776054,-7.7751727,-57.11658
-33.04039,-5.389424,-4.396277,17.348387,-24.1045,-4.696956,-45.818893,-37.214092,-10.978306,-38.546078
4.237279,-69.667114,-16.833714,-53.923588,48.113033,-13.308561,26.551113,-22.459976,90.86068,28.12807
24.631735,15.356238,-4.7229323,-7.5062184,27.65528,-28.963541,-15.348218,5.2096457,-36.540882,-36.90325
-18.990137,18.629887,-12.319382,-56.4778,2.7995243,34.092014,46.748344,1.5967294,34.3775,-35.68732
30.378805,-79.17873,3.904872,-50.320484,46.910492,2.9076152,29.5941,-29.739979,69.740715,49.718414
-49.669483,-46.331833,-33.875763,6.595604,-16.540804,-32.073452,61.161736,-18.827473,-15.5963125,-28.245586
-16.140268,-102.68369,16.308187,-16.55736,71.61738,5.734939,49.176285,-31.494167,40.24083,1.9319575
-60.67363,-15.568942,-21.925636,18.329962,7.748527,-38.891857,87.96984,-4.55283,-37.466534,-49.787315
-22.373158,-7.3560405,-25.098206,30.852707,18.350803,-28.37638,79.803345,-31.807446,-20.822474,-45.438183
-34.228497,-47.45244,-14.002069,-12.034299,-2.364514,-40.54408,78.696205,-4.6647735,-20.975079,-38.71907
-21.848795,-29.947819,-23.477192,-18.503736,-5.1449704,22.523464,77.19489,15.441365,6.146838,-41.783226
48.61001,15.837686,-30.6749,-79.79433,-33.7693,25.213493,39.435524,-4.2257648,-58.40455,47.319706
-2.9937923,-27.30614,4.084461,-38.992695,-23.972315,-76.76676,10.245358,6.2082314,-7.000861,11.75751
-43.653088,17.851978,-56.490032,-30.801844,25.78418,47.977097,51.506638,17.647453,37.408085,-56.32471
7.3703704,-76.78146,-15.921192,-21.966833,15.128165,-29.97517,75.83814,14.36507,4.0244784,13.565673
-24.647907,30.667177,-68.15259,-67.25686,-28.183577,30.03376,15.167252,-3.1270013,-27.035002,9.226798
-40.22643,-5.579344,5.4974623,31.949451,27.379557,-26.77119,61.54879,-63.58082,-11.427889,-39.360973
-43.202732,30.745031,-59.682938,-53.869576,24.176884,54.520382,41.131695,15.9867735,30.007494,-46.69209
6.225186,-55.882812,-15.790902,-10.926902,43.60816,-5.01138,81.991394,-41.202724,46.18288,32.593258
23.395674,-2.278882,-74.091415,-92.02354,-9.260664,-7.659938,18.405457,-12.208327,-54.10748,30.948952
-21.120687,-1.8278646,-46.24203,-57.62296,21.057005,32.631832,33.687912,-32.233112,61.923424,-1.8995205
-27.253958,-69.835014,23.055735,-10.687445,-21.837307,-49.300423,48.0045,-49.017258,-38.533466,-28.086304
34.877434,-30.393944,-44.609978,-43.285843,-9.932754,-26.470682,20.393135,70.56445,-47.711803,13.635731
-61.28232,-2.0524976,-18.575584,-12.2009325,-3.2273552,43.262863,48.890003,-45.982998,33.62949,-25.722923
2.5581505,4.3255696,-38.201088,-65.57124,-21.032017,23.022165,6.9890065,-50.41803,-71.70655,27.866459
-32.801876,-11.715587,10.243796,0.45995176,42.39105,-57.998814,37.369713,-44.645817,-27.762465,-9.932052
-3.8899844,-68.44772,5.8373566,-55.63181,17.88605,-14.699602,38.253723,-32.275543,11.290782,21.440361
16.578701,39.20685,12.16545,-31.687216,-42.96272,-49.170914,-56.18556,-9.332626,-30.447622,-71.431366
-35.41198,19.290066,-4.9715486,-22.48386,-2.5103502,49.51199,18.542002,14.3699255,57.440193,-30.264538
15.861435,-73.04831,-27.928078,-27.986052,16.317917,-1.1291071,42.909996,-33.512165,68.22992,10.228089
-47.940292,-26.713808,11.576126,-12.515209,29.185108,-47.524895,31.93489,-7.922607,-31.204155,-3.4640777
-48.63907,-14.285692,-46.804028,-23.447664,19.710602,92.26295,49.794834,-18.063196,29.259888,-47.621735
5.5696588,11.900603,-48.81953,-56.499805,1.3729239,35.027397,6.5318003,-16.104198,-51.225483,-2.1202033
17.220362,6.782167,55.235718,-26.646101,-21.623806,-10.384026,-17.115543,14.502177,-18.5625,-76.24574
3.5035825,-49.03606,-18.497551,-22.21042,22.217108,-55.06253,-18.392332,23.535599,37.513443,6.0233107
41.95042,-1.9511743,34.973763,-33.40607,-9.773358,7.3857923,-24.645828,-1.0447379,-16.3888,-83.216965
-23.763432,-45.536877,-22.758488,-20.59114,-13.307492,-24.641354,-37.31915,12.186438,-22.570616,63.49419
-15.455805,-10.111928,4.5325255,3.849146,12.584855,-62.951096,63.306084,-70.382126,6.433188,-14.470778
-56.07237,-34.2043,-34.37022,-23.548895,-5.9976516,-26.994543,-0.33042237,-9.681727,45.2391,3.4973876
24.96194,8.289605,16.552868,-11.664019,6.715473,-28.3154,-30.102448,-6.989991,-12.632939,-88.17896
-23.841085,-10.775653,-22.503021,-16.692719,25.14604,78.46852,26.593195,12.168502,11.916239,-73.431465
8.076454,-0.12161296,-41.399284,-58.1095,2.8431025,13.2993555,43.489105,-23.064728,-14.867616,15.889699
17.909906,-49.81679,-34.162144,-54.735237,39.015804,-11.356279,11.264641,-41.919624,93.389244,31.411385
-36.46865,42.99212,-40.89189,-26.018204,-13.451555,70.50841,30.323582,-3.2917695,66.20525,-13.63139
-42.072754,-27.85107,26.188908,-8.070029,38.437138,-57.517498,60.428165,-38.63601,-13.05707,-13.389399
34.255207,26.456594,-15.548672,-0.8749762,5.292035,-34.284924,-42.273453,34.381817,-15.362947,-51.625423
-35.36217,-53.15536,-55.4489,-61.015152,-37.525883,11.093268,-44.688572,-16.754023,-23.98516,3.000717
-13.526069,8.943535,-5.318709,-18.360243,18.769106,14.726442,1.4307925,15.063961,48.195206,-61.31334
-36.110924,22.043251,-62.84508,-30.62348,29.667929,38.60131,42.70619,32.62278,20.220398,-38.356613
-24.110481,-55.191048,-12.009042,1.4034938,4.724311,-55.165703,80.80023,-0.47434095,-41.57405,-30.200884
-36.405163,14.583585,-48.770115,-66.31788,13.682332,53.770443,31.632381,-0.311516,52.79246,-51.850792
-52.90604,-30.986786,40.073338,4.186996,20.493536,-32.907764,58.473976,-54.37284,-44.012337,-31.648163
10.484573,35.776344,30.689886,-10.864885,-7.665007,-58.059444,-53.93268,-33.95555,43.077023,-33.537563
27.371193,-62.462933,-24.805754,-19.734673,21.380383,-10.689654,45.295326,-34.317394,78.22488,22.475037
-31.23383,25.820135,-33.61664,-22.49741,-12.226958,59.85137,49.061405,-38.899605,37.52911,-17.742346
-12.233994,-22.205307,10.097603,-6.47116,22.698439,-52.839725,30.709526,-57.517036,-24.475138,-8.231506
-65.225105,-14.056509,4.591762,-39.118298,25.856354,23.583784,61.481537,1.581241,16.528313,-17.216028
10.87077,7.7934823,38.033062,12.627785,-5.5624757,-52.22513,-31.437054,69.35548,-18.068377,-81.29861
-62.84468,5.954264,-48.706207,-16.418892,-11.245344,6.6494737,23.833357,16.33264,50.574116,-42.979908
-19.70683,-18.823267,-43.002968,-51.27474,-19.97324,-1.9812622,-13.567441,-51.02405,-15.473442,38.807133
-29.685343,23.199705,-51.584187,-43.88843,-23.485632,27.002333,17.879633,19.892397,51.22079,-49.38004
-58.75548,3.9677958,-58.90681,-28.862047,24.532684,-27.444536,-81.109604,25.185856,-43.954235,-41.638313
-12.600138,-2.870027,-55.18705,-36.17009,-10.964788,28.23016,-2.640489,-32.38183,-77.17577,16.63312
-65.52323,27.548607,-26.094574,-46.018463,2.5571678,58.633865,44.27418,21.934328,64.55632,-11.634665
-39.74445,-48.072884,-13.769642,-11.686205,56.03169,9.939189,48.40695,-46.670986,55.93099,18.206963
-67.8437,-19.939774,-5.2458444,0.107495904,8.71938,27.38138,64.92912,-38.360867,6.5980725,-35.880592
37.248444,0.2530337,-16.539108,-12.729603,-20.821465,-42.372734,-26.022074,16.282648,-5.6520634,-67.8352
-26.439756,-88.68953,23.160378,-49.365402,33.792446,-8.840081,53.93348,-47.925365,42.405064,-7.3921847
24.03515,7.375648,49.01058,7.010296,29.079561,-47.139465,-8.515689,32.420784,-12.391322,-62.118946
17.570648,-33.71043,-29.754757,-13.84017,5.195762,-31.410334,36.303223,68.55033,-41.666363,-18.099
-47.81462,19.619318,-58.4188,-30.090887,20.265877,88.66817,64.93498,-2.1935434,35.503487,-63.987434
-39.688602,-7.740202,44.20656,-8.41423,25.911673,-27.364561,26.223696,-65.37371,-36.522694,-26.078505
-7.9488726,19.675531,13.126496,1.8914922,-38.33525,-67.045784,-41.949078,1.6306044,-28.964102,-67.80903
10.576613,11.748816,5.6306415,-7.3409,24.515863,-37.630894,-38.293068,-6.565196,-6.1048903,-55.150696
24.814192,-9.692207,-22.147911,-40.81331,4.599181,13.697771,12.214113,-17.10701,-63.94438,39.69684
16.861647,12.044036,28.331076,16.924658,21.88101,-5.660664,-40.058674,-40.522095,14.967959,-71.41257
23.362862,-69.21303,-2.6261349,-47.62498,40.32219,10.56975,36.11563,-24.545551,85.93873,50.279675
-9.942583,-30.868763,-38.36786,-16.116426,27.52632,29.809576,29.803679,-32.75649,40.836834,21.21039
-13.769829,-67.73666,-11.969864,-31.854803,23.063368,0.40911722,86.818245,-19.497587,38.098248,13.66508
-32.125385,27.810328,32.321957,-0.96385777,-30.971107,-44.111317,-39.465065,6.072692,0.30159393,-61.77828
-11.900086,4.0533547,-41.77084,-88.87793,-40.72576,0.3551916,-27.067347,34.42063,-31.036638,18.72227
-14.013594,13.187936,-25.133835,-4.5000563,-11.315191,40.488594,25.232363,-43.298157,29.75211,-29.576365
-39.613644,-23.77873,-47.480507,-14.975324,68.43493,55.91489,13.2563,-44.67639,36.15452,-31.36013
-38.459793,-28.441185,39.380245,1.9281291,23.943415,-68.43127,68.98777,-26.31041,-29.835817,-9.472232
-16.651602,-31.191925,-30.048462,0.82356274,2.0790586,-41.593708,-33.56394,-24.914274,-30.483438,-6.163425
-52.814823,-76.797554,-2.123117,-7.714841,33.507797,-10.729497,60.151608,-11.076996,74.03902,-7.4445105
9.610548,-9.714527,21.841314,-33.552757,1.5437093,-3.229555,1.1023643,30.4878,32.62271,-32.483124
34.333107,13.227265,21.38957,3.793787,-2.202664,-46.29962,-31.171776,34.35863,-31.512844,-50.551968
-47.053127,-26.496052,-46.951683,-13.725201,9.623892,3.3495293,19.878517,-6.254634,59.24148,41.595364
-15.180988,-12.640678,-32.26327,-75.31247,-41.888855,11.686172,3.41361,-44.548763,-18.834116,-0.9679062
9.868084,-41.48847,-22.210253,-46.14125,28.621416,-31.95798,31.184874,-46.42933,69.190834,8.303237
4.3046765,-66.89713,1.7209502,-28.700796,61.744038,16.640856,40.846767,-28.331905,78.26121,29.993496
-56.671,-19.980618,-35.44042,-21.620867,-37.45253,47.94256,23.067085,4.9587126,-8.002185,0.01713252
-19.226847,-23.504362,13.785765,28.101425,27.052708,-54.283092,94.42672,-73.13689,-24.966679,-30.225477
-40.297054,-49.899998,12.089714,-8.729448,7.922106,-54.650658,60.484848,-49.100967,3.6126173,-14.76769
12.443639,-0.6068574,-38.85672,-38.950134,-28.484016,-18.96696,29.32831,-4.51461,-40.55189,22.591698
-24.622622,-38.281647,-32.086674,-18.63059,-5.9113913,28.53734,19.843369,-34.149773,22.332687,-23.203463
-24.36899,-45.179382,-2.5094438,-26.724632,42.72125,10.254748,55.13956,-47.875874,61.008907,34.012623
-40.98914,22.42092,-23.164276,-32.552315,3.1411502,48.247643,20.704123,1.4537905,64.825676,-19.768316
-30.509502,35.265453,-48.418232,-2.9972968,-7.860112,50.847893,26.045519,-21.904194,62.71904,-35.976833
-23.959646,-25.948784,-46.96349,-50.87124,-0.70899445,13.981432,48.20128,7.542035,-47.11816,-3.9770918
-4.0276394,-17.949696,-17.956726,-53.94295,-63.21719,-1.3245058,-24.02183,-32.427193,-52.460957,32.549072
-19.462748,-8.111571,-56.251217,-35.737164,-13.904993,10.642043,-22.940199,-50.802883,-73.369514,28.005917
-6.2878437,-10.412655,1.7708627,-14.750911,25.610666,-58.704285,-29.492939,-19.158577,6.6454406,-20.676256
6.5595927,9.315414,0.55761087,-9.612719,23.1518,-51.76703,-51.168854,42.860176,-3.3271036,-44.27634
-21.136549,-29.379509,-8.800178,-23.86118,-4.540516,20.175573,41.838463,-6.54435,41.810368,-12.504777
-19.490969,-61.469795,3.5190134,-37.139347,40.028255,23.611406,81.45977,-33.806244,76.897316,11.198009
-11.175109,-53.689346,-1.5114983,1.2114896,35.32277,32.681534,30.705456,-21.565487,50.91082,4.6628895
7.7738876,20.29304,12.714541,11.86769,-36.31681,-45.294674,-0.13815394,-27.335632,-17.58245,-47.914776
-3.5349398,-26.27998,0.018228054,-20.114868,1.0808597,-23.023329,23.752867,-5.280027,-24.249,-66.16713
-21.265736,-39.248325,5.7110305,6.4752007,7.985162,-27.592047,88.258896,-18.656252,-50.28024,-26.893944
-41.85878,-39.444378,-31.13584,-35.15071,8.929222,0.73127997,30.097784,-36.469463,83.274574,21.598526
24.393246,-51.279564,12.004931,-42.406437,48.372074,10.871321,33.927906,-3.5148947,80.4889,50.92355
-64.063156,0.9528071,-12.477959,-44.61958,38.94457,45.099094,65.77116,10.258658,30.664696,-19.069216
-49.76331,23.675417,-38.65529,-59.69012,22.582956,59.19748,42.65313,16.42076,51.886063,-39.132835
2.0934277,-35.83058,-46.308647,-27.212318,-18.049349,-52.0137,0.07467449,-21.453768,-34.281742,23.460487
11.430009,-70.29799,-22.07335,-34.899452,20.019953,-27.737982,33.30361,-53.564453,71.133125,12.109857
-19.152946,-66.55982,-14.591575,-38.482437,4.713188,-28.530317,39.699856,-17.884153,25.31721,9.147445
-63.42641,-7.403427,1.5320884,42.674805,23.22022,-35.819168,84.46347,-11.454188,-45.990395,-26.203852
-47.13973,27.606476,-62.43448,-24.274738,-29.177801,62.38489,42.296055,18.412107,51.10657,-27.905634
36.45173,31.339973,25.301804,11.984439,33.656254,-26.501675,-37.435005,22.400993,-20.430887,-77.97249
-46.256325,18.691925,-62.480026,-37.361702,-14.159709,17.503996,22.170908,-4.4740763,37.92039,-31.184639
15.160428,-89.90326,-25.486828,-10.885533,3.0291867,-60.27238,38.581764,6.5945992,-32.59191,3.3726866
31.392708,13.9303,45.97111,-3.363204,16.53437,14.346976,-30.991589,2.7713978,-10.121343,-73.99562
-37.442715,3.8764615,-18.65308,-95.52152,-30.103954,7.9231906,-14.656526,-23.815603,-58.08333,14.713401
-1.7285894,-23.313591,-5.087054,-2.6926544,-24.751856,-53.05072,37.429874,1.3046266,-43.09901,-37.070824
12.876625,40.18609,-6.270708,12.72724,0.018327057,-37.65229,-31.982912,5.166794,-3.7020102,-55.20834
31.879028,-7.5536184,45.30551,7.213311,-15.928872,-47.085903,-34.86515,2.9071746,27.632744,-42.434788
-53.115616,-30.12294,-8.369531,38.85684,-5.593366,-9.74532,32.872,-0.3659214,-33.43287,-21.461031
-45.975307,15.405865,-37.07626,-62.927677,19.484781,67.261635,22.629353,24.881231,64.32314,-44.226772
-18.426373,-58.869728,1.9438158,8.658316,8.981221,-35.997353,60.69139,-69.83287,-26.592205,-53.57512
19.443386,40.79815,15.97034,-1.8376843,12.152534,10.044813,-7.833629,-13.51532,16.869196,-68.26708
-38.51554,28.490467,-55.937363,-29.644398,18.267197,53.230194,51.53498,20.908163,47.11327,-58.133846
-14.168301,-22.490929,-22.569792,11.683223,-10.977245,-18.430124,48.92734,1.5844125,-1.80234,-13.856116
31.429935,-12.234236,-46.836685,-45.28951,6.374577,-38.141552,9.296228,-57.17507,-34.282394,33.119038
-30.807308,-24.057106,1.0585561,13.523417,46.946854,-58.437847,42.13624,-25.067394,-23.995745,-6.6677246
-15.736508,-36.90177,-11.299559,-37.441635,42.44016,12.651381,42.025196,-51.061996,47.77682,31.45686
-36.92655,-3.3432083,-40.42332,-47.05371,20.661955,32.668888,45.707283,1.6723388,48.356945,-48.111935
-40.53257,-70.34541,-24.616512,12.5309725,-22.298273,-54.265667,72.53305,-30.922867,-15.660127,-44.822
-36.11184,10.640877,-21.042751,-7.307726,-16.790264,-5.9219685,24.9988,10.839672,51.509037,-35.190712
-14.163726,59.659264,-68.158844,-19.744713,-19.027039,49.826427,14.531996,-22.617952,54.796204,-14.280492
46.635185,-10.443863,-12.124245,-40.93824,-19.871948,-13.645731,43.72213,-18.390947,-76.587715,55.41702
3.642892,45.53478,38.603893,-1.4321043,59.15465,-23.407066,62.018524,-83.804306,-11.15055,19.067854
-21.016457,-5.245057,-38.85383,-1.0362003,17.842567,-6.9990096,24.498281,-1.3042928,-1.3228915,22.834478
-32.048454,-26.2348,-22.978203,-3.6609154,-0.85493714,31.935957,76.43769,36.116863,14.277687,-65.350975
-40.483963,-40.538,16.636175,-12.285296,48.183865,-47.00223,61.027412,-33.424297,-41.19285,-26.506153
25.342648,17.050638,24.967196,22.75668,15.914511,-25.384405,-31.31481,10.771708,0.23630038,-68.41348
49.69488,31.373875,26.407938,19.392948,29.202337,-16.866291,-28.998993,27.47848,-17.736382,-76.77472
25.825684,8.270165,-48.01525,-64.11205,-13.720708,37.607807,1.5034058,-23.76711,-92.21195,32.080338
-50.39783,-0.11102157,-6.1445227,20.807642,9.516636,-50.615337,72.55438,-23.375463,-37.004604,-7.9732504
-29.674313,-68.17416,8.604756,-10.997552,-17.612165,-39.96529,94.79071,-20.655308,-27.394817,-30.693176
10.725486,0.25971788,-28.801517,-76.89,-22.189844,22.95685,71.50443,-27.27031,-28.566008,26.298668
-22.695616,15.444298,31.995678,-17.893864,4.2513537,-111.91966,-35.72382,20.8278,2.904269,-23.12588
-27.158415,4.173439,-56.96293,-46.15722,1.2999399,11.3414,1.3975244,-19.972921,-37.45054,-19.063889
-19.600927,-53.61394,-21.097092,-13.6246195,63.53523,10.520936,37.556526,15.332427,63.60986,2.0511348
-41.859116,-21.087685,-32.713417,-1.3012788,-11.376048,63.267544,60.67236,-24.765188,64.662346,-46.574963
0.7612209,7.964559,4.1357117,22.746841,5.0600853,-16.264696,-38.587086,4.1251626,-9.320536,-56.12263
-30.122305,-15.810622,-39.933693,-39.678272,29.936031,20.057047,72.3412,-33.7546,61.452145,-25.230988
-3.0218203,5.1510878,-16.95511,32.76017,2.0342824,-41.79898,-3.8346565,12.030239,0.8671347,-63.595165
-35.279198,-33.418884,13.2034645,-36.673634,-4.0533814,-38.2133,17.617386,16.296675,-32.324,24.144257
-37.3924,45.143475,-35.208477,-38.696613,-24.796867,59.04514,28.503164,-0.76276606,45.338863,-31.605595
19.418335,10.2094755,-36.01582,-73.45125,4.2468295,32.066135,-18.478401,-17.814129,-103.98919,31.397247
-21.416754,-57.659992,-17.998474,-36.74995,39.107185,4.3876996,71.347855,-38.2715,67.655594,2.185282
-8.018683,-56.106567,-23.435143,-13.370594,51.02582,18.04328,26.055271,-15.934665,91.117775,-9.591547
-17.231085,25.280607,0.6725235,-32.13458,13.730887,15.247414,29.063917,7.6733284,42.13422,-31.4136
24.623909,-17.212389,35.932774,40.618797,16.997322,-37.53871,-51.440372,20.17953,0.87799764,-31.806547
-8.92271,24.902554,-27.190157,-29.513737,4.6567316,-9.726479,-33.244556,-18.304768,1.727801,-26.620739
-53.28147,-8.95796,-6.7116165,14.345403,11.680736,5.39348,60.232452,-56.98113,2.5510113,-37.12179
27.47083,-50.766212,0.39974564,-25.679836,8.279031,-34.013786,14.277201,24.01003,-5.8558984,-10.427833
4.763964,-34.714878,12.679824,-3.9784052,35.54889,-39.18671,24.08167,1.2458061,37.92043,-25.583326
6.866584,16.94413,9.336821,46.24575,15.13915,-29.219616,-14.428316,10.150254,-3.3403838,-70.72694
-26.557684,-67.39574,-18.44981,-1.1075649,-24.555733,-68.38926,74.00404,-10.197535,-9.131072,-21.55025
15.934239,13.535693,-6.6173234,-17.727436,-25.39095,-62.82291,-26.42271,-42.9681,-34.922092,-63.757668
-34.240387,-25.850374,16.707615,13.803886,36.420944,-53.356995,59.698154,-72.90492,-6.787677,-35.28899
-44.108204,27.865332,24.446121,4.515347,-20.06717,-33.952595,-31.759586,16.642303,-12.989788,-91.64502
13.575205,-53.15337,1.555983,-46.703793,16.22223,13.99569,48.329056,-30.8821,69.502144,6.7136393
1.1087174,1.815937,-22.126677,16.01555,-21.60083,-40.53754,-18.306362,21.021791,7.66121,-55.23958
-52.289207,-53.851578,45.81977,-2.3640828,23.471764,-59.942177,77.649574,-20.299215,-16.603647,0.21166873
-7.7687488,-60.4899,-17.77325,22.592445,21.93098,-44.045654,75.86487,-69.99293,-25.033785,-55.31005
-39.343723,-39.515484,-41.527752,-25.197691,27.963774,26.612173,-5.712361,-43.221012,52.37294,22.621094
8.813786,6.6013517,-26.5682,-60.627563,-23.124449,41.65863,5.656335,-24.812298,-71.88526,44.736645
-30.020483,14.227366,-28.887455,-13.1045,-24.833202,-50.71867,-52.256794,17.187487,-43.74527,-46.94227
-9.709522,-21.292639,-52.49628,-29.008154,14.36502,42.76837,14.284454,-36.466797,-5.259972,-12.364885
15.343321,2.922567,-6.1629596,-30.704721,15.192408,-46.883034,-49.964367,47.262547,-19.899971,-35.154194
16.78398,20.22555,6.8485603,-27.026936,23.873968,-44.74187,-45.541122,27.396069,-14.005666,-63.171875
22.860342,17.363153,37.941498,-2.6352024,23.462128,-18.64245,-9.810881,-2.7413342,5.19832,-69.758606
17.631683,2.3690884,-86.22269,-44.302574,19.460732,5.6299458,8.057894,-34.04096,-50.596558,6.7948246
-20.15562,-17.717548,-1.776259,-17.771208,-37.232117,9.156763,16.286919,2.627668,-14.016571,-44.245007
-13.821316,-30.461535,-46.59566,-59.778103,-17.686523,-8.260846,-36.295425,-49.534443,-53.438263,30.425756
-27.67931,-7.5138273,-31.058855,-38.53868,-42.30991,-35.40655,-58.732864,14.57072,-29.032358,-16.03715
12.0023575,38.173477,-7.079497,-44.140057,6.8809414,3.9308228,13.928712,13.463906,29.106455,-33.379894
-45.902744,-7.2385745,-21.801155,-54.16688,17.06658,60.089077,3.9858341,39.147938,56.046032,-37.30872
-15.54019,-68.94481,-25.923386,-27.278036,9.267855,-53.835217,9.975282,-32.180874,-25.360075,11.64115
-23.667784,14.961892,-49.70188,-59.44435,14.666094,95.60107,39.487503,27.120007,50.03994,-46.95133
-71.749756,69.188805,50.549282,14.532322,-28.765593,-50.663887,-35.399323,12.496409,-12.280308,-44.440666
-48.487984,-54.068977,9.62828,-2.5597582,13.550495,-72.2132,19.409529,7.8917522,-40.9558,0.2949245
-28.50546,-37.44156,-42.736515,-50.25798,18.990927,9.918507,45.987885,-7.1792617,55.530186,-31.513565
14.179427,-85.83149,1.3077961,-38.834373,61.32247,4.9321995,22.758312,-35.130688,53.403576,21.209368
-8.65931,9.07437,-4.7976284,-77.89692,-31.825333,-7.168263,-28.63621,23.712597,-45.380074,18.53614
-20.202154,-11.369378,9.097349,0.65966284,20.547531,-37.551937,22.995604,-68.270164,-26.41557,-24.875753
-44.59671,-24.838799,12.171419,-14.693174,36.163906,-58.580986,44.0506,-11.024647,-23.545292,-11.919869
-13.667731,-55.010117,6.6656513,-46.377922,47.299202,11.635254,46.477806,-47.81416,61.80957,33.35175
22.98121,1.9406595,-45.90327,-98.2156,-44.148872,20.99942,42.930527,7.928387,-49.111675,49.426067
-58.5529,-13.767908,-6.1560197,5.7290998,4.212901,20.224627,75.14923,-28.075819,12.693459,-55.897415
-25.299011,-19.246738,-66.49987,-52.906677,8.174748,-15.421012,-33.400723,-1.0397816,-61.431744,29.657381
-31.673801,-57.716312,-15.860875,-12.910692,81.63121,-37.652237,32.106518,-11.809187,48.023663,-25.578243
14.261007,38.104557,32.025856,-27.913229,1.3184352,-8.717528,3.363039,14.213388,-18.482708,-59.329815
-2.6920865,-12.754315,46.604065,-10.17358,-2.1026075,-33.72103,19.708344,11.765515,9.095703,-36.286106
-4.4298143,7.0857997,-2.478921,-11.1088,-15.825913,-1.757219,21.813725,-14.803845,-23.73518,-63.469994
-42.386536,-22.981926,-40.266083,-25.732967,20.762783,50.97674,77.52774,10.233817,20.777382,-68.56663
4.165026,13.0955715,-2.1121469,9.051328,-15.190344,-39.790077,-63.60233,17.792942,-2.7173338,-36.78978
3.1831396,9.064868,42.787235,-6.867565,14.903342,3.921063,7.616358,8.765569,15.128194,-58.11445
-42.872154,3.761375,-24.691803,-39.35144,7.3567286,74.134705,39.11483,13.410169,11.927582,-64.27544
-56.42743,18.33145,-22.682697,-61.831894,26.271288,57.461533,60.301785,5.2575426,35.349857,-38.892357
4.7222137,-74.26756,27.086279,-49.728664,78.30368,11.787454,32.767,-44.747597,28.37548,9.132121
-48.662704,-49.103775,26.219934,-3.4657154,8.131306,-17.824713,31.380081,-41.216595,-30.251184,5.069048
-32.42844,-42.57352,-24.52021,-16.849817,51.39482,20.92866,30.283426,-36.023804,40.46039,-3.0684135
0.5758222,-8.1369295,-16.652065,-58.423676,-55.66319,1.1368159,-23.729128,-57.197098,-27.388142,16.44835
-27.154549,-11.119244,-53.229465,-34.504337,31.20489,19.857267,39.819122,-4.5814676,53.10069,-32.969654
-33.05639,51.36902,-55.376423,-33.623432,-10.813985,91.44339,35.93604,2.996332,51.98695,-8.191605
14.637304,-43.954296,-3.2463639,-15.581599,-19.979624,10.1101055,42.22983,-8.54763,26.309404,16.182293
-22.44369,-13.83833,-22.407816,-7.465,-6.6502647,-70.40088,65.18301,-0.21062863,-9.417391,-23.139105
-34.691704,-76.650215,4.6189933,-45.595592,2.9131455,-4.0215726,65.05893,-35.62314,46.510548,1.1863813
48.52463,9.971347,5.44727,10.756678,18.184572,-30.491594,-47.574703,45.904675,0.66551554,-56.439022
39.514133,6.3858705,20.790945,41.449345,35.030594,-24.765226,-55.23535,45.91643,-1.8694903,-49.21063
-48.033012,-36.578777,-22.386452,-17.74954,66.894684,3.5518107,26.12632,-29.92048,46.603573,-25.824652
25.8662,37.99888,34.944134,6.4912543,22.955309,-3.659667,-30.931402,-25.295048,0.3401238,-77.39845
-59.26632,20.673517,-39.682117,-29.412035,-29.184679,44.490955,42.277695,1.6426065,44.744694,-21.243544
-17.990484,-60.51797,5.340792,-32.303753,43.46303,2.8142147,58.76271,-26.525803,53.95833,-8.535479
-22.283995,-51.234383,28.738894,-20.2013,-3.475541,-70.55692,38.438602,-28.26426,-11.989875,-2.1761544
-16.194431,-62.52313,-37.307636,-47.611736,23.23795,5.123459,36.77293,-35.044483,87.20932,0.47628856
8.64295,18.768215,23.758865,7.7455587,-2.0201163,-55.993073,31.305004,6.138568,-43.320057,5.0776386
31.059916,24.760326,29.424103,-21.703112,6.0648994,-11.589199,-21.41171,5.048106,-3.2543635,-60.191597
43.66373,3.1380277,-30.96332,-43.87698,-7.451763,-20.827488,33.411728,-30.9227,-67.59012,47.817913
35.488113,18.93256,-16.292551,-18.800463,-5.0043793,-52.902073,-15.32395,-7.142851,-12.104022,-61.24652
-2.3953516,27.557274,5.5883813,-21.096727,-8.303217,15.440693,-6.892391,15.331083,24.086197,-65.0584
-31.35076,2.1051507,-10.592832,-14.1691885,-26.27309,34.873142,9.34603,15.930538,61.796,-29.478552
40.8258,15.724099,8.28305,7.3886595,26.328465,-55.589104,-30.392578,39.09232,-29.600159,-64.745834
-30.599562,-14.4775505,-54.64245,-34.207764,8.660533,55.25175,46.773438,-2.2263443,63.96985,-49.151375
9.250834,-16.52716,-49.417816,-37.830658,-38.050625,-0.5926749,56.084198,10.0104885,2.3148286,3.430833
5.6735635,-44.591057,-40.539734,-25.744938,-27.124727,-26.86419,-18.843925,19.451029,-81.060905,47.67972
3.4256587,-79.47555,13.934273,-34.123386,69.19193,3.5390692,35.642838,-53.50673,53.73482,8.405663
-15.731829,1.6861932,-25.875742,-21.195679,3.5458071,66.79742,30.398613,-6.2818556,14.273823,-22.779596
9.285827,-77.43587,21.043367,-24.114592,59.58065,5.900623,53.619453,1.4456531,52.37718,62.219326
-35.854877,-37.119884,32.676872,-20.109629,9.827654,-14.258536,21.051283,6.442932,23.349308,-34.24205
14.3266735,-51.82123,28.01662,-11.052142,43.717667,4.2586255,47.365093,17.035027,48.67286,47.34895
14.203072,28.901524,37.051434,0.011826754,-25.789864,-31.263866,-38.30898,-23.198143,3.2325552,-34.9728
-3.772238,-66.90076,3.3010683,-19.140268,34.034714,-11.342953,43.786892,-23.113567,45.07961,18.555037
-47.01185,54.654964,40.71667,0.89781153,-10.877153,-55.615818,-1.0950192,-41.320187,-3.7097054,-64.821884
19.424736,17.259167,12.350174,-19.550165,34.523685,-27.677202,-26.066648,6.363323,-19.243645,-58.970436
-54.99875,-42.76532,14.703788,-5.4777665,-1.2868133,-33.630573,57.789616,-15.024679,-52.80283,0.14033103
-41.322803,-48.937027,-17.82552,-38.218548,13.5598545,11.048777,74.70973,-17.19485,83.55419,14.296592
-38.806026,-25.50919,-22.65742,-55.425407,-15.159306,15.023733,-25.968649,-29.311993,-42.31741,3.9492447
-41.513138,30.286104,6.931731,-5.3476386,2.7858396,-31.991457,24.484818,17.759548,23.80256,-56.46393
-20.5895,-41.407387,-41.046597,-59.93702,-22.01334,-29.34877,-40.1012,-28.02087,-16.769894,25.018211
-49.178467,-16.828678,-1.829313,25.56311,29.631023,-35.970333,73.6942,-24.534,-28.82956,-56.85765
-24.475296,-16.855429,-48.279594,-40.020283,2.6226633,-17.236149,-41.842037,-12.29453,-45.10272,31.128948
27.467724,29.77176,48.067287,0.24575996,15.507053,11.506215,-20.745544,-17.56163,-12.807885,-69.63039
15.666676,17.168825,22.837824,-27.911913,-3.8821104,-18.345703,-44.236088,7.871032,-32.138176,-56.447887
45.229416,-17.85432,-21.969536,-84.984825,-18.055904,-31.729794,-5.354432,-29.713846,-43.813656,34.382877
11.313842,-3.2594297,24.251627,1.2587839,9.984104,-41.074196,-9.2906475,0.04309789,6.2241216,-69.04314
-22.551378,39.44649,-41.299778,-19.836021,-11.59203,61.53548,16.316141,-29.259441,57.559277,-12.734151
-46.23888,-11.451823,10.3585615,16.456518,17.083378,-34.347397,61.907265,-64.82902,-27.3614,-11.929893
-11.33054,3.1510825,9.716108,9.2990055,40.03065,-44.957397,22.670433,-58.393547,-26.191023,-34.58077
-13.967454,-63.67403,13.4141035,0.6481253,-15.364911,-44.75872,80.14574,-20.625555,-31.999266,-29.851212
-32.083214,3.670968,-49.917007,-40.768574,-13.965703,-2.0610602,-10.600224,-29.717579,-28.584595,22.802685
-42.307114,27.944565,-27.73302,-35.346928,-0.77197015,53.108086,19.11041,0.5514702,62.536068,-8.917221
-29.053055,-24.100702,-1.7659853,-23.267782,16.070158,-52.354237,5.041216,-25.564129,-27.258266,9.592864
-44.11584,-7.895643,-1.5179927,13.166061,34.394043,-48.74174,55.94211,-29.765368,-31.343412,-19.512667
-37.378487,-34.035423,-18.11855,9.066773,-4.394325,-34.87842,74.008934,-11.411406,-21.234554,-17.51878
-42.184795,-41.546658,21.457806,-5.4126163,-14.009071,7.1533237,26.105875,-9.077974,-19.552862,-29.976461
29.878489,32.953266,26.567814,-1.5161556,19.519125,-22.187243,-41.64346,-25.374943,-3.2814233,-82.45781
-5.327613,-57.657932,-33.730923,13.844724,-12.740779,-62.28687,79.29201,-31.368198,-3.9484892,-22.172155
-16.511955,-64.27746,27.856337,-15.39997,49.384747,22.879684,77.52283,-39.306496,65.52958,-3.1761427
-37.2561,-25.125526,-42.370464,-21.116673,-8.536063,37.059223,74.66558,17.743385,24.231085,-44.647552
46.200836,6.2029724,27.530357,-42.514645,-28.460213,0.660447,-35.613453,-4.7979927,-15.010362,-82.58591
28.92218,7.847893,-36.612022,-96.50756,-16.990343,-19.091404,-21.195084,35.037037,-46.486656,24.343832
-31.474028,-1.7986654,-21.195417,-22.738855,12.005225,35.90424,-17.68727,25.921188,72.7343,-30.298122
-47.059193,-32.487167,35.70456,-20.346144,32.370766,-51.16586,45.379105,-32.67117,-46.189747,-15.222432
18.333336,-44.9684,-26.420822,-76.313736,40.878757,-14.033584,12.952088,-43.563152,98.04087,31.354633
23.416826,14.770785,9.979346,-24.728914,-19.238712,-17.817642,-19.085638,5.525026,-1.8526385,-77.95425
-46.318707,-48.894962,-44.20805,-64.642876,-38.91061,5.899464,-3.639756,20.696644,-42.990784,7.8556376
5.2004676,-60.28214,-6.872529,-39.987988,34.727245,20.688677,66.98783,-60.5598,47.472134,13.92298
-16.91378,-32.530117,-53.659748,-32.04565,-9.233992,-6.5860863,-39.610073,-49.169933,-71.929794,24.794552
-45.67425,-85.97138,5.4165325,-40.089912,35.960968,-9.6521225,30.210241,-56.130737,30.582026,-6.557979
-29.079233,-45.706562,-42.503822,-41.471325,-37.35068,-35.99439,-53.63978,22.325668,-64.51607,36.96401
34.170456,-6.7177963,-0.22155915,-30.291765,-16.514723,-22.673094,-12.147085,-6.243261,-44.649788,-62.796497
22.98012,-15.156257,-71.04651,-78.258995,13.422496,-37.035843,14.013397,-8.059397,-44.681267,22.870815
-18.109123,-28.889864,11.426815,-10.55508,32.325256,-58.329094,55.952,-69.10326,-6.4847293,-13.457665
17.732838,-1.3118501,11.595374,21.342155,-7.558367,-40.073112,-40.082752,21.774244,2.9948194,-55.544235
-14.834564,-18.892641,-47.169724,-42.701218,-20.291723,-14.882298,-6.06205,-4.279633,-21.96184,43.48091
-28.906393,51.117405,-61.07844,-41.5764,-9.861286,51.170616,38.382484,-3.1867657,57.71912,-16.12815
-23.726067,3.9467382,2.5457935,28.500221,36.64831,-42.01011,36.852753,-29.209185,-13.978556,-40.980698
9.369307,-59.66409,-20.093143,-34.479397,11.520268,4.000694,68.55003,-18.11374,18.078705,27.00798
-38.752514,-5.5177593,-42.715527,-20.676907,-3.408959,-28.188757,-12.853259,-12.861374,29.40275,4.109398
-42.07806,-27.64647,-21.116829,-5.4887867,69.88083,6.5392504,34.376095,-33.958984,51.88062,-17.833723
-42.70537,10.390131,-59.48639,-36.706352,15.061311,54.376247,68.97475,-37.857944,41.037197,-43.4788
-19.184452,-45.45068,-40.87853,-64.459656,-31.40332,31.418543,21.753485,-32.525745,-59.425495,-0.28876096
-38.428463,-4.766402,-42.565266,-40.501595,19.179008,33.503586,44.237236,0.08569557,50.11969,-70.38792
-2.023412,-6.110775,-9.572271,5.309271,-27.384157,-74.195274,21.296488,-36.922466,-41.459484,-36.33443
21.843464,-18.668507,-14.936712,-47.304787,-24.233187,-47.723637,11.036826,4.7553368,-63.2695,56.168537
-42.51508,-23.39919,-11.944934,4.289505,-18.743837,-18.14167,48.231747,-0.14444298,-26.344898,-20.183462
-2.0321164,-16.513008,-1.4947556,-76.064705,-38.972843,-24.524462,-2.7471306,16.954983,-15.469488,42.43759
-50.62681,-0.868026,-40.30519,-26.08661,-31.91808,37.398014,55.356907,2.6707268,20.8008,-15.314436
30.583612,-21.938917,-17.025547,-13.351203,5.582408,6.0053744,33.858154,17.199554,0.15439811,-43.125237
22.03217,-50.360504,-54.307266,-29.697765,-4.8470893,-38.83492,2.8096,10.341441,-22.080376,10.204669
4.840962,-77.30198,14.394207,-56.81572,86.56002,-6.834675,16.17891,-54.299206,38.522457,3.4496162
25.48729,-12.907999,2.3653665,-34.379387,19.059347,-48.860397,-13.179513,36.055725,22.402279,4.382885
19.396553,-12.029324,-53.597607,-90.282364,-30.27987,-28.123007,-5.2702417,26.584476,-71.13853,41.319225
-21.034943,-19.367607,-51.06883,-11.16511,9.3473835,-40.10498,-9.278967,20.477346,35.331814,18.998035
12.644153,1.6014061,48.16599,15.539781,37.252125,-22.8871,-20.75741,13.049,10.915864,-66.41844
-14.670148,-16.174381,2.8799005,-22.922215,11.323097,-26.530264,26.176443,29.943167,-5.5482626,-6.137664
-32.30105,19.545033,-42.790295,-48.58642,-0.7357615,26.709726,34.761868,-5.489818,0.23331752,-39.715496
-24.12778,-20.987381,-33.654125,-72.61612,-2.440399,13.872644,21.393719,-5.801746,-17.918186,17.931828
-35.11302,-50.145695,-21.373987,-31.216017,47.10918,5.932055,60.173714,6.790227,31.151907,7.05622
23.689566,18.169271,5.0191784,-37.205364,-26.425411,-45.82518,-46.775383,-15.238279,9.307983,-85.398796
18.5389,-11.698091,27.390125,-7.5662007,20.039003,-4.3206644,14.6112585,49.6278,30.789045,7.4137383
-13.530397,-30.888092,-38.607037,-70.52057,-36.374718,-0.70521975,-23.871874,-42.899,-28.238583,37.112568
31.338268,-4.692064,10.489161,3.7497234,-10.359662,-41.568504,-44.85824,20.201818,10.422468,-51.39935
-41.38291,-44.19403,-3.5876837,13.953517,-25.301472,-22.081558,63.02496,-0.9922307,-41.05847,-8.873959
-53.3795,12.554056,-34.521774,-41.84438,6.9004197,79.97886,41.72504,5.862921,60.103973,-37.65304
-27.555164,-66.51721,1.5018708,-5.7928157,8.041937,-75.698006,70.86382,-30.418663,-31.864807,-34.864365
18.319567,-81.30935,29.3452,-62.158024,55.83586,24.500502,30.39949,-60.374252,58.54445,0.6421845
-40.452316,5.508549,-56.744507,-52.241196,30.381369,39.83073,40.820164,9.140994,41.144108,-43.310223
10.794831,-75.71728,-50.930786,-32.060963,-28.893215,-32.075397,-12.451666,-23.735888,-21.584925,25.74051
-11.298535,10.963987,30.605993,-7.918519,0.24055058,-63.96608,-0.44684115,3.8252625,-17.565573,-25.054207
26.512955,35.02065,15.4621,-3.5036635,20.4532,-26.82845,-21.67854,-1.1665505,2.196039,-82.79122
-45.098698,15.914224,-59.950294,-26.180147,-8.2652645,42.61605,46.02231,-25.7053,61.15797,-57.88178
25.985836,21.175175,-5.9014096,-11.528172,-4.6877713,-61.566307,-45.489147,-13.439772,3.720738,-30.783936
-22.884514,-59.08523,3.112649,-11.032728,3.0784032,-75.53142,70.21496,-43.68438,-41.286552,-27.782839
-36.194782,-15.98253,-35.77964,-55.35892,22.829794,24.391785,42.40026,-2.8068247,42.880093,-14.277426
-55.21978,-66.712814,15.090103,-28.165606,22.737778,-81.983376,43.168633,1.418719,-44.880764,-32.721703
33.945023,18.847721,5.192864,-21.415215,21.362381,-37.713886,-32.840733,37.68298,-35.81664,-68.76149
14.701481,0.39864618,-63.314983,-46.62024,11.538269,7.466232,23.208868,-22.852354,-30.785877,25.21553
-6.3391843,-6.4259615,-17.838343,2.230497,5.611457,-63.129562,38.547653,-53.82105,-41.51479,-60.961304
-16.248737,-12.596026,-41.47383,-69.29609,-8.867541,-2.8536851,2.9645686,-33.44871,-61.562717,16.511084
-54.471783,-30.900843,37.547455,14.014152,15.475966,-31.0736,39.794422,-55.394184,-49.9415,-35.409836
4.6591234,-88.98249,30.24799,-44.419003,29.540648,20.250015,70.45791,-38.746536,72.78326,24.134995
22.213451,6.700764,5.83821,-31.985086,9.81697,-35.90727,-41.1113,18.364483,-11.744777,-69.113464
7.3731437,-43.248943,-25.958513,-29.842163,15.630832,-27.847599,14.723791,9.5491905,59.715107,10.710355
-27.482426,-46.61906,-5.534732,-44.85409,-11.954136,-61.00742,6.446184,28.016037,-9.930971,37.91587
-40.989475,-2.305854,-32.531162,-43.177963,-5.687502,41.589256,47.87093,9.381183,-5.8025403,-16.926472
1.5594783,-79.30461,7.16337,-46.115204,7.8948145,18.398052,80.90917,-52.002914,54.94793,21.706299
-7.6830697,-67.74839,12.803062,-72.79587,8.102243,-4.386467,27.59504,-26.712885,35.80344,21.085543
-31.49257,32.99986,-52.463444,-43.982563,-21.045181,70.81613,31.505432,22.162582,40.55788,0.882679
-42.625256,-41.275795,-14.52511,-36.45425,46.721348,5.472485,50.3066,-15.34966,74.39928,3.218167
-45.485294,-24.42077,-7.2006288,-22.7432,6.2627134,20.509169,91.482544,-7.709584,43.62604,-42.700386
22.396235,-4.2299995,-34.81713,-39.96591,-20.311356,-2.6623485,57.52031,-6.0065327,-64.12451,41.975323
-6.8893876,5.3347893,-24.985397,-84.47593,-41.21783,2.9900427,-17.430988,12.432376,-66.35571,37.711994
-9.0365095,38.26671,2.502048,-27.153545,1.9374268,8.728569,30.158983,10.015957,13.263939,-54.918816
-18.087982,-21.23214,-53.039143,-41.548374,47.878513,22.729221,30.614494,8.840112,63.60702,-20.656456
7.50375,6.543628,-16.041246,-3.5460372,8.48066,-63.882076,28.001848,-61.46384,-47.107224,-69.72131
25.071243,13.99154,42.320282,-17.607521,17.060045,-53.288925,-5.837963,11.190045,-16.492998,-72.01264
-29.852016,-28.826593,-18.858152,-18.878645,5.633492,23.175213,57.94998,-12.876261,36.67017,-13.155612
-23.945492,-15.227305,-16.421455,1.1726154,0.43235868,38.11108,-1.099783,20.033195,57.604122,-46.184208
18.619343,-18.530388,1.2898623,-1.8094658,28.957418,-52.91296,22.417683,-14.652982,21.962317,-40.62648
9.654931,-36.902187,12.906262,-12.387169,50.79459,-19.490671,45.151146,-25.277355,63.7884,7.557292
26.065598,17.999674,12.604564,9.177725,-1.7097456,-35.151745,-63.468273,-14.562385,-2.3791811,-13.555632
-13.513241,13.323363,-11.887361,6.9175243,0.61551625,36.667274,44.240368,-28.17548,28.175169,-42.756275
-31.46986,-37.942863,-34.738525,-30.044262,55.864933,21.735025,59.439327,5.056042,45.12659,-1.345442
-54.220657,-55.54463,34.13125,16.603693,17.729082,-49.04452,51.992218,-47.946583,-31.498213,-24.564098
-17.320404,-69.56995,4.0123305,-28.95533,74.39417,19.9589,47.04744,-9.520836,93.32815,32.459133
-52.565235,30.131758,-38.42127,-56.01985,10.300033,54.795433,65.86788,9.030122,65.01728,-40.819145
-15.933361,-15.896546,-15.771218,-14.829558,15.7081175,-17.065504,52.373795,-18.922457,-40.849033,10.400113
-27.345945,-33.309475,24.33861,-3.9406712,-3.4186726,-67.68232,32.600845,-1.5496521,-40.88123,-28.244448
-24.672874,-90.72794,2.581233,-21.181335,44.85069,-29.512976,40.091496,-1.4929967,12.568381,27.289927
-18.519989,-23.817722,-36.778503,-65.00195,-48.296524,26.178797,-15.429311,-46.964264,-21.496555,24.94344
-42.825043,-9.779284,31.544163,-1.1689655,25.854744,-35.886147,30.841125,-20.159372,-23.118889,-11.866141
13.159024,11.280825,-78.03245,-54.520317,19.683973,25.718754,20.8244,-20.722162,-4.476214,11.094632
-23.130623,-11.614024,15.109344,-1.5825269,45.308537,-54.618076,28.289637,-3.6459699,-30.166283,-33.737587
3.531508,-45.714108,-19.124235,-44.52628,35.275272,7.9711843,68.81425,-30.641632,44.80289,25.70317
-1.1535642,3.6632419,-18.504822,-98.559265,0.539491,16.954107,16.208792,-13.38584,-46.949284,11.842137
-25.574514,-22.310085,-11.125829,18.190823,15.728709,-15.8240185,89.84267,-93.42027,-33.593037,-53.33939
13.405662,10.054607,26.301437,14.219579,-6.3389754,-68.30248,-58.55767,-1.5500333,12.871225,-26.991322
1.5823808,-17.794989,47.67591,14.365738,18.508356,-23.829386,-1.0735824,15.560029,21.330677,-60.039284
3.806035,-56.90685,30.748474,-47.20438,70.798325,10.694452,24.37618,-43.717686,33.67257,4.4117947
-4.4739428,-34.354366,9.298583,-40.68618,24.242952,10.221645,43.37513,-11.167159,81.660965,33.969685
-19.308435,-35.385414,-35.045784,-69.45936,-28.642006,-11.016046,-5.7489166,-36.080338,-36.711765,19.708963
-31.528284,-1.7546046,-56.410828,-49.789783,27.652906,38.10305,32.356262,5.49635,56.55935,-46.347107
-25.471369,-43.309776,-4.5422664,-12.412773,67.83737,-20.529322,65.43072,-12.844422,55.897446,7.656253
-46.258728,-37.566177,-40.503418,-21.282175,18.277758,32.94671,3.9867673,-33.962254,42.685547,-14.710647
6.939527,-4.6413255,23.437777,-4.8804026,-4.1957526,-67.169235,-33.187374,55.743,-26.006783,-75.689674
42.591354,34.653156,27.798542,-9.400367,33.225395,-33.250477,-32.68268,40.03776,-23.785261,-80.26332
32.276703,20.672989,-44.880302,-25.08948,-15.119895,-9.017289,37.01217,-7.512418,-69.03679,48.196636
-40.484314,-44.05576,9.998362,-5.4903865,-16.141754,-55.49854,46.658123,-29.68246,-41.771515,-10.510799
2.92768,12.638768,34.78935,-15.062554,8.821251,-19.626825,-20.499992,2.9390378,-2.5625834,-74.93859
-37.596035,6.66739,-10.415068,-34.985752,-35.830223,-9.822282,-33.39125,-4.0038977,-36.637074,-31.647467
-30.479168,-1.3524743,-1.1767287,11.698012,34.100834,-58.50652,43.68649,-37.84934,-23.855314,-13.368135
12.519953,9.920372,4.821925,13.914421,-5.399661,0.27451432,-0.6883944,-43.260006,26.154106,-62.158634
-59.487686,-20.376146,-40.275063,-50.687508,-29.349127,-3.2036068,-22.367025,-1.0498765,-54.949486,-18.78141
-18.350922,-50.03309,-36.333805,2.6546974,6.75998,-47.854866,87.93849,-44.620903,-28.001572,-39.74755
-16.518206,30.174551,5.3274693,-30.987764,-13.183076,-41.821857,-44.582188,17.590242,-29.987402,-85.14639
43.88191,-35.559086,-88.12968,-65.776306,18.617184,-80.898964,-17.63784,-48.11228,-49.820263,19.122047
-29.301693,22.622974,-39.784145,-14.608974,-2.2442083,68.87131,25.157711,-33.20752,51.562954,-18.451454
-45.543476,35.109005,-56.667347,-49.644474,-0.9361365,64.848434,15.557214,1.485684,53.66335,-15.47668
-48.3005,-15.629331,-73.41206,-59.41202,-5.9908533,-2.8318856,-45.078964,35.78092,-38.57805,0.2028935
25.016684,1.7647595,-16.548628,-38.105446,26.565613,9.486213,57.53798,-53.700512,-3.1998334,45.30687
-27.406372,1.6619198,-14.2943325,3.0467768,-24.510553,-62.767807,-55.105667,9.351805,-15.15321,-36.764362
34.659912,-3.5798955,5.2534823,-7.840305,-0.8407821,-50.582157,-54.746124,16.614418,-11.039244,-73.907104
-21.235756,-6.8620954,-13.621118,-8.820919,22.335247,-46.05793,5.9855237,-45.597862,-37.1546,9.7094145
33.647896,-38.47546,33.544247,-17.046904,5.7440395,-16.767975,-10.024563,38.138638,37.084812,-18.05488
13.904068,-70.06784,-3.0669758,-51.843124,53.60861,13.013632,44.401543,-11.876138,78.30353,45.1443
2.033747,-16.479746,6.288204,12.252501,-21.563097,-68.89697,56.22326,-52.87307,-17.870825,-17.229925
56.400166,10.731013,-27.048248,-41.418644,-33.299427,22.29946,55.08523,-11.334244,-69.451614,59.25307
36.5833,19.754797,28.036085,-4.6494436,32.772213,-11.81387,-39.765427,29.054598,-20.041168,-74.49488
6.68076,-3.9767225,65.039635,12.136538,3.0841591,-53.06072,3.576223,17.110764,0.5850011,-52.872902
9.008099,11.621853,45.550224,0.41941988,14.190751,-15.159686,-34.714058,-17.861534,-12.5068035,-74.176216
-6.6520305,-26.494713,27.16908,29.461601,5.180693,-33.68222,-18.304226,4.6058903,-6.639447,-40.964638
-29.294325,-43.88031,-34.759018,-54.38138,-37.343964,-35.646664,-11.201281,27.104086,-52.635166,51.28261
23.191147,18.471731,6.3391094,4.2111483,-9.610421,-48.591423,-43.90854,-14.594026,3.3466303,-13.92024
-19.188967,-42.48097,-1.4111376,-12.712792,23.970419,-18.32791,36.825607,-26.867313,32.023434,-15.274584
-10.229555,-22.778898,-6.1649036,-0.4023103,-22.29769,-69.720985,24.828613,-44.790386,-36.28182,-30.366306
-37.06324,-44.14816,13.516667,-21.698452,-1.6387011,-59.575813,53.65468,-40.794064,-22.888906,-38.621326
-25.291237,-35.332924,-21.752493,-42.517994,41.64753,10.517465,44.999023,3.0901823,44.999237,-10.201456
4.7914367,3.8026667,12.626596,-1.0579705,-12.375302,-20.421164,-23.334778,6.052082,-9.51895,-61.8794
-15.282457,-81.42664,1.3534871,-18.257498,25.965946,-3.435764,61.70618,-41.133812,57.805958,0.8661473
-3.460086,-26.696228,50.793106,5.391344,-0.9052392,-59.68852,0.03581655,10.750748,3.7314246,-36.549747
-5.171772,-16.877245,-51.26457,-30.66609,12.928537,3.163836,22.51504,-1.882949,-7.963756,55.851067
11.745734,17.032194,16.246176,-9.644478,-35.70507,-40.630104,-36.316673,16.948658,3.868684,-81.71533
-11.803397,-16.345835,-49.418446,-55.187954,10.595311,5.101436,-3.2366395,15.840588,49.383114,-27.017973
-28.293318,2.5414624,13.782445,-20.596428,-20.592258,23.238129,32.390453,-14.048615,-0.28891778,-23.960299
-43.380707,10.82486,-34.005432,-32.103683,-14.450289,5.858943,14.783442,-13.96093,35.313435,-30.627304
-53.6299,1.5741546,-12.825557,-2.6562254,3.9464107,61.944485,37.198933,-42.61386,43.984417,-33.711132
-52.22276,-34.615227,6.2499924,3.5838366,61.436836,-48.24026,80.68294,-34.02184,29.271412,-14.092525
36.586853,45.044422,23.301441,-27.062191,40.36172,-49.33296,-92.65137,11.270392,-37.61939,-76.435074
-6.557261,-7.4899397,-27.716717,-17.564522,14.546957,-47.526752,-0.20701052,24.825472,48.303646,-7.403194
32.166206,12.607175,30.21144,-26.771395,11.034186,-34.484543,-30.052265,46.824577,-27.517246,-75.79155
-36.149544,-29.259436,39.868942,-8.634051,18.955288,-44.67835,46.230103,-13.460902,-27.088505,3.791845
-39.286766,-14.139588,-38.74141,-20.97678,-3.247175,-26.871168,-34.261997,-2.9676666,-33.549873,6.6581764
20.417912,21.109795,27.93481,1.7457498,18.114891,-19.37908,-39.64771,13.393407,-3.8704321,-72.95858
-50.64991,35.919266,-71.07451,-46.753242,13.224685,61.66208,27.96661,10.496387,45.44351,-41.39321
-47.069397,-3.7293587,10.2438135,17.05948,23.76357,-23.088087,60.02921,-67.09976,-1.9515556,-32.825813
10.226913,-66.21038,-41.872944,-23.495466,5.80672,-48.27648,33.588028,2.558822,-34.476933,14.133075
15.911538,9.364884,-47.923088,-79.59102,-17.358957,-21.575827,45.070255,-18.491875,-58.96914,18.141083
-44.203953,14.787765,-48.61523,-51.590897,-7.2097697,81.786064,21.256708,26.21949,93.45455,-31.09358
-18.872242,-57.542763,13.959084,-14.396947,14.445192,-59.174503,51.13935,-57.81898,-30.345932,-23.338928
-21.81326,-80.75373,29.790257,-31.701662,56.413242,-3.6620834,55.788948,-52.626957,38.83492,1.3642557
-10.792879,-81.55086,25.594488,-43.8388,41.94978,0.9266161,61.52035,-37.008366,44.60699,4.453741
-6.8991942,2.855436,-49.751102,-77.957306,-26.97061,-0.77109444,-2.1100788,9.372411,-62.67778,3.4637516
-18.642694,-32.76399,-24.08733,-58.281464,35.964077,18.96088,28.274448,-50.497063,34.77909,15.608336
-47.515408,3.340953,-49.35457,-35.407032,15.0671015,84.631065,21.02976,3.624019,31.549368,-27.187187
-24.20505,8.314449,-39.770008,-30.155775,-16.1085,41.16005,7.6841674,18.555187,71.33079,-36.0732
-43.905773,26.559528,-57.127483,-47.11396,-18.97968,55.08518,37.62203,0.92058533,56.07655,-29.035576
-45.03114,-23.2346,21.928274,-12.525409,28.491137,-40.964657,21.979746,3.0566876,27.757235,0.49812913
-48.729836,18.917143,-42.189114,-45.183075,-28.958616,48.31078,29.0027,-17.852655,37.45008,-29.6487
-27.31886,-14.312254,-32.30173,-49.4702,-51.43982,17.305815,12.9824915,-50.706253,-39.697895,36.293694
-37.499462,23.470564,-44.26696,-31.49225,-7.138457,72.3025,19.75545,-19.01618,52.087147,-16.206228
30.163977,21.047123,15.336085,7.734082,-8.3365965,-31.773441,-31.802155,26.092793,-2.752277,-54.18783
-27.597752,-65.80698,6.509843,-74.39385,50.3173,-19.503458,16.987694,-30.141024,31.492514,3.9727457
-51.36492,-42.580784,36.14432,10.530791,20.553715,-50.06877,69.69118,-48.22339,-50.71847,-4.983317
-21.582815,46.57882,-43.81447,-13.972195,-18.692568,63.007397,28.82233,-27.991686,40.36973,-5.967198
-30.120169,11.2347555,-53.977543,-44.813953,19.710426,55.50931,67.845665,-2.8890688,52.02936,-63.764545
35.0145,22.997131,-19.888807,-54.510216,-55.054913,-44.673748,-44.312862,27.755743,-25.496822,-3.6202657
-22.9323,-37.24832,-2.6507857,-11.494047,-5.7452188,-70.46918,29.843134,-53.935272,-14.339634,-6.7853165
15.845098,-73.33836,1.3756691,-46.729794,72.42307,16.837196,30.010506,1.0077745,74.96559,48.55525
-3.5737858,-23.253445,6.7555876,1.8253411,41.509846,-61.295406,36.16548,-48.84104,-21.456724,-4.4227843
1.3975148,-29.625233,-71.420876,-36.731617,-12.593603,-12.070928,4.426097,16.641268,-23.705582,9.939279
6.034654,5.469394,16.721464,-1.432174,40.11635,-55.232845,2.814948,-44.585644,-30.13845,-32.495735
-39.00782,-38.66567,-20.875603,-1.1925697,4.997004,6.8583694,19.520544,-1.7151157,39.54946,8.776454
-31.938782,-63.82573,-11.617328,16.974022,7.507717,-48.69976,67.829346,-51.449512,-32.19813,-55.78074
-1.939318,7.5257897,-28.156734,-65.42939,-43.246113,31.905321,-1.8965648,11.6925535,-66.20224,43.033047
-38.46441,-46.558636,23.067139,-11.984324,-1.5484935,-62.124004,58.946243,-1.3387328,-49.53636,15.809167
27.815916,28.989563,-5.8576136,-14.953136,-11.819946,-54.926075,-18.701792,-15.124364,-8.372684,-28.427914
7.4119725,2.4680717,-39.01065,-91.03745,-40.918037,22.67374,0.33199573,-30.170599,-47.56171,25.793915
8.973793,-18.470432,-7.1419654,-2.5778003,-3.4775157,-54.270634,4.49062,1.4446872,-17.082634,-43.704273
-0.014829343,-52.628124,-6.196863,-11.270446,10.394647,-69.400696,34.18114,-57.56235,-27.046974,-54.571625
-0.084427185,-71.6969,30.025541,-50.971706,70.057526,5.7786517,30.553497,-41.53328,36.6188,6.965127
-58.86288,8.06233,-19.589127,-54.241985,29.28485,58.634937,57.51888,6.002994,49.998207,-41.95904
-26.330957,-29.509455,-28.5851,4.071466,-3.0408218,-26.53877,-44.753944,-25.108166,-40.463974,19.873194
-36.08695,-45.48048,-18.265549,-55.90458,-20.336676,-2.757172,7.1981125,-35.045845,-46.923817,29.001995
-9.8884115,-52.045868,-3.2369647,-8.3064165,21.63516,-1.1050082,42.6947,-31.749453,24.44174,32.107185
-50.727142,-33.056446,-10.264955,-4.0867095,29.733915,-64.769196,-14.280806,13.653626,-39.24107,5.067622
-0.8529501,18.585155,29.013805,8.253858,-9.183258,-53.22276,-41.201675,-9.816809,20.887457,-37.162395
-42.022945,-35.534805,2.6708918,-11.060799,19.924131,-31.97845,65.44841,-20.528719,-13.370402,-19.887646
-8.215404,22.97332,-49.69704,-71.09999,-46.506927,-67.5367,-10.654888,34.861095,-42.459324,17.870256
-27.283613,-28.373547,-20.950878,40.574562,20.519457,-26.917475,58.461674,-25.046597,-15.772639,-68.23809
-16.546791,-53.417362,-20.767366,-30.383942,45.153828,16.067316,56.576977,-33.73771,77.534775,-6.115621
-50.312237,-29.346264,9.752699,-14.287699,17.26835,-54.67745,95.1608,-48.326035,5.9977016,-1.9929969
0.37820172,10.968349,30.85262,-8.574721,5.5134335,-33.810333,7.3091846,8.29213,-0.7549202,-96.54897
11.880641,-26.076351,-34.709785,-32.00604,-26.64867,8.733308,12.898828,-15.501934,-56.606728,30.02245
-24.08728,3.6930757,28.012684,1.0353202,18.97443,-46.8799,-7.695636,-4.0461407,-2.6976318,-38.618324
-15.351838,4.185018,18.761942,-17.34205,-44.188972,-44.828663,-7.433829,-11.037394,-35.42186,-15.464982
-17.456856,-3.5827851,-45.145435,-66.06431,4.443546,-23.286001,-8.49391,-16.61365,-63.040882,22.638851
33.17058,31.268435,21.508905,2.5025554,33.0657,-29.370861,-32.250957,6.7993116,-12.994634,-79.16583
24.89259,27.956312,30.471771,9.534894,26.27138,-25.257315,-61.742176,15.736547,-15.669777,-73.647705
-58.924053,16.349964,-35.30342,-62.231884,14.457954,66.16217,38.56182,16.94234,84.11928,-43.35751
1.117616,-28.0001,11.253369,12.407303,-24.477287,-54.87034,49.472515,-75.738106,0.02656141,-5.724473
-11.254155,-81.46914,-26.640902,-27.888353,-15.309031,-51.365887,28.462881,-9.465326,-15.645612,29.785366
-14.939327,-28.677553,-74.09353,-43.523582,-0.5642922,-38.477528,-56.007305,2.4900851,-9.617692,25.611996
-2.6358054,19.743958,25.1597,9.879825,-20.756094,-52.72017,-7.571371,51.46972,-16.960148,-80.34772
-3.2582603,23.990011,14.2515545,-47.641106,-7.968581,-37.754593,-67.89485,8.01944,-13.442488,-2.3360696
-15.87235,-39.479034,5.1300344,-10.866442,-15.80612,-49.925106,82.93339,-20.665243,-63.89193,-18.684778
-23.359869,-1.3506446,-61.73187,-38.708447,-17.023424,21.601358,-11.034455,-38.74735,-64.75332,17.019789
-7.3768034,19.225275,-62.552826,-62.372833,-11.374912,30.341406,5.5750074,-11.508079,-37.815235,-1.0242417
-17.904408,-37.91483,-14.422151,-35.589157,38.684826,24.00741,35.072975,-37.943954,44.930614,-32.398773
31.018759,12.159541,-44.230335,-66.61646,2.2310462,-7.827174,44.77541,-26.727175,-50.38996,31.724522
-26.043392,20.429678,27.016214,-5.0091147,-21.199175,-42.917194,-40.165512,11.818927,-11.940132,-100.01847
12.887181,-73.03484,-13.204722,-45.135254,58.617393,0.35818994,11.438172,-34.916714,65.06004,10.280504
-19.312101,18.21499,-36.86665,-47.85113,-0.6174638,63.116528,29.081333,7.6227727,41.253628,-22.468994
-15.115647,-71.79285,-0.8131235,-7.783063,32.014175,6.7149835,36.984867,-16.27013,77.3556,-28.00165
9.751827,-51.129517,-14.093972,-22.149773,45.044098,-34.31481,41.36366,-55.60114,74.22676,22.061253
-11.691562,-12.282529,12.623506,-3.4633877,34.964344,-52.848473,15.737939,-54.985397,-21.090488,-38.657948
-25.803629,-34.516068,24.944872,-5.5724745,-7.354263,-47.715385,82.29865,-27.801306,-41.71297,5.6273165
-14.591858,-73.94844,-16.90729,-18.661427,7.8288584,-14.873063,75.03199,6.3684444,15.638892,3.5450976
-1.1731591,-30.700127,-31.69422,-18.065624,12.576523,12.708866,40.77612,-43.235332,57.974827,46.630238
-48.312176,-61.154675,20.15624,-19.246841,10.11983,-47.481403,87.39091,-41.75958,-10.23669,-15.620132
-37.663715,-34.040348,-52.94607,-61.38634,-35.049126,17.557804,-19.547125,-26.119072,-39.797787,-9.173379
-31.549568,-36.146133,-22.311516,-12.519092,-11.020101,27.848475,35.35844,46.10001,-31.035463,-40.05802
-17.724037,-51.29369,11.888838,2.4813576,2.6367464,-64.65546,23.51347,-51.118217,-21.45034,0.19693947
-24.934101,-40.793175,-18.380709,-17.367596,2.9240174,-28.608232,-14.604799,-27.84735,-5.27313,14.810628
36.644756,-14.820505,23.086409,-14.229202,35.224785,-3.3218968,14.942329,34.97042,44.057076,-7.798612
-0.63610923,-13.170648,-1.9364927,-2.5854974,31.653004,-48.719524,-6.4833026,33.781334,31.308376,-28.633686
33.98925,27.98594,9.346973,-12.5253935,21.203537,-41.86591,-41.321323,26.159979,-20.197062,-61.51985
4.2984033,-59.234886,-17.73012,-29.171452,7.9732766,-36.248398,63.0073,1.8867158,-7.3091125,20.555832
1.9395084,-48.852497,-48.858875,-41.08556,41.281845,0.52927506,10.381377,-27.778896,85.29771,5.115079
-24.31412,-17.724833,-17.64525,3.5619593,15.434877,73.865875,44.566097,-14.8359165,55.342876,-21.640682
-19.621613,-21.292683,-13.9332695,18.271229,31.159826,-48.090515,68.70429,-36.00382,-39.373238,-47.37653
-8.104596,-17.709406,-36.184204,-9.24319,20.628052,44.183865,20.72992,-12.013912,94.47788,-29.051346
20.067398,30.109749,11.59077,12.214452,13.033102,-27.323002,-54.458805,32.676075,-22.834488,-58.95187
-28.197535,27.600939,-47.970802,-51.179405,-16.387285,52.73607,37.645073,27.267128,68.47266,-43.466034
38.615482,15.713273,24.442616,-13.807692,25.107235,-43.88248,-18.358671,44.020367,-12.413143,-74.02038
-15.219842,26.716307,36.26875,8.331528,-24.5113,-40.334846,-9.136635,10.512737,0.08034721,-84.7396
-27.295656,1.8633854,-42.032387,-90.295135,-16.657349,-13.53803,17.226898,8.883359,-58.077858,4.6199474
-27.698229,22.5863,-50.73193,-11.105078,-6.836477,48.659855,36.13175,21.39347,58.881058,-36.43751
10.543628,-27.446817,3.7016444,-13.436642,13.542354,-25.351461,20.319002,-15.749401,-44.033928,-52.45186
39.658524,1.879632,37.50869,24.40127,7.6437836,-55.64733,-42.077297,35.224174,-1.4537097,-46.6162
-44.74881,-44.1361,6.54061,-2.3897994,49.074104,-56.316914,41.472248,-22.297388,-30.511974,-34.17843
-32.455532,-29.186075,18.141418,-7.890117,-20.724741,-49.61093,73.095955,-15.770411,-54.96611,6.0480223
-16.615704,-61.115757,4.2005625,-11.503914,32.03703,4.1856465,66.08629,-55.888317,50.85659,27.35544
-49.71875,-38.869255,-19.102049,-11.124539,38.252327,9.895387,53.81858,29.657507,59.40777,-0.23658247
-45.198433,4.136067,-40.166153,-45.60013,-16.03812,40.232643,15.126787,-26.084534,-51.766724,29.514868
-47.799236,-26.931814,0.29527664,21.928347,14.44675,-0.061453346,68.989006,-75.80887,-10.764389,-42.81937
39.012096,-25.807684,-73.83553,-72.078316,2.7479274,-53.766228,-13.671487,-36.817307,-40.084923,31.512718
-32.06831,-41.46432,-29.71973,-5.6289573,15.649231,-10.033859,27.552202,-21.346327,27.895649,26.933311
-3.8331988,-44.70163,-36.73821,-46.90505,21.325308,3.6201792,40.768482,-35.001446,18.046402,28.494406
-42.922504,-4.540734,-70.83027,-25.85485,-8.141681,-22.752466,-41.03759,-8.546527,-46.934464,33.552765
33.835526,-22.408728,-79.75432,-55.344704,-30.679323,-44.185017,-29.722181,-56.42043,-4.761234,1.0175693
-31.594486,-72.01281,-9.011155,-17.089813,6.701479,-95.39396,60.357506,3.469311,-13.463259,-10.896182
-27.143604,-44.86906,-32.476482,12.974235,36.29907,-48.525505,81.024315,-45.12084,-16.712545,-57.073555
-44.016483,-29.348614,-38.326622,-32.974422,9.1366005,22.207802,37.06385,14.659415,44.299744,-44.88726
10.580924,12.802332,-7.1682487,-11.452423,26.90826,-50.623642,-70.76608,14.064591,-30.848946,-39.509808
-21.974724,-8.388645,10.102647,-19.256536,6.0403347,-43.30176,11.84584,40.533234,-28.973951,-29.642754
-18.871264,-32.762833,-19.719278,-23.549227,-4.0712175,5.7119336,64.54634,-15.659211,27.597939,-2.3660657
12.9598,-45.646507,2.6855874,-6.540296,55.46117,9.350497,58.122967,-43.93186,72.26577,22.330353
13.896369,24.084318,17.762642,-4.4099393,-39.854153,-18.836311,-26.72607,-1.8493937,-12.632184,-55.891724
-8.548244,-14.767928,-17.179152,-9.229568,39.62875,39.553364,44.575233,-8.939514,41.583702,-37.071293
-16.981058,-67.45404,-25.77318,-29.827913,55.764343,3.7432036,35.28626,-10.382258,50.944828,-14.7563505
-9.69955,16.792042,-14.274055,51.184845,-35.149708,-9.444708,-7.809515,19.972794,-24.55144,-23.903969
-43.10414,6.6367025,-51.426895,-48.62061,1.0014067,62.41992,65.67601,-40.29452,44.254757,-34.515064
37.56967,-43.980503,-90.788536,-78.62848,9.941038,-63.91282,-35.862766,-24.468857,-25.939348,29.398247
17.895489,-59.81169,-7.725622,-17.58896,51.088123,16.311678,56.54062,-27.062548,84.98736,32.137478
-31.67058,-57.568512,12.4129305,4.5610156,12.887696,-60.726032,34.055695,-54.694138,-35.13252,-24.574894
-18.171593,-63.08635,-2.5414813,5.69948,-5.1727214,-45.01422,55.04899,-54.654503,-31.648846,-47.89217
20.216572,-4.3454423,-43.2898,-71.51683,-25.120924,-34.529938,18.616861,-6.504808,-85.764244,29.434742
23.47511,35.99339,47.070866,2.6017747,18.061152,-1.8093445,-35.62622,7.657095,-17.683147,-80.97799
3.6691315,-66.82534,-36.813213,-40.434673,26.218294,-1.490576,27.529066,-31.236004,58.947968,-6.020929
-27.727049,9.261355,-2.926242,13.630124,10.712588,-36.9883,16.715439,-32.040066,-49.66404,-17.227734
-12.757632,7.2009,-48.24728,-99.78916,27.265888,-39.41244,-40.066925,11.080245,-39.06887,2.1773615
-20.747297,-49.57575,-41.990276,-42.829914,31.016813,22.634678,38.508675,-18.0144,58.806126,-43.781197
10.173885,5.584662,12.900491,-0.25510716,35.83098,-44.96295,0.40210718,-46.98926,-29.814873,-50.72358
-4.8916626,4.15457,32.275063,8.641536,-9.866509,-51.82272,-26.231955,49.081234,-19.145763,-98.3965
-41.950264,-35.21675,3.4024882,11.718726,10.799325,-14.738726,73.22153,-80.59843,-20.369455,-46.33743
-23.77947,10.506872,-14.322371,-44.290077,9.501037,-6.675431,-6.1166153,-31.75839,16.39162,-20.833364
-5.6288495,-28.171942,-40.59596,-56.172165,-0.8382786,-3.968696,-32.97125,-26.044436,-77.20912,11.435992
-65.31468,-33.916355,-27.872074,-24.90159,-9.239318,-19.96226,47.41073,12.779597,-5.0726433,27.3254
-7.5883284,-23.030397,-42.71203,-57.72424,9.8795805,-1.0709432,28.469604,-16.527325,-7.0518775,23.755915
-55.878426,-27.064117,8.441881,34.730995,20.2001,-37.33752,60.727264,-36.805492,-47.716522,-26.651669
13.644254,-14.907596,-118.62289,-58.60264,30.23051,21.555122,-48.66682,-44.013767,-40.990276,21.025219
36.608044,6.070831,5.1664677,-15.301927,-9.562714,-45.851624,-54.23044,-8.66987,10.186689,-59.01085
-41.935585,-96.06935,29.934172,-62.78589,58.854336,-7.205372,7.756602,-39.67753,70.82029,4.904599
58.987213,-8.341356,-19.033743,-45.750027,5.2794976,0.1502546,19.427723,-7.256239,-86.77653,64.5911
-53.979805,17.427828,-57.03838,-41.98733,-18.122787,50.770878,44.043804,-31.435635,30.775621,-20.40342
5.301372,-56.70409,-24.62469,-35.94262,56.61869,14.597833,31.082985,-34.829994,74.740425,21.826054
-9.802673,19.919212,-45.65326,-28.55686,-37.101467,44.382103,46.1045,11.377052,74.473816,-39.6062
-63.212776,-15.104342,-49.471565,-51.164944,-43.434746,13.536246,-37.01749,16.676931,-37.520645,-2.6717532
0.8568396,-42.078342,-10.20834,-1.5453229,2.8055446,30.468985,41.53409,-15.115717,91.70922,-19.11213
3.089656,12.031897,33.869938,4.347944,-6.0276103,-17.30019,-6.1038766,46.502357,9.315205,-38.330048
-15.635413,-75.019806,-25.826263,-37.19108,39.157223,19.267818,44.7729,-39.370186,70.24847,5.0092897
23.434097,4.469099,43.11984,-34.33682,-7.2034507,-30.847538,-13.257016,25.155907,-24.490522,-78.154144
4.757758,25.722887,23.598389,12.995148,-12.001088,-41.501945,-24.454063,3.801716,11.948968,-64.525856
-5.23629,-15.453466,1.3049108,1.4494835,-7.131615,-74.93065,9.162847,-60.874302,-19.768875,-36.538166
-21.396502,-51.388298,-1.6285919,-10.316677,25.1921,-48.884464,54.348244,-50.20161,-31.063734,-28.55744
17.756409,-31.126814,12.1278715,-30.791376,43.414787,6.7164865,44.390488,0.44798627,69.868126,23.76009
-58.63895,2.0380263,-0.36804622,33.53052,7.5073338,-11.6432495,48.861332,-9.856784,-50.720135,-12.78939
-7.544722,-31.138699,-44.038162,-40.887756,-35.5955,5.447561,8.913711,21.183475,-45.326378,26.584103
14.634022,37.300076,4.1094346,-4.799711,18.786493,-42.462616,-49.159733,9.134562,-39.69344,-47.699615
-37.48762,-42.31939,-22.353994,-17.449377,-23.616425,-51.153027,31.981686,-33.678852,-43.58329,-34.222103
28.830109,-4.8636446,60.619442,-5.0737953,8.558434,-40.32284,-2.997736,28.362259,-0.0694695,-64.28548
-45.043617,22.00893,-65.325645,-46.80474,6.6935916,52.535267,40.49713,21.048267,71.60905,-55.86212
38.043785,-4.136139,44.232445,26.434065,15.799806,-54.566494,-27.145771,34.807705,1.6343881,-53.299843
30.14782,48.338753,13.748577,-31.294344,16.424395,-76.972855,-89.32319,11.241656,-23.585081,-96.51829
-28.296207,-39.41352,2.784254,5.7830653,-5.034862,-79.24858,94.613754,-5.417722,-30.290873,-7.244723
18.332687,-18.017887,2.9256182,-36.825794,-23.388826,-23.002316,-7.883117,17.344086,-3.4798107,-96.97296
-22.6566,-37.95962,-31.813292,17.827726,13.884532,-38.21603,92.64255,-44.011173,-28.448347,-53.061855
11.387744,-35.284245,7.4934883,-15.07037,0.56622785,-42.57606,-12.0379305,31.903864,22.914759,-19.486633
-53.851887,30.747885,-35.754124,-57.956608,33.495842,60.357002,65.04796,18.30006,30.596287,-32.395638
32.26523,13.080523,16.430187,-9.53556,24.85734,-52.297363,-48.48417,56.54045,-42.16388,-77.458626
-3.1668985,-11.958017,-39.42479,-71.48747,-16.358427,-12.497657,28.466919,6.567012,-51.769653,11.782742
-38.692482,-61.19034,12.766262,18.642195,10.992071,-50.47305,64.1868,-35.202072,-28.886955,-33.320755
-5.936379,-59.955055,-26.771502,-42.824753,3.2171495,14.167573,38.019684,-33.43861,76.676155,-6.5098786
29.246208,-36.195656,-9.665374,-17.066881,-30.851616,32.769737,46.110836,-26.64117,26.948738,12.199294
-21.089338,25.344257,-26.67464,-73.83227,-35.4326,-10.475895,-23.906696,48.91505,-27.854298,23.208633
14.864547,12.858623,-28.694643,-60.646137,-48.78384,-5.2453985,-19.974586,-7.916375,-39.064404,24.165081
-37.13568,13.102388,-51.600452,-55.8366,20.088919,39.660572,37.33933,0.5723988,46.259388,-43.142075
8.987728,-89.53459,19.999062,-46.56652,73.72474,10.190853,52.653217,-4.551679,37.966015,61.114937
-21.080795,37.41705,-71.84297,-32.093388,10.462406,63.46937,39.68246,-4.595905,14.88065,-34.65672
-5.785719,-65.16207,2.8633213,-27.681702,18.218817,-11.171495,48.361046,-28.696201,61.325146,30.303118
-61.566822,-11.629219,-37.556503,-19.754799,4.042508,12.730778,-36.91305,-2.5340376,-50.36255,-29.878996
-43.62244,20.935741,-62.30775,-47.82672,-6.1679606,38.5928,38.30412,1.8874485,59.808056,-68.58624
-33.721905,26.859682,-51.729675,-33.111427,2.3347366,35.61071,40.394306,10.480747,52.33762,-15.361033
13.099503,62.326107,-21.279314,-62.28408,-30.642788,-59.067055,-54.53971,27.451157,3.5597227,-44.245316
-58.36486,15.53637,-27.442986,-15.640168,-11.718577,69.86408,39.048897,-15.061038,71.24464,-33.618847
5.3663907,-54.651375,-42.316483,-44.18,18.69219,-18.174608,19.256279,-7.5387607,50.26892,-20.426468
53.535885,23.230541,-4.6784945,-28.324413,-7.03512,-22.270597,-36.29036,16.69441,-36.149433,-65.93588
-0.98097545,16.489222,-18.290907,-3.7011526,-43.26872,22.759035,1.3846583,18.76738,17.596048,-39.544437
-25.753391,-76.5087,-18.470573,1.5584573,-23.937801,-67.27248,65.49008,-3.7682965,-16.761534,-1.3079522
-26.386179,-57.552525,2.8222113,0.6794199,-0.30592832,-50.303677,83.74844,-24.667505,-30.634855,-36.06578
24.423826,22.242403,-15.189777,-24.898607,-61.056896,-57.913166,-64.98989,12.610984,-34.676136,-24.123602
-7.331138,19.962528,-46.526,-76.079544,-29.324366,32.726547,1.1218765,-12.554253,-80.67093,36.78635
-30.858604,42.81918,-54.711784,-56.777763,0.6149555,58.506916,52.493862,1.4259669,70.65516,-38.53007
26.75426,25.517553,4.5545974,19.256407,16.349346,-27.432245,-29.551502,14.48561,-12.151993,-71.74651
-18.222883,-40.77573,29.548513,-28.796011,10.768976,-64.73641,25.089787,-22.406944,-25.64232,15.543229
-54.058365,32.685,-54.293865,-35.57396,11.37446,44.32648,48.377747,34.032257,51.900486,-42.649616
17.130613,-17.742361,28.235506,-7.9851313,15.358421,-20.178375,-5.8375545,39.91686,34.182095,-15.347657
-37.99979,37.668903,-61.65848,-40.20568,2.4370296,39.284817,50.98103,17.647326,44.918842,-35.960896
38.894592,-20.458998,-38.839428,-60.138092,-20.96028,-10.341654,27.87254,-15.438962,-54.342644,46.57465
7.430763,-17.232435,-59.20018,-73.12704,-33.4883,-32.76911,-60.250786,34.144028,-19.146372,66.94644
-33.540237,-25.151794,11.718696,6.894512,16.617481,-55.482403,79.3252,-63.755154,-3.121792,-28.72331
-3.8507664,-55.018818,9.642997,-39.552036,61.41251,3.9230723,58.941425,-22.906393,62.02683,41.733494
-19.730658,-4.338334,3.490179,-1.3460385,30.223217,-63.888,54.015736,-55.344624,-12.6332445,0.23318839
14.2213745,10.949825,23.666508,4.5359735,-3.582636,-52.103855,-28.83582,3.3515227,1.5985949,-39.449345
-24.118992,-62.83781,33.498306,-11.580366,-25.134228,-53.134495,39.25097,-31.333752,-41.335808,-16.200607
24.582964,-11.172794,49.465176,4.1833797,18.565483,-36.2012,-17.552279,17.76928,9.379844,-64.85308
-39.789143,-49.900433,6.1789064,-21.092339,27.942795,-55.749397,78.7892,-47.14474,-0.6553885,-38.16955
-43.133545,-64.316444,-1.9544047,-34.04243,32.07333,-1.6384465,70.62809,-37.717026,68.50458,1.260505
-31.053905,15.913175,-62.0223,-62.413567,-2.9179401,42.860573,38.968975,2.0981271,66.1428,-64.98858
25.551115,7.4604297,35.15796,5.792364,-18.678308,-50.016483,-49.29272,71.73537,-7.7207427,-69.038376
-37.359135,-9.318512,10.026022,12.128947,21.917852,-29.750126,34.391113,-20.08052,-39.198593,-29.98813
-5.027184,-39.83985,6.2758293,3.586431,56.176243,-38.732414,57.20229,-30.22564,59.144352,26.773315
9.684351,-87.23767,14.144269,-20.482426,61.77628,5.95282,55.15675,-32.031033,49.02579,38.748196
2.4553483,0.2116906,-31.466454,-76.619675,-31.268757,-20.75541,43.600773,-8.5094,-68.674904,18.08217
24.382666,9.033774,-40.58078,-65.58439,-19.197392,-42.606133,12.883554,-8.365012,-73.976555,50.633907
-18.07754,-69.02951,-23.311724,-35.103523,25.181293,-2.032011,44.136673,-40.59162,78.4284,15.455541
3.665458,-78.17451,2.6799536,-52.143963,52.041874,9.963581,51.22857,-2.9747534,60.396732,47.800175
-54.561783,-19.468481,-29.06751,25.293861,-0.57049024,-26.930578,62.88361,-12.505902,-22.798243,-36.818054
-13.749379,20.187145,-43.191254,-74.88278,12.254345,61.012184,38.178757,-8.392075,50.859264,-55.958046
-54.186996,0.4134385,-27.93631,-24.295069,-14.86775,50.201187,53.209713,-37.160923,5.355339,-10.30255
24.674486,-30.691875,24.522064,-15.709403,55.0129,6.7548327,48.874836,9.302318,56.786366,27.073269
-11.745064,7.7908053,19.099833,-1.7469541,-19.861908,-35.44122,-7.289696,22.225569,-0.42382786,-88.11048
-34.735073,-26.101933,-38.739788,1.1028465,15.718153,75.69787,45.22721,-23.423847,12.732839,-57.713413
15.458595,-41.00487,40.75289,-21.080025,16.169123,10.612594,34.09514,-14.803732,69.35795,8.7148905
-24.807869,2.8542738,-48.994595,-68.910385,-17.065722,-81.00402,-4.9089394,17.634428,-46.56748,29.355732
-19.256224,-37.331287,23.52487,-8.928685,-1.9570711,-10.279494,31.853153,-15.983686,-24.755766,-57.95132
-32.03594,-38.53779,12.610709,20.316423,42.27421,-51.27096,80.75542,-62.944263,-24.605392,-37.70461
-14.212622,16.79789,10.819493,-3.3768473,19.189137,27.933584,10.124933,-15.489074,47.691418,-57.710407
-0.46428156,-7.6003947,-34.676617,-70.090416,-25.846323,-21.266678,39.54145,-1.926585,-62.780678,10.939
-20.136494,-21.233864,-23.10366,-31.639355,36.445004,0.32383227,-17.009491,6.0498276,58.401527,-38.642975
12.441709,19.738794,-57.256985,-40.36214,-17.325413,-23.591349,19.298561,4.8739147,-71.00361,26.668182
-15.00113,-29.694174,6.897559,1.6531717,22.823729,-59.271217,28.939247,-51.82299,-9.588926,-3.3283243
-5.641172,-67.94426,7.650923,-9.874318,38.826332,-33.946808,16.644232,28.302498,52.023865,13.888388
-33.389072,11.048218,12.679401,-22.436092,6.9645047,-5.800962,14.143796,-51.815235,-20.594614,-34.64723
-53.204025,-33.312244,-16.403824,12.321458,4.595046,-37.208973,71.71942,-22.26801,-4.0531826,-40.741577
-43.933987,-20.035328,-40.268486,-9.221047,20.212545,14.968946,34.952084,-15.96029,46.498985,66.76162
0.31802982,-77.664856,16.35511,-65.53931,73.97556,13.584472,32.515728,-30.497211,52.717453,24.051159
-12.840546,-42.19628,13.1305485,20.091482,21.297274,-52.924984,46.234745,-65.07865,-34.526962,-39.093826
-47.17816,10.877708,-35.036694,-3.22525,2.035091,58.19925,40.805435,-47.499645,62.850315,-40.658134
-26.861345,-48.657185,0.7794486,6.625804,-35.32161,-51.076443,90.43116,2.6790123,-41.94788,4.7512245
27.56385,10.405298,-1.225265,11.152766,26.251638,-56.264164,-31.987783,50.222702,-8.616032,-50.368713
-22.52598,-39.96565,-31.521841,-30.069023,62.619183,12.408734,43.659935,7.6162224,49.475433,-1.3906531
13.4101925,-6.0106926,-7.2262073,32.37545,0.45059788,-37.715664,-14.5281725,3.7974272,13.040907,-57.86819
26.247658,-5.032098,39.73242,10.710109,12.193079,6.0056605,-51.851124,9.593561,14.890329,-65.94197
-14.807506,22.494776,-22.191578,-11.411567,4.819544,26.51778,16.891241,-36.57514,61.897747,-47.51572
-32.5021,-46.373833,-18.88491,-70.5732,-45.258125,-14.279149,-16.305487,18.61042,-19.37023,36.984882
28.766733,31.131756,19.811913,-9.549974,5.8776507,-26.6595,-63.130825,19.78902,-36.34373,-59.20704
-27.889162,-66.92638,3.113573,9.582897,-33.79693,-48.613846,67.35886,-2.442057,-46.574287,1.583905
8.099441,13.340945,3.5078382,10.123676,-29.209953,-69.80259,-15.299386,-31.71935,-16.834553,-60.472996
12.7561035,-3.3394446,48.54379,8.403052,-13.350177,-50.484097,-19.982685,13.384399,12.94005,-46.327736
18.257889,25.84712,52.357586,4.8495216,9.905919,9.721294,-45.1783,-32.099888,-13.404479,-78.671646
2.5796664,15.301499,-14.0958395,-5.527131,-1.7623807,46.932606,3.3113952,19.114594,-19.234838,-45.00114
12.178069,-78.69873,-21.697723,-7.75627,-7.9105406,0.6732079,-13.137817,-46.875835,-10.485672,23.297869
-16.827599,-64.37402,32.84433,4.824792,-18.942291,-9.29818,94.36609,-22.999403,-16.438152,7.729862
-33.58454,-37.169697,-11.862673,0.8174175,-16.333736,-50.910095,39.480225,-54.77031,-36.200756,-59.039345
28.530403,8.055722,38.634354,-0.9270296,27.746134,-1.7244004,-42.23894,16.561258,0.4254519,-74.49834
-25.855495,-43.218937,-24.563274,-50.541992,29.178568,41.64081,44.91883,-18.842999,64.312225,-16.69286
-13.087525,-9.723879,-9.91927,-30.443274,-36.675076,28.460396,46.07253,-17.835651,24.42661,7.994094
17.39394,16.436316,35.94673,-33.85437,-16.434862,-26.187067,-16.821497,-17.332506,2.1226938,-85.07348
-14.168772,-27.095968,-6.2330265,-9.200739,-3.5763168,-48.160137,78.93236,-18.205294,-56.944874,-27.86055
-18.37907,-73.17714,-0.6916864,-26.791246,47.6008,3.4946494,45.225468,-37.462543,24.035923,5.863163
-12.291615,-17.378838,-47.99169,-15.156631,29.99209,9.272753,50.170605,1.5432891,29.513493,19.687366
17.830524,-15.196981,-8.850794,-33.976562,5.699172,-33.348465,-4.353997,23.332197,34.51931,-26.071377
-37.095654,-27.339653,8.277785,0.087984204,54.20032,-73.35607,70.31357,-33.35194,-34.936295,-7.025276
41.13276,9.577419,33.609173,-2.1650326,12.0475,-52.332527,-23.277916,46.646606,-12.148787,-65.18902
23.474194,36.069347,41.234356,-21.500084,22.421537,-21.91403,-3.1717765,6.171092,-17.525826,-77.23246
-11.680347,-55.278275,16.645462,3.014802,-27.088291,-52.41721,76.566826,-24.16121,-33.14998,-9.338019
14.338071,-3.000842,16.06319,7.9289913,-29.533688,-31.752445,-27.096548,21.390713,2.9603832,-50.83636
-54.93128,-34.399414,-34.46443,-10.993626,5.3444767,-1.9585134,22.593958,5.163953,92.245995,-12.173739
-14.147708,-80.42598,8.393381,-13.042879,71.28433,19.01053,51.3189,-1.8808026,46.300945,-15.108741
-61.584354,6.9348493,-68.72323,-51.775375,33.528492,-28.251396,-29.106031,7.025187,-62.18755,-36.83495
-10.60727,-19.932344,23.701426,-5.0282526,15.734373,19.430937,7.7614684,18.467833,2.6396377,-58.80876
-44.57243,2.1760364,-22.63635,-63.17649,-11.966611,24.811054,16.879032,-18.953503,-5.4422574,10.512104
-50.03726,16.84395,-49.980865,-18.57351,5.055032,34.974297,64.58546,-15.052586,59.155624,-69.453255
21.2645,4.940026,43.26881,-20.249994,-2.7388875,-36.043125,-13.776418,33.41239,-18.884052,-81.627335
-33.013374,-19.264938,-5.6536155,-27.702124,7.0476956,-9.701142,1.3132894,-46.063892,-36.14163,6.1248255
-56.665466,-1.3627455,-13.642583,23.904964,-16.69479,32.807518,53.65737,22.827106,12.1441555,-28.05543
-8.014196,-50.824196,-20.960052,-50.193874,19.530607,4.2162547,34.64351,-33.11675,56.372334,-17.69277
-13.118607,-12.626768,-0.615205,-13.643853,25.962557,-60.852406,-33.259064,8.534658,37.19457,-25.94675
-11.349843,-14.284813,-25.717522,-52.45525,11.842178,14.495127,12.384265,-5.713438,-45.92459,30.374128
-10.478012,11.775388,9.713582,8.706485,7.2482576,5.3727584,3.171074,-32.437798,22.034859,-65.28464
-6.2011113,-4.3739524,-44.183014,-70.171135,-22.34495,7.768496,9.358306,-37.95073,-59.16959,20.621004
-55.022842,19.43506,-46.4942,-28.302773,2.2076557,81.39105,50.38331,-58.04398,51.242786,-30.096203
35.53139,-22.245691,-22.8794,-19.049726,0.7706181,-0.020631379,22.142014,-25.14037,-70.24003,65.258415
26.320684,9.082021,6.4590883,-14.241181,5.9681892,-28.842289,-7.684238,9.482493,-36.27948,-59.23594
23.970741,0.31676537,-26.861046,-4.5201235,-5.3194942,-40.608555,-26.196482,18.77594,-12.160708,-67.17853
-57.545116,0.03150624,0.73280036,9.763473,8.243156,-2.5918992,48.65916,-37.46394,-55.796837,-2.4685025
32.033604,-3.9031491,4.998972,18.781448,-7.3633575,-29.243383,-45.079487,29.19069,6.4737997,-60.88153
0.41178226,14.645407,54.61494,2.4475102,5.04815,-13.016084,2.7953677,-14.153294,-11.2012415,-56.76693
2.8755527,-65.1235,-20.81763,-49.83927,33.14908,12.1184635,76.478386,-56.373203,74.09117,26.538498
19.002966,11.417138,17.344582,-23.053696,10.689281,-21.04263,-31.345497,-3.8162456,-26.093666,-78.8787
20.360205,4.2285776,20.199753,0.8169478,4.293542,-28.649147,-32.49506,-27.500036,-8.540865,-84.10214
4.5251055,5.458071,-36.3609,-50.51794,-21.846933,-17.6506,34.309822,-1.7964333,-69.34166,32.093937
-15.211204,-20.315302,-50.42901,-29.601883,68.73744,18.707024,31.19799,18.70694,59.21854,14.005269
-21.52595,33.14668,-55.078403,-65.487274,-26.413223,42.62788,3.7589803,-4.7633824,-47.007023,12.993192
-27.959085,38.561314,-31.301296,-21.614231,-3.660716,50.11606,15.780058,-21.03027,57.64553,-9.684745
2.9549522,-17.042568,-12.264145,-18.73889,-11.848577,-28.824764,43.431793,-27.098396,-46.600254,-40.66465
21.464767,6.259852,-37.091827,-96.87288,-33.02404,17.60689,0.7679492,-21.048347,-41.375473,32.885643
-18.134796,-49.936028,-3.394476,-24.289581,57.27182,-25.124115,64.33902,-51.631805,71.23504,21.22168
-11.74878,-28.470499,-27.36721,-79.159935,-21.124445,-19.286057,-28.756891,-30.305393,-31.678795,18.27122
0.79738384,-1.5817152,7.946598,5.381135,37.62338,-43.87414,15.264031,-54.06134,-26.105154,-33.137104
16.199608,-41.711887,-15.672268,-45.109703,-45.359844,-8.168207,18.81194,5.1765103,-68.68989,57.02854
-55.0075,-27.428392,41.917778,5.4431324,28.601856,-29.503654,48.999245,-59.11874,-37.997154,-27.787518
-4.558414,32.932404,-17.053648,-81.81026,-25.59172,-13.555637,1.6214689,8.22601,-55.402985,1.6847656
-27.885796,-63.397423,-9.11447,-14.716817,-10.230102,-40.8033,-14.17778,2.358309,-1.9907609,14.593852
17.469458,7.609435,-53.025517,-76.332886,-0.84534705,-24.60853,6.7151356,-6.8148484,-91.5332,31.894958
-35.820335,-11.020673,-39.324978,-33.657513,24.640486,40.41748,77.545074,-5.9367213,26.212498,-50.96838
-33.859028,-25.634066,-10.32619,-33.554413,-42.413372,2.421166,11.997797,-28.391233,-18.618605,11.853735
-19.6991,25.388178,-68.19743,-49.675934,26.519611,46.436172,42.477356,-1.6130886,37.054676,-47.178562
0.23002997,5.6421866,26.68577,-7.0357213,-4.6182513,-21.322763,10.397407,3.2196534,-0.49507123,-46.42068
-28.120703,-66.29219,-0.5481718,-44.4222,52.905792,-29.436657,9.792029,-22.116714,54.441837,-13.722284
-32.336388,-60.698044,2.244059,8.674283,-23.273863,-67.83588,86.71811,3.363728,-32.963554,-9.742116
45.58583,10.889693,-75.65939,-95.91687,-7.0976334,-27.095179,-20.423563,-35.779133,-26.436821,35.73717
-11.904138,-55.126934,-17.002064,27.042736,28.310621,-37.963734,72.7431,-66.14794,-24.866375,-63.135574
17.202665,14.701867,-6.924268,-9.547132,4.970199,-7.6242957,7.8441653,31.929,-28.673347,-73.19784
-1.1961445,-10.120085,14.1357155,10.6087675,3.5834916,-45.64368,16.118216,-18.39457,-47.644943,-53.35027
4.169482,35.92985,26.221745,-11.579154,-29.354895,-67.708,-45.314983,6.616457,-15.286508,-45.661175
-31.24863,-79.368546,-2.1971052,-47.509415,15.372716,-33.71146,-15.602401,-32.92801,2.3387625,-12.875485
-16.364151,-65.93295,16.562891,-34.86958,62.51574,-5.522874,35.441177,-46.196613,44.032116,-0.27759075
0.5421673,10.715684,7.1643934,5.844474,-20.951344,-68.00037,-21.135698,-35.859505,-35.121246,-61.778244
29.117666,23.347492,7.7141104,-13.171211,-38.51311,-11.072987,-29.812933,-16.828045,-16.520369,-33.68686
-27.32921,-25.980917,-2.7754736,-6.7960353,-45.29814,-26.540863,5.737594,-11.919357,-49.932,-5.9877925
-15.239257,2.575159,-62.54734,-24.741558,0.096155226,27.06404,1.4909635,8.057152,66.06141,-37.97352
-8.43859,4.059365,22.962856,1.6726345,14.0899725,-50.02599,4.1151104,-16.690374,-19.897476,-52.02059
1.6199238,-6.2435303,-25.444738,-5.1396966,-10.200732,-35.092575,15.275358,10.007182,-30.272943,-90.0592
30.894503,20.53109,13.366719,2.52038,28.159914,-47.882504,-32.58464,10.175771,-18.73325,-59.5072
35.807137,1.3420885,9.610259,-17.455376,-13.685362,-36.070385,-45.888813,-3.6200182,15.116813,-67.31828
-28.551043,-57.401367,0.46613777,-21.979727,36.444054,-0.32770702,78.641495,-34.869034,58.464634,1.1599677
-47.246445,-22.833757,-21.491861,-19.570108,3.0756397,53.040806,57.758938,6.569566,2.8608303,-30.919363
2.8820174,25.73689,-44.559734,-71.280655,-1.4630283,40.98063,2.3336146,-7.3884687,-59.120663,12.939069
-9.633371,-48.36805,-8.970392,9.911152,-20.34978,-50.80408,65.08856,-6.847666,-53.6514,-11.8128195
-38.99305,-55.086456,44.23493,17.98424,28.433407,-67.50054,25.77896,-17.189644,-33.30081,0.30105948
15.561899,1.9364271,18.622301,13.699001,12.157723,-24.573275,-37.97177,-18.912647,7.0251684,-70.85815
-1.6341,-2.760185,-44.80651,-5.0133944,26.552048,-38.771347,-6.5389023,1.5516039,-0.2564231,13.017888
43.387863,8.858028,44.06259,-41.757435,-31.99935,6.1870704,-26.528044,2.594823,-18.257565,-75.49229
-46.442104,3.5151715,-40.14342,-10.824258,9.36854,88.01819,38.274006,-33.681885,49.6933,-29.269133
-11.616249,-49.62899,2.7487893,-12.850675,22.12001,6.562304,79.25128,-39.593384,40.840855,27.038467
0.690539,14.999463,7.0810614,-13.498007,-26.217117,-50.913895,-52.610626,9.050138,0.46691528,-101.56232
-19.210966,-16.806725,-10.538172,9.317856,-25.359947,-45.95127,13.752229,4.1060133,-25.199778,-29.499304
-49.26729,-65.81531,37.126053,21.14946,18.089771,-48.78737,50.79324,-43.202538,-35.98315,-23.632057
46.947083,-51.385406,-32.016422,-46.56957,-11.341555,16.757465,-3.9745846,-47.214092,-81.34602,37.607067
-31.568447,24.874125,-73.43521,-24.79904,-2.3843322,58.99657,41.76026,20.226055,21.692043,-46.381275
-9.265191,15.56121,-49.022198,-83.687996,10.370526,-18.93709,12.436531,-1.525437,-70.256454,4.6865187
22.426466,-32.070847,46.744198,32.624825,10.668011,-31.576529,-14.824578,7.796825,12.820353,-57.65276
-12.830865,6.838802,-51.155025,-104.280876,-3.7275352,-25.321177,-25.2245,1.1911393,-42.950214,10.505881
-19.096682,-54.62076,1.6729494,-21.71295,15.551073,3.7122731,47.939537,-17.447096,81.49128,-2.625741
33.00709,-0.68658644,48.725353,-22.916622,0.78689367,-19.715466,-15.422944,4.937052,-7.1008463,-64.91628
-0.46153,-36.833977,-45.373997,-30.674631,14.636168,-28.38129,1.7807529,-61.503044,-24.352541,16.104134
20.54629,3.847484,4.0077734,-30.734001,4.0168843,-43.035748,-12.619046,4.696889,-8.737475,-72.13175
-44.115387,-39.04365,9.459856,-10.634348,35.331474,-60.48826,45.62312,-23.193707,-29.521084,-16.554125
3.7129776,19.743307,53.24983,-24.829672,14.331062,-44.15855,14.709141,18.072468,-28.48322,-38.124733
15.745275,3.8129506,9.473286,-42.215435,-26.210043,-23.342375,-28.378796,4.9078965,-5.9198575,-108.42069
-20.24896,-37.87037,-15.624612,-48.526627,23.96472,14.132581,46.257725,-17.302631,34.624104,-21.292679
1.9646833,21.844515,28.859089,-6.116012,-17.165838,-38.117928,-12.339697,-8.099478,1.5694033,-60.300156
-35.942135,-48.387566,32.94177,5.15002,-17.500834,-87.41885,40.648098,-14.215762,-37.798904,14.927865
38.287262,-32.94352,-50.6196,-43.478462,2.989026,-62.715076,12.686854,-15.987275,-50.82119,52.787807
-55.28851,-23.517406,43.11804,-1.8263539,39.681755,-46.068207,76.824585,-68.1137,-46.800816,-2.7809505
-38.092026,-24.559084,-19.918835,-20.86494,24.160652,71.05783,27.197311,37.88209,20.049053,-63.215424
19.574173,-28.695362,-65.043,-64.78775,-5.398339,-32.47551,12.930558,15.280448,-68.29904,27.971066
-48.226192,43.48694,-60.059887,-44.857742,2.9808123,62.598522,19.851961,4.4085984,41.27921,1.8827388
-37.297577,-19.548487,-30.85763,-55.32492,31.09688,31.689772,49.235752,-14.314232,39.739635,-31.471987
6.5622215,-9.794084,-24.211145,-1.6764369,-41.210606,-74.264206,13.964479,3.7671916,2.248308,-20.34041
0.77506924,52.78929,-2.919116,-7.3162723,-14.600321,43.90203,14.805659,19.415054,25.052217,-35.910343
44.21904,-30.843884,-114.63914,-109.861664,27.900522,-43.493004,-80.6067,-43.64276,-35.40882,44.01015
-52.639366,-31.89076,-47.570377,-12.103625,3.6839359,-29.72722,-24.656378,9.375066,36.36242,19.743965
-17.157833,-33.32961,-6.2519655,-28.56571,11.639194,-42.897152,54.34145,-24.43954,-45.34825,-40.985664
4.7234073,-51.061634,10.016938,-9.631663,41.085552,5.0475726,42.35014,9.397185,59.39212,18.918703
-30.369629,-41.52112,-43.73961,-25.091324,-18.66976,-31.040918,-68.721825,-8.829195,-60.76145,34.72075
-33.608093,23.990137,-60.29188,-18.896227,-38.906437,39.80779,7.9028463,13.464268,11.236963,-9.771698
11.193098,21.48189,5.445343,14.598844,-26.52758,-50.05869,20.239122,1.0760173,-35.74878,-11.78855
30.642925,-30.16288,21.265501,-24.00037,-15.486359,-18.838455,-6.7838335,30.683247,20.579931,-42.20702
-37.47403,-13.69054,-35.37091,-23.747839,16.618011,86.52843,37.51012,-9.714581,24.880188,-47.439564
-27.861359,-21.626684,2.4775062,0.032197833,32.533665,-57.930393,35.61804,-31.63136,-22.732304,-9.920656
34.415115,-4.248136,-10.263322,-24.486397,-12.917915,-27.231785,-42.776894,1.8624405,-10.5659895,-73.50963
-15.672022,-13.8199415,-45.6253,-17.376266,44.187035,41.12706,34.108482,-2.637497,59.280025,-29.034342
26.011051,-4.405706,-10.778177,8.363654,-31.889772,-42.259415,-53.078785,19.962484,-3.4960227,-37.630238
-22.022423,-3.507654,-34.031036,-45.70557,-0.8407647,50.083744,47.041622,-32.01726,56.831844,-49.813667
9.033926,-76.79745,-28.21972,-33.187263,30.81179,0.011421561,32.60536,-58.078163,70.97535,10.441615
10.796562,-53.48614,8.712622,-20.350477,23.11166,-35.125195,15.15418,12.394676,38.31335,7.4578733
6.318089,67.3241,15.804666,7.62249,22.648788,-91.40302,-67.87727,11.009788,-41.127068,-110.09276
-62.183407,33.531803,-40.940166,-52.0203,-1.1526086,70.082504,30.670341,19.193272,74.02183,-3.4375803
-28.047327,1.154357,-35.25111,-66.95737,-46.814205,-23.253704,-42.39884,19.244383,-42.269356,-10.027057
-15.359891,-32.151695,15.504983,-23.18564,48.223225,-49.56496,38.92012,-40.996353,76.8919,0.79348993
-52.521072,25.43278,-25.15089,-60.164803,28.922632,66.92663,70.69507,4.754307,43.230473,-44.895782
-1.2036165,-80.80305,12.851537,-13.421676,53.455376,24.63346,36.55466,-7.29588,66.16977,-14.361412
12.968346,-15.779898,17.81089,-3.6759865,20.94961,-40.37228,23.38515,8.637825,23.296818,-31.967773
-27.189543,-26.026693,-0.15510346,-30.529778,8.087883,1.1549186,-8.14005,12.414535,55.233402,-39.44832
33.622288,3.498294,-12.869208,17.897318,-8.169019,-38.90883,-49.198288,40.67438,6.952005,-48.333767
-25.361403,16.87494,-75.72728,-32.22704,16.623766,50.949036,21.12877,13.268544,70.99218,-55.470947
-45.562637,-43.11425,48.911148,-4.8178906,19.153097,-57.32877,62.72651,-27.477367,-19.511118,0.03320098
-1.2100493,28.774254,12.184745,-24.18641,-31.700087,-41.718662,-45.657375,-0.8706984,3.3669386,-77.31622
-16.189817,-10.649756,-5.2061253,12.633301,-19.788301,-37.316982,13.946141,0.18903773,-29.701258,-21.858917
5.9816747,5.214581,3.884077,-2.0332255,-5.0377073,-57.743164,-0.77585536,-42.67207,-34.77366,-67.46033
4.060731,-59.072437,-23.788717,-28.403387,26.26562,-21.79428,84.62173,-44.227867,70.565254,32.430355
38.433846,17.476545,29.499695,-20.774063,12.251681,2.4965901,-36.493282,12.488614,-23.123127,-84.14519
33.957985,-6.177909,-8.426209,-17.13661,-15.707512,-39.62773,-64.88941,10.4695015,-2.258433,-49.096523
6.221826,-75.96681,-4.941611,-53.073364,50.04379,3.1541047,27.67566,-35.426025,76.82836,20.461021
-34.238907,-64.62693,7.017421,-12.484967,-17.683603,-65.58046,92.77745,1.6745754,-25.056093,-13.758018
-4.128877,-41.687096,-21.248148,-23.857405,-6.2474914,-38.435303,-6.5029407,1.393561,-57.60875,35.348347
-25.658773,-39.655304,19.270924,-18.58622,0.10499269,-36.560364,24.564962,11.813325,-52.786148,-20.822388
-13.121605,-86.137566,-13.511686,-70.21931,3.6318443,-2.1237187,44.519337,-34.916363,33.532482,10.894916
-48.202606,10.296521,-41.05873,-24.986551,2.3312254,57.956913,67.96087,10.110588,33.67209,-78.77209
-51.75664,-19.733076,-32.705242,-43.037727,35.13197,28.381685,58.024876,1.675784,25.887276,-35.448727
2.9472427,-43.15523,5.194755,-13.800679,66.42227,-18.43476,62.66309,-48.98482,70.40739,15.186864
-33.806118,37.757313,-68.79622,-40.370415,-8.9331045,58.27452,30.84877,6.6347075,62.66847,-27.674969
-6.7303476,-18.091753,-37.51806,-31.652159,-22.732088,-3.0065024,-4.228433,-20.465542,3.737465,50.23131
-41.102207,18.320465,-29.843449,-62.335926,26.22786,58.536037,53.33388,-3.1180322,32.517914,-43.788322
-24.16891,37.78714,-4.0495887,19.661499,16.899464,-62.14498,-73.73906,2.5617635,-8.495975,-113.21231
-18.172455,-10.936165,-38.831093,-22.252989,43.749733,25.744953,41.949154,-16.497652,49.140705,-24.776276
-21.715448,-34.59108,5.5418067,2.7255526,61.600277,-35.56785,64.62935,-20.503954,29.183525,5.3519077
37.21259,-31.325428,-43.724022,-79.585236,-5.3786583,-39.89128,14.213752,-35.590397,-48.178387,39.828472
20.938969,0.7703156,-111.449,-52.34798,26.281742,-91.66933,-21.89238,-34.84879,-42.309334,6.402816
23.764513,-66.39483,-27.781563,-31.36537,-32.93694,0.9957057,-39.792522,-23.155922,-66.23466,42.30132
-26.078497,-49.05706,-17.958055,-11.71893,64.15647,-12.473343,51.871845,-5.0432653,67.95873,4.159877
6.3272257,-50.93576,-2.8683708,-32.45038,48.840397,-14.655759,24.026867,21.885366,70.21451,27.240305
-29.973936,-72.99235,-1.2091463,-23.012253,30.20933,-16.52393,46.2894,-38.964764,39.807148,14.831534
16.966322,21.022137,10.746314,13.275852,-21.00221,-27.69271,-51.881237,6.0511384,6.125548,-37.98271
35.400997,29.95874,19.670395,-4.0586977,34.710648,-17.886066,-41.158894,31.944338,-38.88807,-69.20059
-29.66908,-6.236564,-34.265224,-60.91837,16.932331,33.98396,60.631516,-20.455105,21.062342,-37.159996
-17.637747,-49.750336,6.6998177,-27.290558,68.90878,3.854979,47.941154,-43.313374,65.0538,13.186579
-2.4169662,-10.45316,-83.25097,-79.41749,-16.976812,-35.667168,5.330389,8.853812,-44.330513,23.719343
39.735874,-19.467924,23.446045,-22.547602,-22.047878,-22.214157,-34.138126,5.7977595,12.0018215,-72.88273
4.9088364,-82.04812,-18.14119,-21.869678,38.78385,-9.981195,35.07096,-41.405663,52.528873,-2.3459344
30.281261,-55.052242,18.227064,-37.196133,74.14395,33.588573,33.93465,17.303665,83.13085,54.843204
19.317287,-28.646074,23.236488,0.8479413,27.693699,-20.39152,0.38407898,53.575764,33.989162,-2.5726836
13.444313,-25.330923,-2.1615999,5.588883,36.402145,-51.025055,44.904568,-53.170715,21.932308,-36.37222
-53.92511,-19.373554,-17.784988,-10.5296,1.742048,10.008143,67.04956,7.557837,57.192017,-22.87527
-48.02442,-35.3443,21.99486,-15.073638,29.473629,-28.036888,59.79659,-45.37217,-4.1184783,-24.730858
14.672832,-39.649967,-38.51007,-62.381123,-57.82384,-1.146148,1.165391,-29.04426,-26.883636,31.242508
-33.287823,-52.42509,-26.88433,-71.08476,-33.101994,0.80285966,-33.690483,2.2964342,-10.906791,11.444671
-40.354015,-54.858135,-15.541336,0.9042946,-17.98288,-42.390053,73.95774,-13.908358,-14.323269,-31.881468
15.803168,27.228746,46.70625,-15.671771,-9.156806,-51.098232,-42.584766,-36.502865,12.973122,-60.40286
-31.502861,-69.42382,7.2258573,17.943163,1.7473538,-48.028725,72.631294,-38.867386,-23.931591,-35.663246
-16.65767,-60.0128,-33.052597,7.459771,-4.9537263,-53.739647,59.82671,-45.08251,-12.965551,-48.059704
-48.86529,-44.39807,-6.049704,24.631083,28.265797,-45.00023,44.418472,-14.746771,-7.1723933,-43.895294
-16.179085,40.38423,-17.797098,-16.661695,-0.31671244,35.607944,21.834785,-50.34695,56.643257,-39.453293
-26.744976,28.002775,35.78356,17.818895,-10.232695,-31.61546,-35.483185,63.026882,4.2085376,-72.71279
-31.796019,-18.33735,23.956972,-4.036863,6.675978,-56.59424,30.721075,-12.965915,-25.891035,-33.721848
-66.790436,-26.901596,4.0869136,-2.9620106,6.8359857,35.42613,22.871372,25.626225,19.995472,-13.272007
1.7963235,15.092143,-59.16558,-92.76124,4.5335846,-22.57917,62.991623,-25.838223,-34.46888,7.1210403
2.8786705,1.3022707,15.001727,5.4465346,41.985596,-67.922714,-24.990547,-8.22989,-16.841488,-44.404835
-7.0060763,-24.012215,11.002642,11.388936,20.163305,-68.03262,80.39212,-60.45918,-35.407494,-9.72114
-47.72536,-57.553955,1.6598622,-14.817033,-3.6712418,-53.40538,94.78489,-21.425007,6.8616757,-3.3582637
27.034498,11.348719,-19.99591,14.402646,-7.198903,-42.464436,-35.381474,27.800137,-1.4054683,-62.700283
-46.5328,-67.90239,-8.754064,-15.016131,53.03059,15.868895,61.274403,0.9488825,44.694336,-2.3477194
-10.56461,44.621143,36.234726,-11.477681,-32.53422,-28.932856,-52.473404,4.032602,-14.721246,-81.14641
-54.069847,-25.378792,-1.9405183,23.009604,8.557481,-36.761402,50.2699,-36.533257,-46.460518,-23.857258
-38.125576,-31.698643,-47.46476,-35.886463,52.652576,29.5904,46.172012,7.474272,46.39224,-30.253056
-15.904127,-16.680178,10.181055,6.0894346,43.24378,-55.6702,43.231766,-52.044163,-39.338078,-15.38901
-18.325586,41.569984,-27.996262,-6.0691333,-3.7401228,63.587727,23.887941,-65.21706,51.18602,-19.768814
-27.850306,-21.500982,-7.9042845,-37.355778,-38.27288,-54.29967,-7.7282476,13.119869,-10.8717785,-1.7522546
-3.4700525,-65.402435,-5.513048,-65.20191,22.51343,-28.840227,49.360836,-37.341995,-18.634562,0.06532669
-29.937943,51.48585,-65.59619,-51.213295,6.8679347,61.5945,40.63657,-11.230863,56.20832,-31.873987
-59.24541,-53.10361,11.3273535,-0.4678134,35.658302,-90.13999,11.278141,28.428339,-15.172289,2.4450548
-59.709644,-15.002604,-26.645832,-1.9475591,-2.9611945,-33.85372,90.33266,3.874097,-43.413918,-26.13987
-18.368153,-34.56437,12.038579,-33.89651,0.37220412,-47.71619,45.337967,-50.585526,-17.058462,-10.347618
24.759024,-2.6356864,68.05187,-8.027172,-13.402901,-19.772455,-4.731502,15.301533,-1.8638439,-56.91145
20.013607,-30.968956,-90.035904,-72.171906,18.579973,-16.82254,-34.228836,-41.293655,-53.082203,24.766472
-35.064075,34.625,-56.06108,-35.257423,-21.287603,64.46809,27.666561,-15.145329,71.06458,-19.870834
8.793439,-56.173622,-6.498033,-67.82768,55.18847,-8.238981,29.187628,-46.94427,70.11496,4.975151
-39.552616,-43.65825,14.811381,19.448725,9.685559,-34.507755,53.095463,-45.487324,-38.48456,-34.688934
-26.724638,-10.997612,-3.508712,-1.3507192,-2.5808256,31.69578,52.642357,-53.492714,66.21219,1.44719
35.66014,6.74653,36.679737,28.509106,7.726474,-50.55097,-41.966408,23.953669,-7.773402,-58.599422
-22.046682,34.266716,0.5432255,12.378553,19.349756,-87.41212,-59.825417,24.226665,-31.291307,-109.81302
19.033764,12.067243,53.46927,-3.1733127,2.3534527,-46.173542,-6.1459436,48.482258,-17.055105,-64.40879
4.730061,-44.34042,-13.197381,-25.104326,41.29792,3.4749346,72.607475,-43.467785,27.685444,27.081127
27.217474,25.5459,-49.99552,-93.95497,2.971765,-4.0414643,25.084526,-20.864685,-70.609055,30.166025
-58.900276,19.393433,-39.005867,-51.881203,3.5497317,63.10239,13.513509,25.327394,51.85876,-18.185764
-8.991354,-17.56079,0.58757865,-8.885303,1.8079245,52.211636,82.10844,-17.631481,61.35252,-34.10936
-48.06384,-39.311462,34.892017,1.122105,10.380256,-43.0303,58.833874,-17.317453,-2.6858742,-18.20744
-44.315098,12.745524,-58.642105,-47.61836,1.1861806,39.8763,44.836796,-1.9237006,61.340122,-75.53895
-15.09451,0.521149,-22.225008,-39.04572,0.25060946,-60.33986,3.840705,-28.13632,-56.58685,-17.01076
-15.463991,-56.55003,-29.536633,-37.446884,-26.211239,-43.34941,-35.042778,29.062553,-49.499313,37.793602
5.6219864,42.80298,18.03106,-35.21752,0.07886034,10.057916,13.087642,3.871606,7.3213143,-68.37929
-21.033379,-20.200918,-25.475954,-12.476364,-24.310175,30.782167,59.194298,0.6988204,69.195045,-30.764753
-36.645367,25.948023,-71.1343,-55.690334,-15.416982,29.71468,22.03126,1.803763,17.760109,-24.693933
-32.820896,0.6274788,6.129922,39.113873,43.383217,-26.831928,90.28677,-76.71574,-24.406168,-55.117443
-16.464445,-95.68634,-9.724546,-36.589424,7.8702135,-41.031998,29.41406,-29.081835,-14.163557,-18.933788
-2.0290527,0.00297302,-17.557259,-86.5691,-7.921903,-11.083872,-26.526129,45.571243,-56.380943,16.0438
31.44199,19.991358,0.3882696,19.06619,-0.4784373,-33.84344,-55.956665,41.95098,-10.834121,-37.66295
-30.341545,-84.62441,-5.2360783,-14.162308,53.010952,4.928539,56.115425,-16.828709,67.23167,7.068609
-18.08478,6.4328394,1.2959625,4.5176454,24.02524,-55.26859,-29.244999,5.5113993,-27.295778,-33.81512
-36.684486,-38.75228,44.268078,7.4233675,7.327154,-43.06065,50.05438,-8.30609,-57.41602,9.781207
5.0789514,-24.31456,11.995168,-2.0459378,56.935806,-55.116554,48.701485,-69.464005,56.6787,-7.893088
-8.472424,-24.85804,-42.5008,4.7373447,11.15631,34.70877,42.752907,21.410637,-28.506855,-92.996635
35.90132,33.48386,36.928577,-7.219721,11.967713,-2.0707614,-14.221744,9.091937,-16.114895,-78.90584
-33.87178,-27.574263,-27.784073,-22.816904,41.782253,8.997092,52.954533,9.476745,53.459667,-23.184528
-30.847363,47.549538,-80.18619,-40.765743,13.672174,45.7068,10.970523,21.292875,56.25758,-15.666217
7.0929184,-7.226298,-27.129675,-17.610655,-14.433822,-69.789,18.326132,-45.105194,-52.07783,-31.43431
-32.372383,15.145692,-36.111423,-65.31313,-0.8771073,31.831621,18.773413,-15.812892,-42.164906,0.85047555
8.367378,20.818129,37.82525,-11.623879,2.104765,0.005827427,-42.055817,-18.303062,-20.394218,-78.06249
-7.3653955,29.39835,-17.485806,-11.755938,0.7454855,-29.110878,-28.411251,-4.617156,1.9501604,-52.619755
23.83833,-46.410046,-32.458908,-47.32,-61.182148,-12.623664,-20.283693,-36.848774,-21.369198,40.59457
43.62791,13.612798,8.725119,-34.698715,-38.172077,-6.8577604,-51.063396,5.421175,-6.2827783,-65.87571
8.728019,4.2358575,-29.620554,-86.67931,-41.598244,7.5850596,-8.250003,31.237448,-31.765938,54.420124
-40.56375,43.041122,-53.87245,-58.012207,17.758665,67.370544,42.15716,5.3567514,57.43874,-29.642515
-0.36479518,-20.602371,-39.00416,-47.173393,15.717882,2.5654693,21.288673,-23.330685,-28.247137,21.338192
-19.215296,-60.275475,-22.505976,-37.61692,14.146801,-31.225729,20.82622,-38.445755,-24.7405,13.892671
-1.4480984,-45.246864,-7.070132,12.847379,18.313646,-64.67876,58.537846,-32.699272,-58.875984,-12.549294
-40.785255,-34.77378,10.598965,2.3412447,-17.74633,-26.873175,35.862324,-24.828959,-42.21681,10.020009
5.0909204,6.6309505,7.962364,2.377441,6.4300995,-12.415157,-23.966558,-27.086422,18.499586,-62.000645
-44.93865,-14.263673,-9.625133,-4.4559846,-12.798655,-11.136102,36.86546,-52.263027,-21.661774,12.335765
-32.101856,-17.414413,-18.435991,-9.3011265,8.992147,-53.133354,47.811996,-13.412321,-34.944695,-37.66146
-38.357758,-34.51491,-22.415882,-46.364758,41.274536,8.859266,58.15555,-7.0940247,30.143688,-1.9770516
-44.09624,-75.29046,-5.5186877,6.4254637,-25.503677,-44.213326,72.17468,-11.662773,-20.080355,-12.972442
-53.3877,-30.669142,53.272682,5.4047284,29.027178,-43.079548,82.47228,-21.996473,-6.3436117,-9.197058
-34.75939,-47.364395,1.339765,-43.44783,48.590706,11.24837,48.39409,-45.191067,61.953457,20.064796
-30.230371,25.873804,-68.8147,-37.010742,-30.52872,63.556408,33.080036,19.370739,69.64915,-42.1758
-8.732204,12.635167,-67.27386,-23.591356,35.406086,50.77196,21.762568,4.448425,56.16589,-41.685886
-23.558832,-37.25536,-29.384327,-86.72339,-42.46682,-30.025793,-33.72276,50.939713,-10.758344,45.74474
16.538874,-77.14892,6.8777323,-31.002737,35.38171,-2.8285542,43.426918,-6.880498,54.90761,41.087704
-42.54195,5.595023,-48.713116,-45.183937,32.414318,40.18538,44.3262,12.910548,36.049446,-48.872566
-2.014709,-6.813583,5.769205,0.268502,24.396542,-63.158318,-8.014667,-13.709215,25.897753,-58.264412
-30.279354,-56.589725,18.615084,-20.26026,17.878193,-75.889465,46.154484,-11.703779,-32.411022,-3.2787898
12.548642,-25.225773,-15.987937,-10.9621315,0.002698481,-56.27032,20.295885,0.37848738,-23.111858,-55.219765
-13.45982,-37.652367,-32.519394,-28.814356,-15.317136,1.861379,36.85134,54.71476,-50.983078,5.602618
-42.0849,-10.882557,-63.517467,1.2736887,-21.080692,-39.6213,-60.329887,20.96093,-24.782022,29.884525
38.32014,16.851763,-7.8116937,-7.9187317,-9.047257,-35.46682,-45.863113,3.6510208,-5.2395453,-59.912735
-17.713167,-18.22052,-47.30235,-40.37311,2.1602647,5.476643,-29.009441,-15.703465,-82.501816,28.29108
-40.09886,36.0536,-54.94356,-52.69944,10.570761,52.714867,49.424995,-2.5995142,53.927467,-43.261658
10.593221,9.546875,-18.311129,-87.183716,-5.2126193,24.015852,13.623977,-25.744982,-62.546303,17.871614
-29.334879,-40.23103,-29.808588,-25.225498,-34.09417,-33.545383,-65.228294,27.803162,-39.959152,56.04286
-51.437077,-4.4816675,4.1790214,30.446356,38.96577,-41.003178,74.354385,-54.064346,-22.907827,-36.882828
5.4830766,-54.295303,-22.972439,-39.943832,-3.9477699,-14.630163,59.84443,33.17798,-48.628674,3.939305
16.480341,-0.29600987,-27.121576,-81.333984,-35.750214,-44.94686,8.62891,3.7011082,-49.505566,55.43253
57.018154,15.621204,-64.70392,-27.3081,-9.497842,-17.20493,16.83644,-20.710836,-44.38322,41.01637
-24.87873,-23.431099,18.720953,-10.219642,-18.056993,21.116556,6.834583,14.732749,-11.703005,-43.844666
-6.7688437,-66.398544,-1.1477695,-3.4634395,1.0676029,41.66904,42.092655,-38.070023,94.099335,11.118556
-34.176033,-83.31398,6.453453,-54.70667,24.363897,-12.385413,26.078072,-44.860123,47.688217,2.6701431
-28.465187,-90.8591,4.340789,-19.142931,75.74094,0.748855,47.87142,0.15231578,42.980587,16.468958
2.4791934,-35.84965,-12.5641985,-5.080142,33.68847,-13.13269,51.952362,-9.932965,52.228115,23.223278
-24.927408,-82.594864,2.76682,-19.785337,18.89592,-60.33092,78.11406,-5.496803,-42.545418,-32.23303
-39.66741,26.18673,-49.170155,-30.094257,25.196798,38.34497,55.554344,36.37426,12.848776,-26.101799
-27.177395,-25.240042,21.962503,-4.253205,13.102342,23.019318,18.051878,1.3239185,3.52519,-46.91644
6.0621448,24.38546,45.454082,-4.52165,7.5731683,-12.674302,-9.357933,6.435872,8.140731,-58.417553
15.786425,-63.212193,-15.249542,-23.83527,33.023964,-10.939292,52.32173,-47.92399,81.08017,23.039999
-29.473745,-42.89857,-2.4071305,6.887542,-24.430653,-50.250957,58.549053,-53.0165,-14.668286,-45.88454
13.524541,47.559025,25.615757,11.3548765,32.946953,-60.854465,23.356537,-3.6212175,-57.233986,13.732037
-41.087654,-25.432468,14.509889,13.360043,10.113843,-34.91215,46.262577,-53.776978,-25.941534,-0.8022939
33.01988,37.351852,10.833931,-11.336126,-23.012152,-55.167267,-54.87491,-20.701025,13.578613,-24.598536
-36.707657,-32.554035,-32.97351,-24.256678,4.7738676,23.744036,60.54832,-31.260141,58.54667,-32.335983
-43.489468,43.01594,-52.896835,-57.4372,28.200037,67.057465,51.661697,7.767768,52.151775,-24.589647
-41.62969,-30.82972,-13.01394,7.6541023,5.326432,-52.667496,70.177124,-47.45302,-13.132721,-49.26329
-46.78491,24.205433,-52.695843,-30.30809,21.840479,36.87063,53.766037,32.11217,20.502003,-36.219036
-37.775707,-1.6342634,-46.81607,-54.295956,27.107101,52.870117,36.328484,2.1552348,51.507427,-65.78319
6.78375,35.536667,26.775307,-25.789375,19.25771,-2.3230467,14.753242,9.986174,14.500658,-71.74554
-26.908106,5.2044325,14.707413,32.6573,21.09643,-31.65843,35.38684,-45.324833,-30.746065,-45.87218
-12.060655,-52.78464,-48.66335,-25.917212,-19.690247,-22.402767,-50.80978,-40.644913,-48.622326,25.059551
-9.511003,-54.08777,-18.531414,3.8456378,10.208548,-42.672756,65.68707,-97.7911,-31.671957,-48.475296
-12.825638,-35.61694,4.2279406,10.588266,-10.323001,-61.497288,2.3340313,-46.648983,12.798317,-25.592821
-15.044642,-41.19883,3.3764672,-59.437565,-19.242113,-22.972706,-8.64793,-7.817642,-39.65544,40.84001
-34.549488,-51.21884,12.425402,-29.474136,-0.30198458,-97.294266,50.509792,10.879449,-18.728304,-7.8873086
-18.009888,-29.675596,1.8474585,-39.685272,32.204033,-13.703851,37.735096,-47.073437,103.95102,29.953539
14.318114,-43.057087,-12.990862,-11.113731,36.258812,-8.716928,59.69547,-54.969833,69.14811,16.96675
-38.240444,-64.98781,-33.388363,-30.00224,31.00206,14.215154,90.728294,-25.988678,36.703316,-22.766703
-12.369777,8.225373,16.252243,-4.0864615,-23.601444,-34.86494,-26.843805,30.766047,-4.2392993,-101.38404
-24.40296,15.571262,-51.20908,-52.50312,-16.761631,44.670902,34.502968,-9.599288,67.94037,-41.038315
27.242765,-54.0123,-10.611265,-12.998033,29.13268,6.4418015,48.209366,-30.07266,79.99672,31.480461
-25.155539,-56.780987,26.852335,-29.793142,-13.275466,-57.161747,26.187342,-18.14359,-13.903876,3.3621938
2.6739345,2.3186924,-62.554184,-19.073174,-34.686287,4.5860233,11.315763,-4.3092318,-37.519096,9.156594
-45.104527,-1.3773918,-26.503365,-39.170067,-4.096575,88.314224,18.090704,39.482357,50.568302,-23.505741
-33.80969,-0.42293406,-18.982447,-67.81363,-65.145096,5.202485,-17.013165,2.4713814,-39.43979,7.2526274
14.667538,17.261948,24.065693,14.26467,20.315332,-30.986917,-46.80278,6.655395,2.6978476,-69.18984
-27.1199,-52.84201,-22.790022,-28.263767,28.487371,6.137328,41.941486,-36.3525,68.758736,32.670128
55.878365,-13.267048,-13.380296,-39.68453,-9.366755,-11.774361,34.827007,-23.379042,-65.423164,57.477085
-26.027876,34.20333,-27.034212,-27.109863,-7.562064,44.58674,36.609043,8.236378,60.084515,-29.961111
-18.765902,-15.117484,-53.052715,-45.442936,37.27616,39.677723,35.347137,-16.476664,63.922573,-35.08038
-14.202193,-14.686541,-9.976493,-18.766262,-26.381672,-38.1918,-12.297341,-39.907703,-2.7853677,-4.8956356
10.815709,26.908848,19.128744,-20.865835,-26.313128,-29.848684,-28.015158,-10.264241,8.406763,-74.42381
-50.653877,22.225702,-56.544426,-28.03756,0.48757648,83.697235,14.7200775,-22.265436,66.21996,-13.884568
20.84532,33.26513,18.607573,-44.477478,4.9502373,-28.930368,-54.52518,22.626053,-11.730838,-0.1339676
-18.983496,-48.609425,-17.47135,31.838852,12.566307,-25.379871,57.05224,-56.617622,-16.039597,-59.471645
-51.2123,3.5259762,-6.8431225,-0.95013773,2.7621663,58.838825,63.26255,-1.4317077,27.256588,-30.663898
35.554974,2.0468485,36.402218,-22.599339,11.943883,-33.73352,-12.482539,28.200186,-15.406113,-81.11995
-46.489594,-48.44404,-13.082228,-26.701666,58.11188,8.4753895,59.70573,-27.961937,62.07883,11.5212965
-46.183296,35.086,-65.501816,-38.545567,-4.605571,44.051746,26.189259,28.28004,56.98855,-27.996626
-40.09581,-63.052876,-28.009346,19.053228,-0.40973455,-47.616978,74.28079,-42.03402,-17.343496,-52.418404
3.229445,9.719422,8.633991,20.472836,7.768629,-38.793774,-31.266024,11.439181,0.030026108,-62.202377
-7.235011,-29.3488,-31.797686,-11.727325,14.355078,-25.374773,38.711414,-34.459225,5.8655057,31.239246
8.092684,11.305154,-35.01679,-54.38298,5.5137024,-4.897658,-8.069698,19.672104,45.049736,-33.865524
37.830914,-3.6383386,32.38582,-29.809591,-12.708765,-15.614042,-22.341705,18.285793,-10.097117,-74.69151
7.4500923,-12.471782,-13.346192,-51.072395,-51.42714,-28.675268,-7.160398,9.746974,-36.577473,-14.135193
-24.537443,-28.253836,-28.180723,35.9587,11.30446,-19.27675,55.916702,-40.46194,-12.789496,-62.65255
12.589415,14.981045,21.201641,7.2364397,6.9642177,-19.25566,-40.43634,-18.516384,-3.683503,-74.81702
-56.138638,41.593277,-33.7652,-54.688328,-16.622465,75.53284,40.15332,24.03589,80.54451,-6.8952274
3.662943,-63.18958,17.45465,-29.634617,60.991222,14.274644,44.097775,-29.887262,54.77806,32.2537
-38.748966,-56.72888,-5.5034404,18.409342,-13.02438,-28.290016,74.12236,-37.458164,-20.711088,-36.075775
-29.294449,23.680588,-61.518616,-48.11624,-19.847668,17.556948,2.1278822,11.664495,13.256508,-13.001019
2.671352,-56.897285,-1.0532596,-15.049374,43.472034,20.201553,56.038307,-34.934864,96.02049,32.079956
-11.592202,-19.80041,11.706016,-27.547087,13.279758,-20.389341,13.329809,-0.41909963,68.86278,-1.7914785
3.0180752,-38.874252,-39.139507,-60.307365,-29.310658,-10.81173,-21.342415,-50.36293,-48.821533,22.278053
-25.868103,-42.687023,4.414607,-43.511803,-12.898504,-51.11984,30.411137,-27.434168,-10.27779,1.3459547
-1.0907341,-62.90825,22.02936,-26.427809,25.057047,18.253633,45.504967,-36.8603,66.008736,-9.874648
8.81638,-55.87619,2.7473006,-34.40774,56.056236,14.518694,49.668846,-22.467453,69.3106,33.321026
-9.446403,-37.807552,-13.950018,-8.213985,19.643673,-31.133276,1.1358529,-64.5581,41.884193,-2.2019598
-42.286274,-15.756571,-19.603436,-23.56818,-5.282152,48.62105,19.78891,13.264533,70.701866,-53.33903
-32.701313,-42.191853,-10.5413,-5.99197,15.581724,-5.4192634,47.25375,-26.565317,64.83495,12.435231
-7.9421325,8.938865,56.92621,5.600865,22.164001,-5.6521487,1.8459518,-41.01506,-20.06659,-57.77304
-46.090775,-1.2199516,3.486874,11.453415,-2.2986808,18.949543,50.521366,15.527356,4.395506,-35.982063
-22.555155,-4.7360725,14.670008,6.2388973,3.7326615,0.398013,33.118687,-3.0726206,-13.093408,-56.019207
-24.83172,-37.607502,-21.810265,-7.2472997,46.134518,20.90351,56.1304,-32.784973,44.846188,11.039607
16.015436,1.4958322,-1.3707159,1.203442,5.6780815,-60.36152,13.063975,-6.5294633,-12.424295,-22.706684
1.8258917,-0.88621724,-51.89997,-46.124416,0.81031567,31.091871,-4.352615,-34.58797,-80.24669,14.923432
-45.738346,-66.257965,-17.548182,-42.496384,16.44071,-27.675196,54.089306,-19.882223,76.64126,38.876034
-25.377129,25.33085,-34.299477,-16.646492,-4.1913657,50.25403,19.891756,-42.428677,59.023823,-38.04417
4.818547,4.0359316,-73.43358,-42.34106,7.4575443,55.283222,22.793486,-21.144163,-15.193189,-8.781058
-10.021058,-54.230453,-32.946453,1.3254534,6.0943823,-97.57174,61.322628,5.215153,-5.9679255,6.373769
-9.604263,-27.158012,-30.613,17.14376,-9.1631,-46.749557,27.067167,5.5239882,-6.1209664,-15.646248
-17.935452,-14.912183,-55.361454,-58.012077,-1.8691695,14.522245,15.552241,-3.2157776,15.670813,-40.853428
12.778443,-37.90008,1.9991399,-72.157524,28.067131,3.3142228,48.040375,-33.9827,10.286077,32.20638
-48.090202,-11.5755005,-57.384228,-11.535742,19.85027,62.48543,81.926895,-6.2720327,21.468346,-70.2974
-27.04456,-26.143238,-41.650677,-69.970024,-7.6535363,-22.135958,-8.127984,-34.422565,-58.96746,-5.907539
-33.80492,15.804772,-45.334007,-56.798073,-23.343231,66.443146,56.382404,-1.1366351,43.675613,-40.690994
-51.865295,-28.709473,-31.27945,-4.3735447,-0.8224508,17.431976,-41.096004,-18.338346,-32.40287,-33.735374
-24.847351,-31.855982,-21.778067,-9.962084,18.274778,-51.041374,-23.388384,-14.930647,-48.074963,3.7838485
-59.234127,20.34033,-20.97166,-48.038208,5.25708,34.948868,63.464317,2.0111387,9.573698,-20.56705
39.583103,4.755322,27.61061,-25.737278,9.564777,-24.789673,-16.78966,22.424751,-20.971445,-88.379684
2.2218177,-14.812031,-23.73635,-28.12114,-21.196959,8.679738,46.150524,-15.043134,-13.977201,3.0945318
-45.924076,16.140133,-35.75423,-44.89883,-11.763919,74.11652,26.04563,22.32394,84.4037,-31.907194
8.054648,-37.138683,6.629673,-10.884477,40.08587,-14.861522,65.06569,-58.33391,48.133587,26.849604
-39.7775,44.265495,-59.705757,-24.442356,-17.320803,49.881313,44.770634,27.46884,34.656574,-30.12674
4.405662,-70.19659,22.119402,-55.245544,72.45076,8.114555,30.953249,-44.658325,42.894855,11.76645
-39.93839,-10.985777,-19.235014,-22.330008,21.250381,4.305045,80.843704,-72.81583,-34.71688,-48.71781
30.302876,1.2274802,0.3631118,13.517169,-1.6786472,-33.288784,-50.11632,-23.589758,17.609253,-65.77217
4.490325,-12.896186,-51.68173,-49.060577,-21.521082,-28.099773,-1.5715709,3.0041564,-55.88702,39.188984
-21.554262,-51.71288,-24.82087,-16.558344,1.1774166,-5.232452,3.842681,-18.734066,22.994043,-21.274157
-39.67462,-38.997738,-15.843483,6.0298243,-5.751195,-47.819267,70.24857,-53.089287,-23.237999,-59.595127
-42.487946,-53.892372,-14.871116,-38.732243,27.673212,-7.6423078,19.723652,-22.585615,38.006054,-5.7188044
14.820133,-4.8833766,33.17748,13.369058,-15.712185,-54.29928,-45.65702,5.8580194,22.160645,-43.631184
-36.65144,-9.747895,21.144674,14.733457,22.531782,-55.98506,74.7346,-65.3997,-38.412975,4.1816216
-6.315565,-6.531834,27.876743,-9.286402,24.349033,-12.998874,22.551735,47.315956,29.644522,13.076512
-19.938923,-33.016384,-8.921409,16.046774,1.6025894,-34.086754,77.17075,-81.068855,-13.623643,-32.424824
25.905626,39.2741,13.334314,-23.965929,0.59940046,-4.998831,-19.361666,-12.22979,4.415685,-57.437138
-64.91972,-8.641962,-47.28156,-26.724716,23.898039,94.81669,55.71461,3.2196462,55.49673,-54.336014
-39.769817,16.356127,-79.44519,-40.81963,14.269377,55.216537,6.4280033,9.308158,57.479237,-24.526142
21.715414,-13.333914,18.217981,21.438873,3.7328367,-15.67637,-34.743027,-29.010246,15.190918,-67.41885
-12.654464,-69.36257,-15.289402,-27.484617,56.308342,3.2862735,44.398647,-10.317638,55.4475,0.10883689
-42.00814,12.001418,-62.633553,-22.322107,11.71515,12.345123,21.062704,29.976465,65.07144,-24.93611
-34.371296,-29.456343,-44.2794,-24.146334,42.682404,13.708955,30.538076,-15.231525,33.882122,-9.270821
-13.248375,10.802185,36.281986,5.3754516,16.647736,-45.38423,-7.4235764,2.3667166,-1.8877211,-49.265984
1.3306623,15.940446,10.231905,-7.027829,16.055454,-35.78454,-26.553444,-24.165407,-18.911043,-32.96292
-18.149971,-20.337612,-11.63386,6.185817,-10.732999,-66.44069,28.080017,-25.127048,-7.028977,-19.644272
-19.989553,-14.007323,-18.416597,-38.73976,-35.498672,30.008965,50.73068,-20.730852,32.350784,29.015808
-21.39706,-60.808147,-8.822812,0.7328986,-21.356512,-73.570724,84.167046,-13.6485,-22.460356,-17.975628
-54.069912,-28.412867,-37.20897,19.214405,-15.267414,-34.596306,70.2981,-13.889693,-17.464773,-43.866814
-45.97803,-4.0833983,-10.060996,22.567062,40.02795,-55.320892,78.37387,-35.17133,-2.1217737,-21.038141
-32.906982,-23.190754,-33.12888,-20.96604,7.1659274,7.4133286,38.935497,-13.633244,51.40661,-22.591318
5.120417,-78.39764,14.524648,-53.043163,78.8544,25.958178,33.19541,-7.5440354,62.592995,49.011097
2.5629368,-12.569417,-4.5314555,-9.187119,1.6221554,-39.4805,-11.702791,-34.263855,-21.631554,-13.994477
-32.511368,-51.68817,4.57967,-15.9036455,34.89307,1.5780588,55.77024,-49.61209,45.7575,29.930931
-12.330873,-51.710903,8.475322,-13.40104,25.91943,-70.84765,62.268898,-37.907543,-60.92206,-23.499989
-49.536774,-38.477173,11.206789,9.048746,5.219917,-33.901443,68.89089,-16.987349,-40.351326,-20.077393
-39.05558,-19.728214,-33.720615,-78.55638,-23.559664,-9.088228,7.56979,-17.914457,-66.915276,-10.346408
-24.7608,-28.207558,13.1763525,7.8876,18.09688,-61.62715,84.72138,-57.81553,-28.843174,-22.23047
-53.567516,-38.986183,-37.14597,-5.771714,0.87195534,-37.9376,57.679737,-22.05674,-16.617134,-33.10565
16.738821,17.484356,32.865967,1.0226659,28.053219,-4.445065,-35.34221,4.290899,3.0722654,-78.37899
-62.221725,-78.3677,-17.989283,-15.931161,5.4964213,-7.5945616,48.73513,-34.942688,40.658062,11.266037
-3.7042027,-8.583761,-45.76947,-15.587931,29.522589,10.0444,42.55265,-48.620262,19.961695,36.0918
-36.50244,-55.22842,21.380148,-3.5910954,29.255777,-65.597466,59.57466,-43.340267,-4.5817,-18.67736
2.853183,15.4393,-14.070924,-14.738397,-27.25636,-59.59454,2.0398774,-23.269516,-42.74394,-46.62891
4.109426,-33.098377,16.299028,13.434753,-4.534148,-53.42375,73.263214,-55.058056,-27.445656,-22.226763
-40.46945,-49.992165,0.33591735,11.504233,-6.2897463,7.989737,41.4534,-53.273876,38.144627,2.004729
17.046724,28.250431,36.6055,-15.37969,11.297007,-13.484056,-38.982304,15.105096,-9.536549,-72.97114
0.82986397,-72.76089,1.4483088,-33.70005,45.604137,-15.866015,35.406208,-6.106536,49.496246,28.252777
-51.18617,26.402206,-53.805233,-53.20439,0.7920878,75.676025,34.24361,4.4059706,83.22997,-32.654865
-37.258812,34.85939,-62.656326,-46.49337,3.0825953,75.41351,19.785847,7.1969748,31.444069,-32.470898
40.742867,5.547128,-3.2483509,8.033659,-12.653502,-53.958725,-64.864586,7.6789618,1.2924563,-30.89107
-20.820826,-68.70776,-24.318476,-32.793785,45.90653,-2.8495455,46.840553,-15.333744,66.74364,2.753494
-1.0711793,-51.82266,-38.034473,-18.424831,34.29799,23.523773,25.255802,-28.927288,81.37338,-14.242427
-14.375956,44.216053,-2.9383943,-43.664314,14.324829,10.685193,23.197847,12.669667,21.295984,-23.175262
-11.747321,-32.39602,6.5425496,10.165565,20.85057,-60.40209,9.589785,-62.72614,-36.66086,-4.3928246
-60.30772,3.6618638,-30.56194,35.182102,38.02696,-33.79261,100.57412,0.026403824,-42.534283,-59.234848
-42.01426,-81.33436,12.73573,10.032222,-38.71884,-47.94303,72.39319,0.27507606,-38.27418,1.4664876
15.684336,-12.906233,0.19289345,-35.581516,16.847336,-43.050434,-8.404881,36.01128,21.078598,-28.633146
-19.352411,-44.503555,-42.25164,-9.661866,-9.264321,-31.93758,-51.798267,-12.485885,-67.678696,25.598396
-43.882957,-45.70037,13.847291,-10.982522,26.68085,-76.99974,26.215666,1.0237776,-11.559256,5.0321093
37.487293,14.222562,-2.0317452,-11.279233,28.936579,-34.742786,-45.3481,22.109257,-28.112612,-58.794178
9.922584,11.604294,31.23566,14.848405,-2.597581,-39.825558,-7.3118286,66.28753,-1.1877952,-48.069424
22.14368,6.090223,33.275455,-20.95809,-18.401598,5.010159,-21.624302,10.221676,-12.195873,-70.6784
4.232591,-39.32949,-26.773972,-26.974201,-10.691828,-59.74613,19.761307,-15.674029,-23.193634,31.971478
-18.84061,-19.486109,-13.550931,-14.806307,1.3691752,-0.85645527,29.475298,29.27218,-28.10843,-29.446465
-33.785126,7.984409,-9.37854,-37.769913,5.3363676,40.072735,12.591418,10.359847,74.97524,-37.07616
7.970716,-77.088974,-3.87466,-58.3313,50.934605,-2.1489878,25.861551,-41.801815,67.45801,17.597164
24.265411,13.195101,24.39816,15.335809,22.307674,0.964856,-14.850575,-26.544044,23.592524,-63.9523
-12.051585,-6.395803,-14.766358,-1.2200936,-1.3795935,39.271496,25.438257,-32.87067,34.444862,-36.822655
3.9467854,-10.15989,-29.132446,-44.910686,-57.28602,-7.9696417,23.585932,-1.9536179,-26.991531,13.835195
-32.00967,15.052983,-7.2642007,-12.58627,-0.45142195,22.432081,8.411084,-29.542196,1.5436264,-52.2963
6.1668386,14.62879,-39.402985,-89.525536,5.185087,2.0853052,-6.581197,-2.1500316,-100.885056,34.091793
-16.942825,14.205088,32.937904,-17.402893,15.05335,5.019848,30.336464,6.726308,21.293787,-34.375053
11.374127,4.683804,33.122055,1.684981,-15.735642,-44.248898,-26.42384,56.77275,-16.294857,-80.94965
-17.951061,-21.118307,-47.179058,-72.123344,-23.497112,-15.532426,-40.949455,-32.198643,-58.633564,38.342216
-6.962777,-2.0907524,-7.3286395,3.601788,-25.989544,-49.763336,-22.771544,-20.369505,6.394271,-38.559814
-37.947735,-53.400066,-2.1407561,-37.220917,12.529753,-51.211918,-9.311763,-32.33592,-5.2587457,-2.7524188
-15.811034,-44.498295,2.3509784,-34.481754,14.053317,-57.43577,9.2583,-50.863834,-16.73947,8.114749
-10.206422,-58.184155,-18.407513,-36.118412,31.405542,11.428008,35.72944,-23.515697,50.386494,-11.558628
-14.690424,-49.161507,-30.551899,-43.076485,57.92797,16.415829,37.439674,-6.605213,57.88779,-1.8455735
21.238642,-32.75425,-75.16564,-54.964386,-4.832425,-61.778446,-21.81892,15.8846,-49.79713,18.876001
-31.992971,-29.852095,1.6189986,15.0681925,15.179466,-32.511127,89.14126,-76.68152,-18.913012,-37.608505
8.518103,-67.05439,-23.297533,-48.177345,24.669226,5.451802,34.475212,-48.712646,77.810974,25.685999
-22.482155,-10.542042,-39.631393,-20.52038,19.673164,52.18251,75.37325,-28.108688,36.542465,-55.12212
-7.150752,-29.660833,-35.991283,-77.70259,-25.902824,7.2256293,10.244263,-35.612106,-66.08978,8.677796
4.898655,-8.932484,-47.540276,-72.87553,-18.205677,-11.047582,14.089755,-1.7732874,-45.50774,12.293601
-15.67845,-48.83724,-45.105495,-44.39586,56.97614,16.404297,40.59506,-12.552857,66.80857,-10.062299
-22.488989,-42.15849,-32.844734,-16.24004,33.18481,24.764534,32.92485,-38.80663,53.330814,8.607684
-59.797543,7.5203805,-4.5285707,8.772635,2.4308941,75.64504,48.75055,15.465596,42.176632,-29.971611
26.366829,42.52447,26.688786,0.71355665,29.743011,-40.68093,-35.995934,6.543419,-27.336538,-80.99911
-67.38006,56.518753,37.942436,14.452565,-14.021875,-34.779655,-14.942244,12.860688,-7.3915815,-60.09053
-24.792973,-50.772438,-35.897335,17.705103,-9.304916,-48.53585,59.731495,-12.874482,-25.693872,-28.946478
-9.797559,-26.614912,-33.906708,-67.927734,-8.398366,-29.321966,-0.5825271,7.038117,-76.20696,23.551174
-38.377567,14.125167,-37.206963,-20.190008,-1.3573408,68.14248,30.964188,-28.724863,59.645336,-27.258661
-34.054832,-6.6430697,-6.6744556,-1.4702619,-6.507146,21.128853,56.157833,-18.91947,-3.559763,-57.817337
-4.6404204,5.8738637,14.953484,-11.968735,5.2534523,-47.107185,-4.1077895,-22.666822,-14.266685,-61.275974
22.64131,-14.792975,-43.14055,-41.638535,3.7549555,-22.63866,12.267001,-36.05335,-40.703228,36.82678
-26.315027,-63.76559,26.639063,-5.999906,-18.977535,-49.13027,23.9417,-26.247175,-38.37059,-19.84261
22.137516,12.818598,48.878468,7.990407,44.247406,-36.150726,-21.346886,21.330494,4.045726,-70.45266
-27.183157,-31.767864,-4.252428,-8.600942,-5.562356,-71.89367,31.000069,-36.122192,-7.474732,-16.573845
-14.593877,-0.35218617,-12.042566,6.5817375,2.9739356,-62.49321,-27.253971,52.645123,8.338339,-42.576473
-36.233685,-50.722637,-4.9839125,-22.091007,24.200844,-41.465195,72.89204,-15.689549,-32.069824,-21.65291
41.25057,13.033953,14.376539,-17.750753,7.9481792,-3.6491098,-32.16258,3.1687782,-8.227239,-80.92108
-8.252999,-23.424273,-43.054222,-53.01918,-18.200933,3.8963675,-20.71359,-58.13285,-71.84874,24.930672
16.488058,-16.737207,-10.1658,-17.858572,27.199064,-58.691807,16.324158,-39.341827,34.044933,-10.946456
-22.738073,35.512257,-6.4659185,-29.535408,10.206607,30.539251,30.852373,12.150383,55.343857,-20.175623
-40.692696,-44.207672,-10.68324,-12.925726,0.28692564,18.236528,90.16871,3.4719656,40.190823,-19.987423
-49.794216,-34.321903,23.745457,27.392302,13.5131235,-34.038403,60.17549,-51.73197,-42.322857,-24.438292
31.51342,-11.77312,13.030278,-7.444699,-10.99154,-44.786125,-27.101522,24.733004,13.047865,-59.21144
-9.8769865,31.364712,-32.165676,34.894283,-37.630573,-75.159584,-57.95755,12.164449,3.161534,-59.59042
35.513424,2.205406,-58.16179,-56.656254,-14.517866,-39.906437,17.415382,-15.766493,-51.43417,34.870903
-18.860151,1.7472279,-31.607925,-68.345,17.746029,63.254063,24.770973,6.731859,54.54446,-61.089737
-4.362538,17.965183,-53.22768,-96.0978,-34.37469,-6.8970046,-25.57084,20.795218,-76.919556,28.302246
-14.884517,-83.16046,8.423793,-45.21008,46.9407,-10.952117,59.073364,-46.763756,63.35993,9.0727625
-48.78478,11.291653,-38.073265,-51.93839,1.9798925,54.811974,38.043674,15.709977,76.12249,-55.04567
-16.106771,-10.310691,-21.46367,-7.909147,-23.866512,60.07851,59.329865,-12.797175,78.57859,-30.804317
20.066822,12.595231,-32.714302,-59.324997,5.2263036,47.612064,3.8520613,-15.057968,-63.626522,12.193386
47.53313,-5.7287374,-4.0115204,12.992243,-5.088642,-37.086956,-37.15188,30.220005,13.242485,-64.550735
1.3405564,-72.1652,-15.395681,-33.243763,13.59671,15.4664135,48.09225,-47.522503,69.372604,3.5623024
11.908062,-82.663994,-1.9915743,-4.514221,-2.21562,-3.7005413,16.226542,-38.21998,14.710041,26.696953
47.096413,11.402903,4.2398424,-17.34182,-26.626701,-48.393143,-53.41346,-6.334353,23.063892,-38.756615
25.538143,8.679477,24.185152,-13.862402,13.568966,-45.248466,-16.763357,41.90632,-32.269753,-85.08496
3.4957407,-25.513113,-42.488503,-82.67534,-16.565912,-21.355978,-4.633015,16.48452,-81.20465,44.87943
1.8648152,23.833178,32.726654,-25.22555,23.889996,-17.79513,22.538546,11.227583,3.3759162,-50.41747
-33.36409,37.028225,-73.30395,-42.15477,-1.344876,56.454483,45.85855,-14.112195,60.03374,-59.471657
29.100584,-3.1243124,32.278694,1.3895429,13.060432,-33.85858,-15.0401745,10.803899,-6.5357428,-65.16311
6.9742985,30.877949,21.198523,-7.053088,29.425457,2.4437323,10.37343,9.47538,26.798038,-69.93018
-20.261194,27.891455,33.65879,15.595767,-18.186163,-38.35367,-5.4811296,49.990063,-10.881459,-55.473774
-4.7560296,-19.382278,-52.93453,-45.662853,-8.3695755,18.379538,45.482983,-5.1285777,15.04627,11.197934
-33.429012,42.062916,-73.70952,-34.826096,-20.191143,53.235382,38.50762,0.02849857,80.28121,-32.75941
10.854486,-77.76844,-6.5306983,0.00667274,37.124878,-3.2888432,49.51858,-27.790575,71.38017,22.22263
-28.25942,-65.66141,-20.095573,-27.086065,97.4837,-8.5788965,40.551994,0.14530389,64.57871,13.00858
-18.268448,-63.38854,-16.678858,-34.81737,3.6640022,-34.430523,43.64559,0.03967873,-31.176315,-48.434322
4.510717,19.08136,26.107862,21.964869,-31.812323,-47.479576,-34.55735,57.662357,-4.6207056,-86.24725
36.96579,12.610278,13.652772,-2.9972305,-26.258629,-57.897697,-55.648125,-5.694302,27.224941,-35.589413
-23.059837,-38.111916,6.574818,6.1856728,1.4131224,-66.42183,81.52236,-44.72889,-4.38293,-11.394826
-47.7116,5.0626836,-41.254932,-18.2312,-18.256649,58.738457,58.12765,-17.61045,34.537155,-44.22558
-18.516073,-33.711334,0.02432853,7.6705008,20.84991,-67.33336,87.130806,-39.12471,-20.067978,-25.345922
-5.4047775,-25.866735,10.167539,-35.009243,16.149052,2.0620503,58.58559,-30.599495,20.895832,29.42896
1.5642588,-92.34656,23.377054,-13.023132,37.17083,-22.173206,48.47623,22.481857,17.277115,42.81001
-47.9232,-81.95993,12.260139,-60.31588,48.054676,-6.031563,19.394863,-39.804073,35.762413,-10.999691
-29.58754,-18.56138,-14.125567,-22.72891,10.608085,-42.72106,5.906605,-36.926098,-26.942293,12.08977
0.5650708,-76.52389,22.672468,-25.468676,32.623734,11.778637,47.12931,-10.91434,51.578,-7.7566967
-38.352734,9.522578,-42.57951,-56.991207,-22.453468,19.204718,-12.663637,8.029645,-62.005062,12.504468
-31.00655,-40.352448,-13.841697,-9.945396,18.711153,-57.062824,-2.100351,-25.485327,-51.6859,-1.6342274
-34.603554,0.18399137,-47.155655,-85.53939,-40.316685,-12.084072,-19.75974,30.704176,-36.935562,17.406998
30.669806,17.244226,19.105755,-30.252737,3.6915977,-26.628181,-25.122438,6.7774506,-10.160149,-76.9669
-44.461845,5.9986753,-44.247807,-18.438221,-8.322559,39.517387,66.987434,0.22784142,28.693413,-47.089436
24.911964,-43.90215,-11.883573,-36.62497,-22.47712,-45.34742,-1.33456,0.52423334,-65.259605,58.004948
-6.1937833,-73.303,-37.273186,-44.47028,44.283886,4.5911,33.954163,-31.472069,60.208717,-18.1857
-4.184608,12.128519,7.2457066,4.4465275,-34.3998,-40.578007,-36.81443,41.022682,-8.219754,-99.42234
-6.4163127,-73.8698,-18.305933,-26.350708,49.312973,-7.8020697,37.685116,-13.007091,69.7009,9.586011
-19.7762,1.4701071,-49.46729,-23.4639,14.816204,76.94437,34.693905,-3.7896812,3.7938898,-61.904045
11.3648,-15.282814,11.502911,-25.636566,14.060929,-7.0258565,20.838627,29.344645,26.94765,-12.1367235
2.4476473,-16.788439,-55.318443,-50.45251,-35.497715,20.164427,1.8323289,22.66252,-47.152817,25.124683
-27.497202,0.28212464,-52.017647,-49.182922,-4.521376,-4.3580146,-23.869198,-44.46107,-58.721264,36.766388
0.11814654,-0.8034298,14.77629,-24.093817,-4.7017946,-4.339257,6.374892,10.829989,44.035095,-55.058918
-33.61,-49.3144,7.341039,-32.95284,10.1424675,-78.97652,31.605404,-6.41135,-5.6219497,14.025588
-64.42067,-19.974537,-14.680679,1.0901614,0.04345697,49.441227,53.121086,-39.559505,19.6871,-39.456806
-25.175264,-35.270775,-52.064667,-53.36101,18.167696,12.422322,33.05091,-3.530543,53.664818,-45.455048
-46.525173,56.003876,-57.622116,-53.825127,-0.44181213,67.31654,33.039326,4.856722,51.628574,6.4075603
-15.30646,41.824497,-21.012825,-38.38199,-24.765554,-36.114544,-31.140621,34.168545,-52.001232,-38.449608
9.217227,8.67896,-27.237595,-100.94064,-20.52019,14.695131,19.765604,-27.72038,-63.029633,25.231926
-35.33598,8.934281,-54.82404,-54.1503,25.563883,44.50688,40.08757,-1.701385,52.452312,-43.932354
-46.302513,-20.211315,-46.856304,-18.987173,52.831036,41.288803,15.294963,-28.109697,23.155449,-38.409737
-10.779367,-11.053093,8.03785,9.612269,51.657597,-47.881935,51.953133,-73.77281,-39.958107,-13.792084
32.136387,-8.617789,4.1684146,-4.458331,-34.93105,-37.054707,-67.36114,5.710932,-8.85537,-27.91612
-2.9666288,-3.7780793,8.280581,7.131588,31.363459,-49.79107,15.070339,-23.971111,-14.241223,-28.504892
-40.224617,0.5432609,46.547836,9.608479,29.95107,-12.753591,39.450714,-74.37714,-18.616228,-32.679047
-16.199614,-55.239395,-44.207256,7.3299227,-17.332563,-63.202087,75.88798,-11.756241,-2.974827,-11.050113
-39.12727,-24.34047,-29.048643,-9.569578,29.13362,10.325866,38.89928,10.046558,78.88075,-2.4221315
-12.937005,-55.998497,21.38889,-32.16991,70.756546,17.196732,34.179688,-48.65034,58.733307,10.337656
3.6718674,16.08618,9.456487,-23.002493,2.1707735,-50.805862,12.298605,1.7445246,-33.754044,-22.58431
31.873793,-2.0927925,-40.07166,-84.71575,-26.520449,6.225316,19.111189,-45.983177,-60.55092,31.32058
-16.789555,-59.989857,-21.60927,-35.675358,6.4352107,-59.577263,-34.2986,-10.0254,-25.960674,13.652421
5.929143,6.7751603,-78.96389,-24.330122,-32.491894,17.091965,7.5420504,2.0189154,-28.843845,2.2440693
-35.095745,-38.76375,10.683793,-10.156692,38.016533,-63.33398,64.884544,-31.732159,-29.68886,-19.15834
35.29036,21.330017,1.1016116,-42.259945,-27.75026,-24.410393,-48.288864,-8.373992,-15.191756,-59.680725
1.0256367,-65.30968,-14.765827,-38.555523,26.873636,-9.56507,30.882196,-34.826668,88.13416,18.70226
-16.602522,-65.25718,19.826157,-28.545918,57.59025,10.726932,41.56819,-46.739666,63.1636,14.268267
-0.80797863,-76.65587,-3.8141634,-18.658978,54.928314,-11.875722,46.68703,-7.080658,61.91415,26.942589
-37.7685,20.955732,-31.458807,-5.01363,-27.000803,35.326958,39.278378,9.499661,81.90983,-47.501614
-27.047848,-57.103035,-3.937792,-24.440643,55.34283,6.033558,53.60597,-45.475147,76.05525,28.079466
-7.926887,-54.31423,-0.8620977,-13.351149,78.81579,9.694963,48.542564,-30.008108,69.06788,16.19299
-8.35782,6.301719,-35.17477,0.76345503,-9.475416,70.641624,30.94654,-8.525237,76.22333,-36.55084
-41.467896,-24.663187,-11.419326,-19.808714,10.28516,67.56687,17.105087,25.170416,38.620052,-47.08151
14.484273,1.3831503,-27.265509,-23.095108,13.580528,28.74762,0.9740159,50.053413,-21.588915,-72.7274
-2.2015789,24.793816,-3.462322,-48.338867,5.406638,0.6939944,19.011772,23.331928,20.11039,-58.766468
-18.95922,23.314121,-60.81981,-50.72652,35.20885,61.089973,52.693855,-35.055912,35.465664,-43.817627
-48.745045,-48.29863,11.942843,11.903934,29.766441,-51.752045,55.881718,-38.7029,7.2543383,-33.017315
-46.720467,-53.67317,-2.8925612,-9.270423,9.355316,-50.31258,85.962555,-8.164967,-11.9469,-17.16267
6.6154814,-30.550447,-14.8516865,-53.073868,33.688354,12.713938,39.400978,-46.563553,37.637512,37.903442
-21.903389,-46.574657,-9.472982,-46.517155,-7.76169,-12.538944,49.333515,8.239651,-17.388592,38.66059
35.971676,21.411325,-74.44856,-87.10889,35.124916,-42.987946,5.25733,-50.637325,-47.304836,25.138037
-29.824863,-24.943659,23.525934,-48.873943,-17.109207,-23.687073,-6.289163,20.485067,-42.342133,20.926287
-7.686866,-35.26378,-56.754356,-42.61557,13.028007,-0.47116295,6.772116,-37.371166,100.88465,12.699567
19.932898,-75.764404,8.891503,-23.284779,67.07013,21.396683,47.3383,-29.791758,67.3214,43.833782
17.89029,2.8268359,-56.364098,-64.16932,-33.07715,4.5978417,21.996216,3.0048673,-38.512096,36.21226
37.582836,-19.833912,-9.840546,-27.643219,29.129568,12.463148,49.53737,-19.04992,-7.5860486,36.08
-11.322994,18.113317,-49.42658,-109.48445,2.4256916,-29.455664,11.043587,-8.68275,-65.528435,3.6896174
36.314102,7.7058177,39.089695,15.077317,25.694475,-49.9403,-21.508692,32.14715,-24.683338,-55.564594
13.948975,-27.458431,24.36337,-2.9047694,17.153112,-57.25911,-1.0158665,48.57642,4.3338075,-13.308063
-39.038788,-6.628454,0.6411061,10.542237,10.253064,-46.028305,48.195786,-59.46225,-23.108692,7.248043
7.6217513,13.333288,51.887817,-2.0832005,0.71908385,-48.487762,-7.439957,-16.939552,10.813301,-75.661316
-22.611204,-90.09999,8.567845,-47.93081,38.25962,7.1249785,48.40921,-33.042778,33.41829,20.259014
-24.05169,-59.86422,9.850427,-42.79209,44.099945,4.9550786,46.848408,-47.61638,44.526997,14.072335
37.315983,-4.9179883,12.312124,26.141218,17.495062,-23.695305,-51.68614,26.985163,6.828618,-59.50155
-41.425625,-92.37049,8.604766,-10.168764,64.53734,7.382916,66.54531,3.2076733,39.28777,-0.35785338
-36.53735,-20.77435,3.2546487,7.932456,28.566824,-44.145023,92.32944,-45.021217,-3.3833442,-37.81062
-0.70395535,-32.03119,-36.855762,-50.804035,-0.31958655,16.678854,-22.026628,-23.068186,-66.61108,16.872835
-28.470768,35.53368,-65.479515,-46.50549,-11.2143345,65.85189,58.08463,-3.4890022,63.802513,-57.22796
31.526878,19.846546,32.016445,10.958433,44.158745,-29.336872,-27.266735,20.694983,-6.7000785,-75.76426
-32.8761,16.047148,-21.870977,-109.85493,0.5641952,-17.929926,-16.284554,-4.3224564,-43.579056,17.562794
-4.6075664,-46.052616,11.734239,-33.170116,17.658737,8.131737,39.470512,-47.32644,50.940475,27.709478
-29.436045,-48.00444,-17.252655,-36.37081,-24.686796,-38.03062,2.234621,1.1024145,2.6270254,21.542253
-2.4257457,-49.678795,2.511304,-12.571647,75.72573,-15.398446,51.055206,-11.977249,50.998203,13.478653
-43.498978,-53.75851,10.72712,26.865456,0.15530306,-14.355263,38.273674,-45.48685,-25.675547,-46.445133
-38.178646,-26.682257,27.535192,-1.3937852,33.0792,-55.09766,42.946064,-51.373573,-27.93609,-17.598228
-33.674877,3.745513,-28.643446,-42.219353,-30.38863,39.698116,12.516962,-25.27113,-40.690956,29.600883
-21.277706,-84.20705,10.640523,-17.000748,52.237988,-8.318785,45.25505,-0.6162981,45.120857,25.576744
-3.6400154,-38.540962,8.270129,-44.801147,30.278994,9.250046,39.057568,0.7288272,92.054146,33.069584
-18.528652,17.893042,-46.753395,-46.256676,-28.881239,41.561703,6.6568346,8.633109,-53.508156,33.504063
-14.446294,4.7210674,30.110882,9.428604,37.731564,-23.437006,40.61458,-43.624287,-27.945343,-16.049042
-26.203747,-26.207241,-11.806859,-50.10111,25.23254,47.753017,72.49413,-17.915997,46.00411,-32.223434
30.493979,-41.058266,-1.4694831,-31.690327,-8.358825,3.3125525,65.48287,-24.4734,23.773943,43.52925
3.152593,-45.306957,-58.30813,-24.022902,-6.1017647,-43.198116,-23.026546,-24.845331,-47.427547,14.218343
9.557028,36.66387,39.798733,-2.5044172,-7.9250426,-68.8693,-69.94126,-36.11581,35.067272,-33.13837
-15.136888,-45.910175,30.923946,-24.614923,-36.939495,-47.982796,18.872446,-13.94183,-36.675587,-13.420377
-21.519625,-34.403427,-12.289132,1.098991,-26.082232,-57.00514,35.226135,-36.31749,-41.97501,-44.719822
-20.554491,-11.7991705,-2.7581193,12.370439,48.852528,-33.84681,51.35424,-43.147823,-35.29386,2.625361
-13.785164,-19.695448,-38.716076,-86.42612,-24.78259,13.943609,-2.5874,-35.829014,-56.347515,7.1888
-38.160267,-33.32276,-28.849834,33.20998,38.155296,-17.20708,59.187336,-26.924437,-0.36831662,-56.94582
-7.2273226,-35.0203,6.7986298,-39.88692,43.263103,5.7503104,42.797993,0.502464,89.40983,24.552135
-24.058838,-52.424545,-43.248417,-50.409073,-35.563984,-37.55139,-49.828632,19.261429,-50.411156,47.568897
-47.712887,-42.948658,8.849175,-2.6240892,28.504648,-63.238594,95.904236,-19.256151,0.06260696,-35.5659
-20.838888,-4.72006,-2.872384,-26.320652,-25.326359,23.30092,22.60916,12.980046,-1.3881435,-42.322514
-54.90238,8.792946,-29.319183,-41.238384,-4.2922707,80.61622,28.930006,26.00797,75.18476,-43.84731
-14.625381,23.658937,-39.62595,-32.76432,10.084682,1.5241901,-4.522531,25.904758,35.80474,-42.23324
-8.00919,23.264894,0.046723127,-38.053,-26.834944,-70.56981,-1.3582202,26.923592,-13.853267,-33.635616
-18.801157,-31.238226,-22.931921,24.084782,24.367006,-33.734787,100.13771,-69.56087,-31.213678,-62.581623
-3.6199188,-60.47257,-41.37405,-49.95797,33.93042,2.6885962,27.261238,-21.249207,67.339264,-21.297134
21.740194,-1.1991078,19.066748,-36.378956,-5.077993,-35.820526,-40.66163,43.277798,-14.270952,-89.4281
-27.368214,-4.132424,-54.681805,-41.70866,31.377169,24.41805,42.729664,-16.36483,58.390934,-30.666365
-24.424686,-33.71631,37.255608,19.017668,5.187006,-88.74031,58.359543,-38.997063,-41.29424,0.062357664
-63.89231,-37.60423,10.391458,-36.291897,27.186438,14.410706,45.258076,6.933117,28.282154,-14.966722
-19.007954,14.206258,-44.14505,-59.345104,-11.735128,58.445774,37.457134,3.1000183,44.204,-36.22002
-53.720573,23.960873,-29.972672,-59.341316,17.574017,70.19045,38.761517,16.274803,52.83121,-43.5362
9.59458,-88.09962,21.021162,-54.055393,55.220085,5.340023,17.10858,-44.970367,60.70595,9.504268
-13.927898,-18.595865,4.9702797,7.5701675,24.640802,-46.092793,60.87493,-74.99863,-6.084123,-41.384308
-22.172697,-42.219906,-42.972294,-70.75802,-19.809813,-35.913654,-62.088703,13.229746,-32.196968,37.088978
-5.6778474,-16.5967,9.72882,-39.577232,17.847258,-23.954233,14.903524,-12.849706,-39.984165,-61.782722
-2.0618365,7.045015,-30.908953,-45.69214,3.4340167,30.912527,14.236431,-19.361422,-30.557056,-2.557155
-27.94878,-4.584123,-36.739254,-34.75642,13.040783,-33.80218,13.294373,-2.2535877,-16.273968,38.340687
16.533,41.211357,9.7755575,3.824029,-1.4502655,-41.926773,-65.91638,3.7116182,-43.598118,-64.5559
6.317129,-2.5201838,-52.650036,-2.961794,-24.252893,12.859024,19.050531,13.39498,-15.12721,13.222051
-41.796207,-58.221775,14.3724985,-1.4784125,14.737842,-88.1589,51.59835,-37.24381,-9.75749,5.352168
16.062603,-7.9179473,16.309168,-30.601347,-19.649899,-4.285579,0.30387396,-5.483941,-10.035431,-53.57732
-16.3392,-55.979546,-27.236086,-42.75023,35.28962,-1.6126163,57.266747,-39.940033,77.93404,-0.904042
-49.073658,-40.100937,17.893564,-11.463986,8.443312,-64.243095,67.34202,-13.507585,-48.91665,7.000189
-16.961508,-77.97612,-3.8718145,-13.048793,37.143604,11.736734,76.5474,-20.329689,35.559986,-17.857857
-28.243015,-31.222172,-24.284853,-10.560541,42.070736,11.7165365,33.182205,-52.139603,46.793716,32.296528
1.8906186,36.63095,77.93325,30.855247,-7.5026774,-51.23461,-26.93286,20.806707,5.909429,-59.825607
0.95594466,1.2521117,2.8582125,-5.3740163,-40.79338,-30.59652,-12.919184,-54.99579,-7.5600805,-12.748334
-16.423412,-44.835278,-29.24253,28.577328,10.014306,-31.10358,81.10959,-58.679688,-11.940972,-50.284706
14.539969,-49.01533,-10.060481,-11.489779,28.346418,-0.079759136,62.003693,-28.288074,73.19459,28.158453
-12.825264,-44.37783,-4.469656,-46.809456,14.643024,-14.833714,61.228947,-18.069695,6.3273134,42.696846
37.840088,-6.6423225,3.2598982,-1.2795273,-11.845833,-28.228336,-53.19111,11.493012,4.2913637,-56.38569
-9.2491665,9.242242,-6.6121836,-16.076506,-17.595621,-50.433678,39.05823,8.806214,-44.019325,-8.591879
-51.427658,9.250708,-59.084045,-29.758638,-3.8375542,35.88805,52.96725,16.656158,59.997192,-70.11084
-15.690004,-51.05436,-15.96529,-18.833515,60.49373,-2.4609966,68.90051,-36.41921,71.01069,17.901922
-28.744455,-33.78435,-14.463012,-11.664606,27.151566,30.395264,75.242584,-26.551373,47.077263,-35.64535
-41.792202,-16.241842,-51.134357,-38.48823,7.761101,32.434498,33.9347,11.404957,53.40723,-66.868416
-0.8447782,-64.7517,-36.99047,-43.73239,50.56248,7.5137067,34.331295,-13.052397,71.50822,9.956611
28.355213,-5.0077047,30.93368,-18.121897,15.935471,-10.369883,-5.7733946,42.967068,35.165047,-27.83853
16.023052,-32.48826,-14.17497,-31.08882,-42.173935,2.1746778,3.5069714,-8.939644,-11.37049,42.398064
-19.095022,30.14053,15.14154,-2.9906845,-47.934467,-49.36497,-5.58396,34.131775,-17.192945,-72.33612
-12.483143,18.408598,19.110584,-8.479889,26.981009,14.975786,20.880304,0.30392364,38.76839,-46.350952
6.7587156,-93.68799,-17.199581,-27.87892,61.32466,-2.9915419,42.860287,-51.852818,59.169228,7.9222
-30.545092,-11.222958,-32.41449,-60.080517,33.147205,54.87652,59.748726,-26.108301,48.627033,-30.22794
-14.744692,-15.21192,-13.026968,16.848026,-14.581807,-34.224033,35.536938,4.6611767,-14.454252,-31.94858
-19.576223,-47.07563,-37.89687,-67.4807,-45.39579,18.432032,22.087887,5.0759993,-58.960728,18.231888
31.150345,-7.633091,-50.393337,-89.48211,-22.932343,-29.97611,-14.088195,-1.3470029,-56.657608,23.25803
-40.506527,11.054255,-26.175262,-9.260709,-11.233026,-14.475736,5.3947206,10.913688,55.333595,-37.427
-29.672628,-20.167534,-12.677204,-33.005306,-49.47248,-2.9819176,-4.048353,-14.051629,-48.412525,32.8274
-39.97487,42.416145,-56.574997,-48.13406,-0.31030345,52.030655,36.66575,-8.108533,55.160503,-13.597907
13.395807,-67.90228,2.8585806,-25.802135,58.853603,13.65629,44.433853,-57.4677,72.4595,16.884808
-14.3126135,-16.25469,9.105829,12.227028,43.44139,-51.455807,61.190155,-73.31142,-33.930202,-28.403286
8.112469,1.9617615,-7.5492954,-26.430717,-20.918344,-34.347073,37.380775,-16.135109,-31.838161,-33.998123
-22.25384,18.728292,-64.06986,-55.752754,-10.046963,37.1644,25.250196,-2.4469874,26.639774,-52.779728
-0.5175877,-40.850056,-52.74532,-81.90985,19.802542,-5.4195414,-12.828396,-33.863422,-25.625278,5.211748
-56.752346,-46.484734,-7.6832185,3.7571902,7.2677193,-38.6749,81.20363,-25.371534,7.605869,-34.43593
-31.387617,25.627342,-12.20156,-3.065072,-8.407056,32.463203,8.354488,-13.208959,7.056359,-50.065952
8.876587,-55.281494,17.19732,-43.38222,27.550747,-5.770933,55.25042,-51.215416,49.67609,26.57677
-35.850636,1.7359695,-1.6312999,-37.24341,-33.40364,34.12689,33.35694,1.7703654,50.422886,-29.497688
-5.469592,-71.80174,23.554626,-45.6356,65.96689,1.3048195,35.791046,-45.74371,48.505634,5.188345
-25.086618,-8.764562,-19.988163,-55.09979,26.504711,43.364246,47.570267,-13.005801,23.766874,-63.424698
52.517548,14.768975,-32.714146,-66.1978,-7.994411,25.667229,59.1756,-16.313913,-57.656086,52.184757
-54.383522,-9.664394,0.8246323,5.9074645,5.194561,26.008883,37.191147,-42.70132,13.98904,-47.39222
-42.343407,15.615414,-38.273994,-31.651854,-25.110945,63.076,24.32651,22.891855,86.287964,-39.9742
-71.02269,60.476234,51.7734,13.486815,-29.627335,-52.623898,-35.857018,13.6216545,-8.588663,-36.75483
54.627556,-7.5710754,-42.05188,-43.711304,-2.056967,-39.93703,7.9232197,-46.933624,-54.251587,36.092594
-36.04473,-63.593624,1.3844553,-6.3714123,-14.697294,-42.50762,86.5697,-12.445141,-29.960989,-31.617296
-20.783245,-52.310013,5.4883084,14.786805,11.632299,-58.249306,3.252675,-49.701927,-39.920486,1.0030823
-18.812521,-6.093322,-58.785667,-56.015636,-5.6139874,40.19895,22.99124,-2.929236,78.70718,-12.652044
-30.45159,24.560972,-53.5232,-21.302069,-43.8869,54.80702,32.573837,18.315582,65.873726,-40.156822
-21.428389,-12.037655,7.3986154,-9.903688,-19.900831,-41.707077,20.388615,-12.02314,-50.538593,-5.9533353
41.249397,10.072039,22.129421,-29.91742,22.091703,-38.937683,-47.69036,35.618847,-2.9627354,-58.610077
11.02076,-80.796684,-3.7496185,-27.47689,51.443134,1.9564918,46.23633,-50.44882,59.38099,25.183846
-19.150038,3.6951838,0.45093846,0.5184413,28.853662,-36.448597,6.2329392,-62.833096,-29.985569,-14.338227
-6.007144,2.98122,-48.863415,-1.7913665,20.249859,46.960136,16.249258,7.2658825,68.81691,-11.683509
9.250644,-79.8037,14.829072,-56.142246,36.24337,16.963291,36.297424,2.8279479,77.03083,64.00587
24.656404,6.954937,51.01328,12.396814,6.175308,-52.885296,-20.9146,29.163128,-7.437993,-57.325
35.836254,15.954726,20.853573,-34.793777,8.666351,-25.51455,-37.99977,40.98146,-3.5273247,-61.19972
2.5017066,-30.471495,-19.620146,-31.118534,0.9816535,-1.8117526,17.429365,35.154377,-24.847242,-48.743385
-5.235384,-21.223553,-53.723976,-60.783375,30.751118,34.47993,28.270607,-19.016384,77.1518,-19.00387
19.891802,-33.25394,-85.04638,-69.77297,25.622442,-64.66917,-17.434988,3.2706907,-29.890953,15.928145
-52.48309,-57.00308,44.692913,7.215891,10.36613,-30.986761,55.375114,-48.180634,-56.45297,-4.564355
-48.498062,-51.176624,-25.976154,14.650863,-4.101528,-42.218094,66.392,-37.836388,-16.834305,-58.144066
-26.499306,25.507805,-37.536167,-57.55658,-5.6611543,60.80563,25.021402,-5.364743,37.563553,-19.899319
-36.759357,-37.799454,-6.9767623,10.78507,15.384851,-51.96286,61.7227,-52.11544,-16.34512,-48.861324
-38.18565,-67.35385,-7.049758,17.662966,11.539579,-41.088207,56.259483,-49.89376,-18.329626,-53.637226
25.154308,-1.4112642,27.673435,11.210071,2.0163414,-11.370001,-36.39693,-14.226164,8.389403,-70.36053
-25.00879,-46.300507,-48.32988,-48.69504,-8.706482,-22.917217,-32.23361,5.671357,-53.280926,16.178028
-16.308947,9.997308,-32.946167,-57.06266,-27.712637,-30.455217,6.916627,34.39604,-25.110018,25.98912
-26.317894,-33.915676,-16.113733,-19.74064,73.552155,24.235533,17.514206,-44.08389,28.35118,-26.8835
-49.661716,-15.0242605,-49.15829,-26.866665,-27.1414,30.0683,11.226674,-29.22732,-16.451532,20.019114
-20.831047,20.498886,-19.226131,-23.946127,-3.9199326,16.815338,5.1841426,-14.135076,44.672012,-50.6427
26.657055,-36.17944,49.583508,10.507329,23.955433,-36.443413,-23.275549,10.351236,16.973581,-62.370926
-41.177547,-35.067142,-1.600298,-33.822186,-33.14173,13.044609,28.10306,-16.980654,-35.413654,26.038002
4.1538525,7.068299,-36.78814,-87.34634,-5.772431,23.251122,4.040454,-12.065479,-88.498535,33.126816
-55.829662,-38.24478,-25.182388,-9.779929,74.354675,19.13323,40.51799,-47.639626,55.346233,-14.834197
-20.646538,-62.07789,-25.661095,-50.646797,19.713587,4.817083,44.332485,-26.39294,55.40643,-7.983669
-15.777366,-16.163975,-13.463445,12.057116,1.0480452,-24.076,64.23389,-84.38152,-14.3022375,-26.778534
21.184809,-3.2773795,-18.18964,-5.2331886,3.9201887,-2.0393035,26.12866,57.6779,-21.86717,-63.727596
-3.2190874,-94.084625,30.050516,-42.099926,70.29559,7.974732,34.242325,-45.051872,45.215076,3.400172
-48.07361,-27.822388,-9.042918,-12.800796,8.564649,-51.40397,91.48784,-42.500668,12.12763,-12.30495
7.0014367,-29.618027,-36.35603,-57.334034,-2.6286354,21.493246,27.504862,49.299736,-70.65725,19.597832
-35.567085,-10.39447,0.44300926,6.6832027,9.821291,-61.314274,63.260654,-49.664604,-19.73652,-31.841343
3.932136,-51.945843,19.7086,-22.262503,-18.012463,-59.825886,9.831006,-36.096962,-20.117987,43.090595
-39.549267,-15.855352,-7.909216,-0.24796845,6.185252,20.903849,43.603333,2.2961173,-7.2467384,-60.008823
22.818352,-13.617586,19.7678,-37.073734,-2.819849,7.1938205,-57.35784,66.53174,-33.534645,-36.9002
-30.313227,-14.179631,14.965013,-4.393182,-6.024008,-2.977173,71.76807,-36.16084,-33.829197,3.3801262
36.59703,25.392689,36.142975,-9.68649,29.926046,-43.31168,-26.264322,53.528378,-28.631,-72.59692
4.668425,5.6312747,1.9895474,-10.411218,-12.837159,-38.559612,54.579422,-42.894756,-44.043488,-3.1698093
3.9932144,23.579542,16.87029,-39.278305,1.3930392,3.4238782,-19.474722,-17.059431,3.3468816,-57.498642
7.476927,-67.13283,16.354069,-37.4132,60.836742,9.408297,44.79233,-41.84254,46.588093,26.783508
9.481673,-70.993645,-41.45021,-29.52481,0.5971792,-46.201504,34.24693,8.297097,-30.846489,4.2285795
-21.066437,-65.92256,4.0303617,-38.49557,24.93041,-1.8857054,80.55082,-24.560284,27.294127,22.43103
41.59624,17.25441,-23.579481,-56.805775,-39.561184,-33.219097,-34.40322,44.80472,-32.85143,14.466421
26.906883,8.293436,8.393948,10.930339,-8.301444,-51.574276,-48.242546,5.6929297,4.200485,-32.122257
30.292713,-42.939934,-39.39788,-69.66537,-36.63028,23.384348,-6.934641,-30.907633,-46.87885,34.797077
23.329784,0.34734625,9.914111,-26.955942,-26.758675,-8.926229,-35.162575,8.642957,-6.812859,-63.748066
-35.398888,-7.1554084,-10.034169,-13.703741,7.71655,78.204056,29.849632,3.971339,31.870493,-43.865376
10.365833,-42.18853,10.762805,-14.397746,22.470266,-39.90368,14.292122,24.722866,31.35312,1.5903733
-29.378696,-39.184887,-1.9659988,-0.057710253,-2.60109,-64.00911,70.8237,4.616562,-41.90523,-13.685444
-34.12625,-29.685091,-30.058897,21.739826,-9.709855,-30.57504,64.44254,-8.284164,-21.160412,-12.921944
-18.366611,-74.27306,-5.262663,-12.021376,30.601145,12.206851,53.155197,0.30812326,66.10981,-15.237377
14.095104,16.758747,24.73037,-11.435015,-18.883297,-21.412922,-16.54455,1.7638204,-9.116775,-63.365597
-17.682192,18.546095,-41.97938,-64.29897,-5.853034,31.204336,-5.065452,-19.020966,-78.966156,18.991936
11.53343,-19.896297,-27.775652,-25.583769,-18.680813,-9.260344,12.606161,1.9417034,-64.999725,64.32588
-28.455385,-26.890692,-7.524377,17.492146,20.98958,-66.888374,87.13936,-41.527184,-25.978954,-42.96099
-22.48483,-45.336884,-43.85633,-2.8648422,-23.67403,-26.283419,-68.47276,-6.004672,-61.342056,40.627422
-5.066582,-72.547226,-20.918049,-39.273067,35.63576,15.556971,47.83767,-52.667366,66.69994,4.5869284
25.539312,12.804369,66.0389,-14.280217,9.630655,-51.007133,-2.901042,31.066998,-20.155575,-58.9033
-12.83601,-20.279835,-7.2628307,-72.92412,-14.412114,7.344435,-30.468374,48.21457,-57.13383,22.780018
8.259921,-4.3517513,19.242601,-3.120186,24.480505,-64.06746,9.507581,-21.074556,-37.007847,-63.185623
28.014948,-52.55899,-15.772363,-47.609795,15.387471,-4.87989,25.073494,-25.61367,93.0162,39.090397
-64.44325,14.856435,-40.93499,-7.4075933,-29.39792,18.384872,34.582546,11.687578,51.96189,-29.824802
-29.372341,-50.482105,5.189012,-43.42443,16.599813,-56.07583,32.622593,-51.96802,6.1623306,4.315956
11.564723,6.6078305,17.014076,-14.669767,7.5484486,-53.495384,-37.232388,69.30215,-14.271547,-72.03872
15.3820915,-0.17175843,10.661071,-26.600416,1.151866,-32.06038,5.037543,-5.580812,-21.775206,-71.8383
11.73829,18.935717,21.073282,33.46567,25.124474,-31.763233,-37.264812,0.9955764,-4.6712875,-65.497055
-31.745218,-25.139961,-14.15095,-21.161613,-16.454075,-88.426834,35.462646,4.17223,-13.715166,-14.090615
-0.6010883,-56.97754,-25.812002,-28.440792,30.904896,2.6296978,87.8215,-38.21131,35.575672,33.319126
-56.670544,-74.33251,-0.8559631,-25.295343,30.223888,7.1393743,75.69666,-27.99778,79.70604,16.441557
16.37903,14.572365,4.9325185,15.269584,10.041056,10.98576,-14.825745,-36.23178,35.70175,-56.121628
1.3473139,6.218904,-27.163496,-85.24663,-44.345703,-13.190311,-31.563234,27.36373,-48.229595,12.064309
3.3086967,-45.762688,-43.962532,-41.910156,32.32212,-4.3251944,6.6694574,-0.75489306,75.9589,8.988176
-40.9248,-46.766933,12.465819,18.34954,18.406574,-47.305878,45.256264,-33.82882,-26.546524,-37.019096
-5.609449,34.753216,-23.019676,-49.109795,-8.852,16.22085,4.936518,23.736668,33.31159,-57.79138
-52.443573,-21.766687,-9.970603,-17.702831,32.25676,-8.175789,32.15083,-9.200588,29.32245,38.991978
-4.3121276,-3.7480512,25.757961,5.906721,28.503,-37.644005,-16.060507,-34.948055,-6.435977,-63.031597
-2.335696,28.168053,-5.475872,6.1287036,4.051334,2.326446,-28.431702,12.2189,-2.581265,-59.535778
-3.3749666,-44.79574,-11.49386,-3.7154996,69.15156,-34.316956,66.00396,-29.934732,47.80447,10.392594
-49.475037,-23.601578,-38.28201,-11.616295,11.275054,-3.3374386,39.095673,1.7484072,85.58369,-30.798086
43.325542,-5.143933,-41.675068,-61.774494,-22.444765,11.642789,24.881989,32.61713,-46.115658,15.748654
-56.236877,-25.100346,-2.019136,24.754108,11.948767,-38.73016,60.631233,-29.650684,-39.303326,-36.356804
-19.068916,-2.9324703,-49.941444,-91.040215,-52.99728,8.772858,-10.302567,27.960728,-40.679844,14.150512
2.6455562,-9.859549,-36.85237,-34.64812,16.766542,-2.9616635,39.245415,-37.09608,-28.789682,31.834782
-22.075583,1.8058386,-20.919193,-30.64823,-2.7579951,-58.402386,45.394207,3.1643698,-20.648596,-74.02866
-40.010838,24.788511,-57.205864,-25.443178,8.932117,48.43124,48.154053,17.87,49.442726,-57.866364
-20.271696,-34.616753,18.344627,9.401563,-26.859655,-51.21072,88.3295,-12.95365,-20.810858,2.0368693
-35.835087,16.340858,-40.52193,-50.14261,-40.006756,64.93887,40.05463,12.028642,43.46485,-42.974316
-39.08719,-78.25328,9.100192,-37.782284,58.639454,9.745868,46.531406,-36.388237,71.783134,17.401865
-7.593021,-53.408447,-26.02507,-11.096568,-2.5765095,-17.545734,-2.2417133,-28.523422,-6.4430323,36.81145
2.4181943,-45.905426,5.9932632,-26.044264,39.23296,-7.9828405,47.33531,-44.381016,57.913036,12.327765
-15.945325,-55.073532,-25.55704,-14.954473,65.49663,17.497866,34.966644,7.238238,66.30758,0.45962977
-6.360448,-23.541002,-17.432579,-22.41258,-14.179246,-53.4307,57.361546,-9.48931,-44.108036,-38.501892
-32.13653,-48.808342,6.504573,-13.073888,25.814243,-53.514595,95.45925,-38.028828,-17.966045,-38.01505
30.494028,18.582245,-18.732624,-45.193893,8.322316,-94.110855,-96.7144,76.01328,-37.74229,-54.162514
-14.152361,-44.366684,-4.747576,-31.359426,32.812256,-23.34664,49.087822,-35.914272,70.4617,2.3848941
-36.386284,-45.82507,6.151028,0.4756273,0.31817824,-49.328983,97.47888,-28.287642,-13.789441,-21.264872
35.653767,27.679106,-5.6073494,-8.102624,-23.709553,-54.44822,-32.95718,8.724535,-10.723764,-53.743816
2.259268,37.61887,-1.784625,-32.779186,-4.412511,1.1551923,-11.87755,12.326882,-5.019532,-41.56121
-28.686274,-80.26854,-7.468113,-10.964948,52.37865,1.3069714,47.264786,6.155612,67.72443,3.1607902
-31.170101,-48.579044,44.11211,1.5808715,-12.730585,-72.66206,41.072952,6.1811533,-44.231953,-2.039142
12.133354,-56.836403,-11.266352,-19.98436,40.901604,17.05183,53.743584,4.6545577,95.41668,41.182735
-3.5914435,15.040329,-52.128574,-57.532185,41.411766,-46.467625,10.492484,-31.999586,-77.8687,-30.781555
-45.74411,34.96983,-52.0124,-55.864918,21.980066,54.33208,70.62211,22.056602,45.533314,-43.656548
30.911037,61.37085,-0.21843567,17.370409,-3.692858,-54.34587,-16.644325,32.047928,-31.635904,5.785164
-6.911238,5.9156137,-66.18594,-25.98987,-37.534023,27.647482,7.208656,11.58958,-3.9982898,-37.668766
-24.49742,0.44518667,-10.604225,-24.089457,-16.610731,18.81728,34.07533,-21.969414,18.525675,-19.965855
-30.94735,-56.068607,20.664335,5.1445494,-47.289185,-17.550245,82.491714,-15.225412,-46.409702,14.190912
4.8824444,27.140615,8.949905,-11.023025,13.728514,10.8324795,12.293307,13.541401,32.958595,-64.025276
14.111475,34.145958,20.790203,-9.115111,-9.837651,-76.48728,-70.40638,-3.4945018,-13.552052,-92.72177
-61.03595,-47.518986,20.68136,13.382225,17.863203,14.505398,50.360123,-45.482132,-0.09295548,-24.241138
24.382257,-10.908198,-106.02439,-86.29967,40.928047,18.848822,-11.370124,-41.42065,-42.025352,17.11598
56.13008,-2.2715805,-75.20728,-107.565254,4.1719995,-14.875498,-11.7845,-31.569397,-34.886093,50.257122
-7.6739335,-32.81457,-5.6318755,-7.4248333,-22.583582,-47.235065,50.95326,-14.96702,-47.159275,-24.787453
-49.759956,-34.54269,36.42436,-0.4596759,10.784877,-39.594254,38.053326,-10.516052,-43.713997,4.545293
-3.3151298,-41.86505,-49.53816,-69.780655,-12.814077,-39.113647,-47.36965,-10.572697,-7.416446,48.089516
-19.037811,33.789013,27.310474,-7.3653755,-19.861797,-41.588795,-46.078217,-7.393756,3.1539466,-80.92972
6.266521,-73.048744,25.4575,-38.31654,42.211094,7.1231656,55.107246,-9.41744,34.919064,-1.60556
-36.652435,-49.456913,0.22026056,-17.525639,23.26002,-45.98498,65.74026,-32.534912,-51.75537,-38.182873
-12.807074,-32.666054,-54.645718,-51.572735,-2.414612,-11.147839,-3.3425167,-16.894396,-2.9008572,28.551659
9.962399,21.36084,7.435504,-22.145157,-31.476515,-55.149193,-10.206492,0.9581596,-20.781702,-39.488506
-32.363926,-32.876236,-54.377007,-31.739792,57.336952,23.348562,27.513668,16.963875,55.977875,-16.323545
-47.160206,-90.13667,-12.442675,-4.070107,13.274467,-1.5789163,75.06048,-20.03806,40.385204,7.4666624
-56.065697,-32.701134,1.4454256,-3.4425962,-0.13316329,-27.685453,72.86561,-12.973184,-36.02892,-28.891722
7.3595686,-9.508968,-88.862236,-36.665524,17.411154,9.840585,-10.826501,-34.887062,-36.108295,11.288275
27.183178,-65.633446,-21.500286,-55.07473,2.979277,9.71728,11.508546,-29.390175,-16.61791,10.966634
34.168087,0.5831112,19.440216,-44.44726,-31.235231,-13.798834,-31.737717,1.6633172,-9.168477,-96.94729
-21.14341,6.7127433,5.8456626,-2.4211817,6.970092,35.295483,17.38383,6.1360393,50.951664,-61.472134
-18.609247,-9.036072,-21.76421,-3.4969552,-7.455166,16.095142,38.929684,-10.23706,-11.404824,-68.90751
-36.845245,-52.084587,-2.4573407,-23.500519,25.498869,-3.6774852,57.410114,-4.349648,-14.183325,-21.676289
21.329544,37.690548,-3.0700216,-16.384819,-20.726665,-52.58871,-45.471455,1.8101991,-15.131892,-71.38775
-10.741556,-49.294117,-40.742256,-54.27437,-7.241005,9.801536,-9.283181,-33.84875,-46.260227,-3.6332073
-26.470175,-52.374508,-26.878277,-17.726763,-35.46794,-4.076724,17.124674,-59.745922,-27.149103,10.581405
-23.855639,-66.21915,-5.486974,-15.418905,13.895334,-76.30942,85.52175,8.649711,-27.65622,-43.038303
13.325379,20.543346,55.0838,28.561243,-8.358406,-51.381424,-31.075909,45.935642,-3.0070972,-79.21865
-39.70608,-47.30736,-21.143106,-34.564404,-6.7779336,-45.80225,-34.809258,26.20032,-37.716396,37.64166
-45.332428,18.061216,-32.202137,-61.292908,10.793624,57.33387,36.998795,8.548942,52.771126,-54.504627
-24.59833,-8.091377,11.193429,10.562993,47.7519,-49.384396,57.70556,-68.63103,-35.873226,-16.90065
-10.12899,-46.584316,2.028501,-17.83718,54.881203,-19.401695,47.51897,-41.249577,57.376156,4.8023596
-54.537315,2.1501112,-33.271637,-62.277397,19.698654,59.105946,17.354752,25.664904,71.17394,-38.040043
-38.24842,-2.2934718,-9.928243,-46.50542,20.085794,21.424234,61.691525,-1.5602674,12.142473,-30.893843
-12.424029,-31.76563,15.960542,12.667617,-21.35948,-28.994406,49.963547,9.880784,-1.5183692,-39.446217
2.6593971,-37.333115,-44.967323,-56.512787,7.669244,-20.070093,15.157292,7.3635707,-57.782417,18.309437
-19.190779,-34.879826,-37.17573,-63.2834,-20.952473,6.4763007,17.154781,-40.662224,-52.85772,-10.432177
-29.571838,-36.31674,-3.3983452,4.1506724,39.14466,-44.33053,68.42905,-38.048965,-13.200801,-35.628807
-24.716745,-8.367027,-21.090906,-15.803722,9.730232,-25.601706,15.32215,-1.1267076,-33.171005,37.443363
-11.867349,-20.876963,0.1802795,-3.9745595,42.493713,-46.220463,64.44922,-33.01593,-48.8096,-12.513749
-19.492865,-45.12352,-10.846853,-11.580699,17.26286,-54.904007,7.599972,-37.617878,-24.623615,-11.482216
-8.549166,23.475828,-19.218777,-35.343323,1.3964574,-8.718,15.709111,47.265778,18.79826,-14.745214
-25.208492,32.734894,-78.34613,-45.57137,13.767145,59.34233,13.917043,-12.274333,26.238249,-27.78021
26.175144,36.318184,31.480637,-8.758154,19.28585,-29.106722,-42.974583,17.729452,-24.211412,-69.95202
44.771996,6.972407,-37.198696,-43.427532,-7.5967083,-26.307785,24.544888,-42.223145,-61.578358,45.805614
-45.017593,-11.056162,-59.531567,-32.62621,-0.286095,-13.405833,-15.031604,-13.635065,-35.64819,20.068562
-29.099503,-11.648694,18.108856,3.620317,13.306998,-36.345013,65.96024,-35.878654,-34.616055,-1.1270363
-44.97927,-30.6681,2.6794071,7.2592173,-26.616209,-16.417046,27.19584,-20.698797,-47.81569,9.903012
-35.97331,32.90491,-53.503315,-48.398426,-0.15680596,84.22217,25.237942,1.8128809,27.932623,-24.467852
-3.649013,-84.40237,-3.6959882,-26.683622,45.068974,-12.729928,39.785645,-10.869392,57.48721,29.076757
-48.41695,5.046326,-37.44205,-25.907137,3.6152945,74.75732,13.269014,-7.8189673,61.885662,-31.115957
-9.062919,44.93899,-9.53705,-40.74581,0.7066043,-67.330826,-49.964996,5.448075,-55.503395,-49.35553
16.994715,-20.64248,-22.600807,-50.83966,-2.6745574,-32.089653,25.031208,-2.9519403,-22.61937,-75.96159
-44.91616,9.191981,-37.458923,-20.283634,-9.095604,55.605286,39.81973,-19.538404,72.568726,-46.03591
-55.050915,10.451617,-45.274174,-49.954685,4.5443788,56.95234,30.898895,3.676503,81.60661,-39.634018
2.785021,-44.267147,-47.964474,-32.652287,12.185234,-15.319195,31.609371,-22.30087,62.404827,25.668514
32.112644,7.904368,-49.475784,-92.86987,-25.186327,-23.90452,15.519215,-6.9542823,-61.519585,43.494503
-32.480434,-8.070268,-66.634346,-33.571648,0.8898702,-32.65238,-48.898632,7.7894344,-40.992943,43.298695
-28.154144,53.071194,-45.99733,-30.802277,-8.027486,57.526237,28.293676,-17.674974,59.1255,3.0130079
0.037339866,16.994076,-16.052584,-40.673702,12.092324,-6.170342,-13.446761,-13.435553,45.63743,-44.08803
23.303858,26.349833,43.608643,-9.735686,18.692125,-17.56375,-7.50602,-5.8766856,-14.495653,-65.864525
4.7934923,25.074522,5.735299,-2.3592303,12.342163,-1.3987232,-10.656784,-30.614517,25.012737,-69.15376
1.387927,-30.576336,-42.86516,-51.77439,17.012896,25.468939,21.503742,-44.33672,106.02689,5.937317
-17.291578,-7.020556,-16.497828,7.257539,49.959736,-53.78547,57.379173,-28.708748,8.856373,-9.705243
-19.191216,-38.37122,15.219248,10.686426,24.671175,-48.212276,39.722416,-72.15347,-47.167007,-20.63233
-3.3636003,18.736912,-43.355907,-67.31271,-18.61609,28.539015,8.599166,-16.916561,-79.87306,36.852146
-15.632456,-5.350045,-26.016645,-59.71143,12.086129,23.410507,45.94584,-18.875376,0.6051222,-14.215721
3.2814085,38.500885,5.6789136,2.9240947,1.255449,-29.043943,-22.003372,5.752428,8.012617,-71.20897
-14.776135,9.137954,-50.94921,-6.913117,5.0763607,62.733463,22.754673,12.068483,68.24076,-38.25401
-21.21712,-32.091,-27.686808,-55.49345,-37.674515,-37.398922,14.755775,5.275113,-54.719105,55.609726
31.864738,21.357428,2.1180015,-13.402032,29.983551,-20.756344,-35.36442,21.025742,-20.084984,-60.599228
-36.8031,18.708204,-18.197645,-17.697643,5.8235164,-4.0730433,36.158253,52.07025,4.780885,-18.97902
-52.007404,-53.605415,42.361584,22.893066,14.391005,-46.40099,52.69303,-46.64859,-46.550766,-22.361506
-16.942255,-45.75853,6.6134095,-14.241683,-10.3940935,-49.864334,84.86013,-11.262108,-54.98543,-15.248873
5.526963,14.666562,-18.592701,-64.207184,-44.045467,28.005043,-15.710138,2.48123,-63.2258,45.613277
-31.21338,-45.720173,-18.304304,-24.506424,-7.5303483,-50.489765,-12.478629,19.869146,-22.16786,11.384644
-19.163944,-57.87929,-17.632114,-11.901612,-28.892931,-71.4065,73.466774,-20.56231,-21.697847,-19.51734
-16.14462,-56.29999,13.812933,15.690051,-52.236923,-38.82673,60.709427,-19.305449,-7.672459,-0.42005584
-1.8659621,-66.9502,-2.2492526,-44.96551,58.07365,-0.0882148,42.316837,-31.12576,71.329254,26.087719
-28.624147,-36.410465,-8.377674,27.969677,9.979873,-29.87051,62.680107,-59.10701,-19.474508,-49.87483
41.383385,-8.830081,17.986498,-20.54859,1.0433242,-28.227581,-30.081018,-14.883609,4.131874,-78.01784
-58.35829,-39.26402,52.85488,22.354214,22.728325,-31.833149,56.71622,-50.08947,-48.826065,-22.936993
-9.698114,-34.857517,12.548898,-6.1902614,15.352624,-61.483646,68.29462,-53.777084,-33.91748,-16.890022
-8.160699,-74.5153,22.382132,-21.602966,80.965904,7.4630837,62.81454,-27.063871,97.34673,33.755817
-51.85361,-67.22471,-34.232628,-25.771402,-9.726957,-52.376705,46.222225,-19.347958,-25.33053,-15.508999
-25.6036,-58.523407,12.353445,-35.86934,60.029102,13.135191,68.1439,-32.90432,59.69108,-3.5066068
37.429092,39.953312,18.77556,-8.073736,14.969176,-14.91009,-28.58445,-30.187243,-3.4612486,-72.35527
-27.33909,-27.878372,26.033354,19.38782,-9.398827,-37.785244,77.27997,-38.071716,-55.009037,12.964768
-42.328674,-13.264856,8.497315,-6.1248612,52.28024,-37.65004,63.319473,-24.77294,15.998241,0.11152148
20.305569,-72.57626,-29.389656,-36.382874,43.717503,-7.2692714,16.0873,-23.294071,69.29398,16.0971
3.8988154,10.778309,-18.232506,-25.172506,19.143732,56.49218,14.281202,16.734163,1.3340398,-37.77723
2.9706092,0.7930111,9.648814,21.03011,-4.5579967,-37.17618,-9.980912,11.621241,-0.46863437,-53.162212
-18.06035,-19.841274,-45.693542,-52.274628,2.5180035,22.979305,25.219234,-6.8549747,53.67077,-55.830067
-25.374529,-47.184887,10.825925,-13.003383,6.582781,-78.554016,69.61853,-30.495558,-23.708324,-10.722204
-39.810116,-46.92006,-24.032278,-14.197494,28.492476,-17.705435,44.360363,0.23065703,46.487656,11.285651
19.53531,29.039616,44.1054,-22.982548,11.128088,3.8848677,-37.67968,7.0099745,-9.772669,-68.246666
-33.529163,-42.993996,0.16975093,-20.197247,3.67948,-51.767166,15.849383,-34.70344,-32.76714,8.164777
-9.3562975,-6.0291886,-46.618084,-50.957134,6.280445,17.011375,8.580041,-13.704307,-52.725433,16.029512
-6.4940023,-27.721407,-58.447285,-47.36091,-12.64948,-19.19298,-21.94083,-2.2265081,-2.7534213,2.8838966
-49.434486,30.133762,-53.912632,-25.068203,-27.373337,68.36212,35.532234,6.5536118,40.958492,-33.699474
16.551846,-30.63048,0.6946186,-6.734851,-21.066248,-17.63223,38.488586,-25.773605,-54.83171,-37.012405
-15.242169,-32.909237,-34.71167,-50.50737,11.934594,10.864391,44.75329,-27.598892,52.219746,-29.68817
-9.38233,-43.529964,-10.791543,9.711444,10.7127,67.04998,39.175064,-24.598074,69.90879,-7.581721
-1.3781695,-24.480873,-30.587921,-76.528534,-32.763756,15.060919,-1.7946788,-50.67419,-38.519325,17.040943
-8.898433,-12.213113,-38.127075,1.5247301,5.711657,-9.334079,22.344479,-24.84563,7.8174605,30.48371
16.342802,-23.729446,34.409973,3.5723486,2.0931056,-47.558292,-23.663828,0.84906644,18.484228,-65.9531
-13.596601,-43.572563,-32.239918,-42.579967,16.330439,-19.626205,27.89949,-51.938393,102.13946,32.789135
16.138844,2.8060746,-38.318233,-84.472984,-45.101418,12.76533,4.6979017,21.359875,-54.501087,47.895042
-4.3980575,40.58733,-22.434614,-2.044254,2.3154042,23.420963,13.206641,-35.695778,46.40247,-42.549072
-4.090523,-79.897255,-3.1837728,-20.869684,26.760885,13.705863,48.78678,-20.230284,72.21689,2.2087114
39.690895,-68.6742,3.8854828,-14.927147,-17.465452,21.133232,55.6268,-35.413998,40.60906,31.712929
-35.713894,8.661235,-34.084476,-54.129948,-4.4903708,61.48608,46.275703,12.628455,35.027706,-54.441525
-23.524998,-47.966682,14.290749,12.056051,13.709005,-13.361225,53.250324,-62.93153,-11.377651,-36.61018
18.357817,7.397299,12.974984,10.215645,4.9103646,-27.85068,-18.7759,-21.012043,8.608378,-71.00719
37.21922,-39.117294,10.810964,-26.556812,26.413273,-2.0781918,59.227203,-36.337685,12.88483,54.822735
-51.259785,35.237373,-29.107965,-58.90235,1.9334702,52.88734,59.955112,15.748141,37.6002,-27.77211
-34.08687,-15.311329,-63.20457,-33.249683,14.582646,56.575764,27.623869,-11.677769,75.43902,-25.023958
-14.624057,-67.35992,20.413652,-22.469656,50.520206,-6.3131394,24.953285,-3.0365016,42.46608,25.279222
-16.261988,-64.83785,-17.996067,-24.774706,50.561394,-10.723941,39.94131,-16.42446,82.91588,15.6053095
38.168858,14.532838,19.793665,17.992666,1.3602607,-49.02553,-38.65971,40.41202,-7.448052,-46.545135
50.160713,4.9502435,27.35363,29.07417,21.301294,-43.241936,-52.364285,45.641533,7.89401,-53.98407
-10.43217,-74.66835,6.356062,-10.888892,33.47552,16.83311,78.1118,-24.804262,37.128838,-13.000225
25.923233,0.38607484,-23.544292,-80.06001,-30.472208,-30.462566,3.437769,7.8961954,-40.538208,71.59736
-46.658108,-36.087826,-28.111525,-20.194769,19.126259,9.795926,52.573055,16.07112,67.00034,-25.599623
45.969727,1.3719888,35.812675,20.214935,9.84793,-57.20279,-47.682228,45.896053,-0.51848084,-45.22173
-54.001484,-55.62279,47.69,22.168703,5.369853,-42.551174,42.162117,-51.66972,-47.48384,-7.0220866
-1.5677892,16.16121,-18.409624,-56.65669,-12.020874,35.328728,7.846876,48.498333,-35.667454,6.5974283
-26.85141,35.489902,-35.132874,-12.336817,-16.685585,13.524342,22.411465,3.5372865,48.795277,-43.200413
19.231606,8.12662,-69.048874,-61.986423,0.60957676,-27.658089,49.96534,-17.925222,-31.835533,26.78944
-35.57541,-50.08536,-3.3802536,-21.595139,41.385452,1.0474609,52.63952,-31.166777,45.20653,18.36774
40.819916,3.9421287,-51.08282,-82.24935,-20.674572,-16.19243,22.795479,-24.183712,-47.57081,38.828773
-21.74392,-77.07196,-5.0936813,-15.545945,19.515192,-8.638079,89.38254,-2.4621398,15.874127,5.0144844
-12.119343,-42.85258,11.770896,8.712186,-2.1610103,-56.209957,53.186813,-56.719673,-14.236171,-25.741148
40.21411,-34.442554,31.926014,-13.048419,30.358618,-12.652658,-6.0623302,47.518337,44.967075,4.6367273
-15.693432,-50.762447,-1.5648543,-3.044526,51.898697,-39.60521,60.950047,-24.32358,68.756454,-1.8567543
-43.751625,15.76002,-52.855022,-35.23445,4.5558457,87.93769,24.154116,-4.239412,40.29896,-23.291977
-56.6865,5.850448,-49.158264,-36.190784,15.539065,75.13884,53.188892,-3.5358722,67.02187,-57.332684
7.8993692,39.670597,20.86243,-12.617756,9.251321,-13.060891,-19.629251,-15.99284,11.387559,-68.592865
-28.587091,16.125864,-59.792896,-8.029158,-41.960728,49.171616,15.88082,13.841804,64.18516,-15.134593
-33.370865,-37.41918,-7.722476,-18.596006,-23.857702,-56.59262,48.47356,-19.37837,-37.883118,-29.518047
-59.443268,-40.830135,-6.9685955,-7.5946946,-24.730055,3.4965596,59.84392,9.340426,-22.825857,4.405114
8.109682,-1.038665,-10.1119175,-5.504207,-8.102915,-54.526623,7.2189264,-5.6200857,-21.500357,-44.992317
16.423855,-14.739858,19.724548,-36.786205,3.7057831,-14.166847,8.424731,-10.461991,-25.302635,-62.04532
6.769579,-57.613174,17.520725,-32.01879,13.463558,6.429889,73.36352,-38.95952,27.028603,31.992085
46.849895,21.565668,7.210328,-33.557846,-19.941238,-62.595554,-58.77849,-33.49769,21.239155,-42.35359
1.8423753,-45.886143,-24.455994,-15.133192,23.543303,4.355816,50.141037,-39.61447,91.42533,33.579254
-66.1526,-7.4773073,-9.068298,0.35282528,21.131437,81.51584,49.313942,-42.36827,56.400043,-25.383425
14.318653,24.50849,21.738453,15.207259,13.901575,-32.423893,-52.78606,1.5133258,-6.6037498,-66.08679
-5.986362,-24.01983,-14.275573,-18.897266,-6.355976,-32.93113,43.0345,-10.047946,-36.824825,-54.283936
-31.758772,-44.81446,-17.62176,1.7457479,-11.513426,-20.151878,-55.77462,-23.758383,2.2055736,24.24246
16.584,-18.038198,-55.991714,-90.54309,13.820456,10.264586,21.22895,-23.848972,-33.18196,21.561874
-51.69985,23.892302,-46.323074,-8.361344,-26.7929,61.172646,50.910263,-20.837957,45.14792,-18.808287
-62.594784,-15.176765,32.764053,15.663068,14.438878,5.6661277,61.030178,-77.46011,-27.943941,-8.519472
-36.59205,-36.545208,-33.583904,-1.4853271,-20.410107,45.840412,45.38597,-53.355297,65.603455,-22.401424
-48.928062,-41.278763,-0.99707294,-16.009289,26.044716,-9.014563,29.36412,-12.898205,59.3204,21.700537
-30.068111,13.885913,-43.242393,-5.850818,-9.490558,51.323105,45.00273,-11.607922,20.127548,-59.279015
-31.736511,-41.06707,-40.898678,-71.09147,-49.43309,-18.14665,-24.789684,38.915966,-19.506697,20.7848
35.760082,2.9261806,1.2710096,2.5337553,-22.959223,-54.930737,-71.825,9.742307,3.0425422,-25.588467
-2.8027236,-21.895786,25.986382,13.632264,-20.406502,-28.58131,4.329113,8.56534,-7.3627067,-49.315475
26.485868,-48.58647,4.275771,-31.008142,60.27579,6.746651,40.081085,-4.4252205,76.98014,39.29878
-34.052986,-29.513538,-9.700942,-23.762682,33.77804,6.952948,56.640614,-48.442574,70.431076,39.368664
-36.241455,-25.745277,-10.709491,-25.503077,26.322392,0.6731516,73.631165,-31.644812,52.550472,8.125249
-65.37983,-20.828056,-16.176485,-54.11761,41.256912,38.675888,48.738792,13.895082,59.72446,-20.239037
-43.102,-25.395544,-55.83094,-1.4741908,-17.87438,-32.8365,-70.24288,8.876805,-44.45873,24.403828
-25.718035,-26.815382,-33.466793,-58.049404,3.9249086,-10.605863,9.392517,-16.108362,21.890461,14.046994
-18.845968,25.957674,-19.146019,-92.29354,4.8977966,-32.847034,-19.592804,1.9545656,-50.536587,-9.118891
-19.488693,15.836789,3.176497,-38.457306,0.89337796,15.153671,28.845284,7.1246853,30.926208,-40.42583
-12.572865,26.950563,-12.746835,-25.55238,-8.067198,-15.853364,7.9966474,56.441162,-14.294507,-16.573214
6.3398447,6.023003,-13.434868,-70.664,-32.909237,-49.387165,-14.1867695,11.938996,-12.050246,37.283855
-5.1093826,-33.212505,13.456096,16.709835,-25.865953,-63.93785,28.788568,-51.538673,-5.607922,-20.95878
21.100466,10.255091,33.44417,-3.5193055,-3.2164905,-46.530193,-29.860992,33.63817,-10.958042,-70.57447
-15.508487,-15.551912,-30.437403,-57.691406,17.171322,9.605093,46.053246,-25.711628,-20.601982,8.468282
22.120977,32.524487,15.6372175,-34.99599,-27.339548,-61.361305,-55.178112,-30.29384,10.394833,-69.16538
-24.707048,-50.24662,-0.47681355,-50.95048,39.14553,7.2872777,40.634747,-46.000828,27.370075,13.049724
-36.628536,34.584988,-51.417187,-37.93912,9.722335,64.92168,40.66218,-45.314915,54.23364,-7.152225
1.0314546,-59.724205,-6.8467426,-19.409462,63.507893,10.691963,52.858173,-9.806333,87.40249,25.11491
-52.400665,33.861942,-51.52178,-51.607132,6.1335464,68.47739,14.33276,21.171452,54.09238,-7.9237213
1.8075869,42.901512,-5.7833633,-40.5264,14.066547,16.120062,21.162308,11.03448,37.082058,-27.888325
-16.73597,-63.206287,-7.056247,6.5976753,-4.4676094,-63.78792,54.687416,3.2231576,-54.564945,-34.160385
4.5279427,-88.461876,17.27398,-48.112316,84.925385,14.24382,37.572746,-43.91907,44.159134,30.751719
-46.72537,-49.820343,-24.492964,-0.4803713,-21.15956,-38.511528,66.97545,-39.61741,-22.790606,-52.439907
-32.67343,-9.698602,-40.497078,-42.119625,-6.3270717,19.643122,11.792911,-34.35056,2.153732,-7.02025
-11.474731,-39.325943,-42.564476,-57.083923,-32.046913,38.58463,-2.4274712,-17.29175,-47.242714,-4.0948052
-11.128952,26.040554,49.87333,12.869131,-14.1031475,-42.90132,-8.071191,5.3058443,9.095711,-74.034065
-46.67093,-28.514479,-16.46307,-13.688327,18.368567,13.475861,71.39388,15.088705,43.01536,-18.34715
-36.540684,31.595837,-60.214287,-48.675953,-7.1717916,48.12365,46.40125,-22.333757,80.35892,-41.73116
34.898262,-31.170563,-72.19144,-73.317184,0.99028385,-50.70728,-17.383667,-9.599358,-34.362915,20.871489
-28.979387,21.926563,-62.934704,-44.04327,34.330948,77.588326,56.409164,-29.941406,30.972073,-43.777225
4.7076106,-71.73105,2.0899549,-23.753048,31.31262,-6.395176,78.375786,-59.59604,64.26774,22.140305
-39.60352,57.179195,-57.319996,-53.39321,-10.191046,71.09227,21.144659,6.569622,47.40534,4.870719
-45.97229,-64.316696,-6.0688252,-14.752137,14.588846,3.1706848,71.622345,-2.136183,64.5957,-24.985617
13.573462,6.246964,15.352342,-25.24583,-6.6001425,-22.941874,-3.7118726,4.730253,-4.741792,-80.781494
-32.761417,-17.245588,-23.761791,-54.119892,24.676517,14.636726,51.84443,-3.6445696,29.923462,-14.426013
-56.010017,-27.535368,-15.372365,-8.02525,-13.663235,49.460274,45.20926,-37.499508,23.768002,-38.526516
20.228554,-13.074286,-58.350887,-65.13952,-23.656147,-36.39089,12.832769,29.779926,-58.017265,42.153152
-64.4657,-46.941246,-7.131994,-4.275092,-12.125846,45.277573,19.84813,-16.589174,10.352703,-9.305777
-34.14585,-64.00639,1.3764762,-44.288563,38.53441,-4.793633,26.36375,-45.02671,26.052292,4.4370165
-44.367256,-20.61933,49.10959,0.97896993,15.054161,-7.375847,45.024693,-46.684734,-38.63222,-33.898678
-6.710615,2.0949223,32.091644,-6.77084,15.1063,-28.671673,1.9932352,-44.438576,-22.451859,-64.91307
2.8199687,7.468015,-68.24195,-100.95492,-0.9095036,-33.97964,5.0863476,6.8314486,-60.966534,18.930502
-22.83164,-48.194332,-21.70776,-17.987505,41.771523,24.398558,11.972672,-44.936848,29.61353,-9.718514
2.784012,-0.14608496,43.278187,10.826089,-16.91081,-41.247204,3.268125,8.138607,7.3998976,-54.00359
6.762764,-36.144005,-25.391254,-6.19424,20.785227,-24.98882,27.01316,-38.10474,-1.5208467,43.258152
-14.693095,45.68077,75.91467,27.184244,-10.532389,-39.07863,-10.548223,10.32732,-0.15894033,-63.764046
45.617683,18.14931,3.1745682,10.396295,-3.4262297,-33.645294,-58.975018,29.740686,-1.4392074,-41.131878
-46.474476,-30.499136,10.939681,-0.8483633,17.330452,-41.778793,69.87329,-43.87308,16.214577,-21.367743
-25.415983,-37.55868,-31.18586,-21.125414,31.459124,12.419686,49.03232,-24.294786,33.23687,20.484818
-67.14634,-57.420025,27.467447,38.377544,21.359907,-42.032764,41.554127,-35.540016,-41.16849,-12.896457
-7.459703,-66.677284,-41.313736,-37.24743,20.792418,-6.4166975,67.35869,-40.93258,88.49856,33.66258
23.300947,5.963326,23.906282,-29.887735,9.790155,-22.819576,-18.443542,3.7889445,-21.08066,-82.83166
-20.839483,-50.940323,-15.894793,-5.330915,5.48842,17.69702,26.990993,-53.98273,86.59269,1.0878322
-46.99315,-71.40675,7.7161903,-36.786327,51.594242,1.410736,32.42364,-47.150105,58.927708,2.779118
-43.2359,-27.563377,-33.415447,-21.330027,-1.4092803,-21.334862,-1.7153724,-19.084923,-13.342781,6.7562647
13.899113,-2.3173015,29.594587,40.49033,-32.90444,-29.084644,-2.955125,-39.077374,21.527573,-42.57918
-45.90281,47.534904,-58.69582,-30.42074,-31.36822,61.02893,40.07204,5.889559,59.4477,-30.958876
-45.353497,-13.514644,-42.405552,-24.551874,22.18569,50.178677,76.81575,-33.43016,35.204777,-32.905823
-26.27971,-18.904528,10.544438,3.0170279,53.97881,-56.292187,60.93139,-46.005817,-30.232307,-17.06209
1.773632,38.633347,35.700413,-16.067762,-15.2382555,-44.798054,-37.766594,-32.632355,11.897827,-65.084236
14.04557,26.329128,-21.367987,-46.0053,11.2832,-11.466615,-7.595283,11.721969,28.405169,-43.056866
20.794025,-37.883034,19.555681,-14.245812,48.467518,8.041352,42.468796,23.094667,39.55921,33.418324
-45.868187,37.562836,-58.270077,-46.31672,-7.9095106,53.70467,35.071693,4.9823866,53.103367,-29.00185
27.135874,8.070342,28.256786,-13.021708,2.2690065,0.4813367,-5.9740024,39.020523,15.531419,-42.697422
-24.974665,-33.43233,-1.7836875,3.4824486,22.014643,55.58111,53.55819,-23.10933,75.44088,-15.424441
10.036523,11.536836,10.237921,-8.167923,-34.046783,-33.878857,-9.37582,33.394756,-18.712103,-93.172356
-47.5064,4.626345,-21.890564,-57.300285,30.274618,54.83256,49.68838,-0.049755733,36.741283,-47.7347
29.739555,10.546669,-46.30863,-36.22206,11.628316,2.2079892,34.906693,-49.220566,-34.53722,32.573532
-4.234955,-8.681567,-35.16161,-68.20905,-14.423253,-27.74545,17.950464,2.3273401,-50.176067,21.93242
17.631304,-5.6090436,45.690186,1.6065098,4.9521847,1.363679,-32.926655,7.236698,6.6536536,-64.98737
-36.25561,-11.694114,34.945255,-1.0993992,41.9908,-47.137093,44.956825,-55.73732,-32.875538,-15.07988
27.047153,-32.215893,-19.37303,-78.613945,-12.264527,-17.28075,34.747833,-30.1677,-15.97022,60.514137
-23.688519,3.209494,-70.196526,-55.528637,7.361242,44.49712,35.54231,2.668645,63.390095,-61.816654
3.7818518,-81.302475,-8.28003,-22.653479,43.72002,-13.620665,28.391985,-10.660896,37.042168,34.182507
-33.70065,8.624629,-58.342598,-49.56691,-15.641049,35.493084,37.342033,9.917231,61.40929,-70.670525
-34.81711,-14.565799,-38.456165,-40.446503,-15.811031,29.312078,52.46088,-2.78448,10.865901,-25.008375
-26.328371,-28.020567,-8.874943,6.203313,-24.77369,-63.73878,63.14755,23.308722,-46.15674,10.448624
-47.785778,6.3433795,-41.332855,-36.34751,-19.852907,9.53245,21.822699,1.090674,15.32076,-6.4074416
-18.695047,-59.85079,-15.599107,-53.61312,54.50547,-1.958895,45.734913,-38.45148,73.17248,33.133766
-6.4267607,-13.200651,-33.421555,22.00965,-23.332188,-90.99319,-7.2193065,11.636474,2.7506292,-31.903467
25.213732,-11.241573,37.595398,-4.275827,4.3219705,-40.1258,-12.68209,3.2919958,2.4853966,-78.02533
-10.754497,-66.57831,2.5171008,-38.02139,69.82465,-10.050104,30.645247,-42.836323,73.079094,10.098178
36.233044,-29.313803,-24.672266,-58.227394,-49.414223,-10.411149,2.6325502,7.103238,-65.52416,63.445004
-30.278784,-69.53918,13.694414,-5.8304543,-2.4001667,-63.140404,52.460583,-38.83893,-29.75384,-32.959488
16.446636,-4.217367,-32.729862,-83.73688,-22.865551,24.536673,10.886752,-20.865969,-59.57888,15.011016
35.43571,20.971762,25.7362,-35.954803,4.103099,-15.18267,-41.571163,6.60292,-17.989286,-76.98352
19.57032,-8.597052,37.091225,17.451538,3.6629605,-53.04217,-19.133581,11.483862,15.31271,-62.86136
2.1123648,-9.864738,-35.868896,-37.16447,-33.88742,10.503985,30.037151,-13.437516,-21.298931,14.531759
13.441079,-0.49369484,-29.885136,-50.76288,-18.62584,-49.175354,11.721539,-13.524916,-62.870262,56.308155
9.235277,-77.36604,-3.5848348,-18.272308,43.67593,2.3671575,49.483547,-54.826828,62.969166,17.164188
-1.721704,-26.853737,19.740967,29.387077,4.385213,-25.22691,-3.9302273,-43.658882,1.9664298,-64.691025
-16.959038,-19.24954,-37.058,-3.1261616,18.411238,8.217928,12.715075,-39.216873,11.906317,21.260866
-55.058594,-60.228943,3.380134,-27.339758,36.44932,-62.799007,50.230614,-7.8752284,-41.47662,-35.915115
-30.658535,-65.66768,-7.638989,-15.567488,1.5541182,-84.29508,85.60438,7.4327974,-11.991693,-22.214647
1.8260026,13.37806,-12.09861,0.7819649,-25.43545,-50.47278,2.0877252,3.1019368,-9.599193,-42.69389
4.833439,-18.557016,-40.18503,-77.77523,-5.246885,14.990343,6.3460884,35.623943,-88.69445,22.8909
-41.575253,24.372072,-55.2382,-44.600544,2.635193,74.61709,34.233925,-5.240249,65.50208,-33.82853
22.996029,3.2678223,64.71947,-14.044741,7.3397274,-33.372272,-2.7490754,8.8560915,-16.292725,-67.621666
-36.216183,-46.231327,-14.080402,17.981125,23.34782,5.433015,88.77974,-63.73894,-4.001719,-36.570293
-60.929447,18.018078,-38.487,-57.623745,32.39538,66.65526,39.476303,26.858702,66.55237,-38.094673
-41.004272,-7.224521,-27.441286,-55.12775,-25.728828,31.759954,25.107574,-33.032475,-34.552784,20.043736
-10.163042,-58.231155,-19.48108,-3.9924657,26.466444,-4.9658723,53.559586,-32.736195,83.25962,16.861467
-4.2870336,-52.016273,-39.740288,-52.133446,24.530869,4.961425,24.910776,-24.74719,65.25114,-25.561413
-39.07321,7.412984,-39.138557,5.505734,1.7309308,48.21678,56.00488,-53.19518,23.960026,-41.18699
-52.749214,-19.544117,39.680565,12.518228,26.23049,-11.301306,54.138565,-81.261116,-31.048466,-30.47371
-28.607344,-44.20409,2.1844974,-27.737232,31.518341,-9.875162,40.136272,-38.811836,21.955738,17.549973
14.34742,-48.73275,-27.82948,-42.628918,-20.889029,-4.910631,5.045899,-55.804207,-79.801186,20.35815
-6.3746605,55.42641,-38.98211,-22.832035,-2.8261316,39.170105,16.014326,-12.576473,51.403286,-12.699685
-21.482016,-38.96209,-11.826983,-23.157751,54.699123,30.068125,23.99939,-53.795536,43.889156,8.696923
-31.941036,-38.860115,-28.812744,-69.72851,-30.357243,-15.166844,-36.39498,-15.93555,-38.04632,7.5855837
-29.45663,-37.98446,-29.134695,4.23775,2.9427655,-44.373344,-52.508945,-2.7306898,-39.248158,19.759224
9.927226,33.357754,36.699554,0.7333931,-3.4923966,-69.540886,-63.337975,-36.001972,33.873096,-30.085571
-32.79599,-37.86515,19.414392,31.75455,7.1161823,-13.138336,47.261436,-85.078865,-20.002108,-39.953007
12.590918,-67.11646,0.381168,-47.06217,76.13444,13.263485,44.5702,-6.005974,69.2879,48.152493
9.74543,-78.064186,31.430168,-41.102196,39.392776,24.705088,40.672386,-51.68668,82.31536,4.213625
0.84195954,-77.14914,5.907818,-19.410805,41.00089,-10.025879,32.35535,-15.004445,59.970318,30.010576
-38.45977,-5.418034,-10.404078,-37.75796,9.487301,4.5535054,9.989395,-44.984734,9.155233,1.0003145
-52.887314,-58.594788,-20.895891,-6.070177,-18.355865,-46.57796,75.67944,-24.035639,-22.74957,-35.350395
19.291033,-35.115444,-98.17627,-65.04858,-1.1997038,-79.60705,-7.952741,-14.644893,-41.80859,23.90545
17.162308,14.9084835,2.650412,6.591488,33.662354,-40.43236,-0.30223963,-14.307691,-29.718834,-44.053425
-54.415726,-29.685978,-3.1578603,2.443622,-6.9205365,17.967741,27.826366,-40.728188,-11.218953,-16.587639
23.00376,17.719261,25.833168,20.402304,12.101334,-15.309998,-49.313347,16.387222,-26.766977,-54.66714
-20.601799,-20.21218,-13.593574,-13.398397,-27.814959,-63.053318,28.091358,-18.371284,-42.416935,-26.238817
-41.50249,-64.57477,7.3011193,-25.973967,60.506977,-12.348836,36.591393,-44.26557,45.476162,-0.86117804
38.606964,13.746347,-21.784607,-14.837265,-20.902573,-43.41438,-32.24202,22.314583,-19.333431,-58.437454
-49.851665,29.718029,-60.462734,-33.200397,-8.395445,58.96687,54.310143,-26.562532,74.633705,-39.071266
-33.428146,-57.030228,-32.239594,3.7091446,-19.169554,-84.279724,7.77491,7.1184573,0.25480238,-22.683767
-51.806957,2.3199806,-46.950375,-22.287487,-15.67878,62.328968,56.217407,15.926221,25.546844,-53.46862
-12.49129,-20.01193,10.793859,2.975555,46.33396,-40.344505,57.975685,-58.23146,-18.138714,-22.495937
-27.8988,-35.852303,5.726071,1.3012673,25.131828,-52.85432,23.822916,-61.13184,-25.752762,-23.805702
1.6199198,19.6432,-9.402704,-12.857631,4.9009895,-6.3163548,-3.0666828,-20.945612,35.439316,-68.7284
-8.877847,-80.829834,-9.683333,-52.87363,15.003284,-28.996471,37.916378,-8.67325,19.342072,7.3426266
-39.05464,-29.455301,-19.861921,-14.451715,-23.915491,34.768517,42.18186,-25.814167,50.0376,8.109698
12.538723,-13.335955,-2.9783745,18.374578,7.6121707,-84.59004,-21.017118,27.343815,-10.347677,-43.35164
-22.735888,3.0906458,37.41649,-14.6042795,14.202291,-5.3433027,28.008902,15.601606,29.777107,-47.260323
-41.10115,32.939297,-66.13908,-42.3516,-30.172066,59.438057,34.516853,13.537941,46.397655,-17.112337
-38.303757,-37.666553,-9.421966,37.06184,33.994278,-30.629845,61.273624,-28.111897,-13.546491,-48.746323
-48.58639,25.205618,-40.259083,-24.498968,-12.139928,40.390514,31.731747,-24.42927,24.720623,-27.080925
7.119296,-45.851776,-19.802412,-47.89014,48.397984,7.1954293,35.224617,4.587016,111.22271,42.68263
-3.5030384,-26.05783,-41.053062,-48.16294,-9.461027,10.99593,44.07652,46.733116,-62.792118,-1.3727846
-17.65681,-79.7362,-18.224052,-43.135654,13.299307,-40.155525,35.957363,-14.51627,6.2748876,9.456672
-23.338402,-13.893442,7.98219,-20.688406,47.45266,-55.161144,110.21037,-36.52402,4.625455,12.9045925
24.476078,-67.50191,0.7815912,-30.76661,8.652369,-18.289724,40.16394,5.450732,11.645748,6.3472185
-20.45512,-49.177,16.08248,-37.083748,-8.590148,-53.22733,17.482807,10.868458,-19.493595,14.574426
18.787441,-63.428093,3.5806556,-17.646536,60.95623,14.416449,41.3464,-50.19953,79.99903,22.207619
-47.034023,-68.0784,-16.837181,-9.447652,-30.10127,-53.34928,66.0524,-20.032553,-37.735027,-14.578963
-15.287109,-27.794598,-24.704561,-49.355,-14.6955805,18.725183,-13.525567,-33.770813,-75.09244,31.565533
-15.335668,-43.653614,-10.076112,-5.3933907,65.66498,-5.708163,58.2857,-32.04511,64.626915,6.602955
3.0648203,27.112694,8.248171,15.669036,9.3499155,30.687765,8.755708,-69.65369,25.790844,-39.96736
-9.320555,-13.331452,-24.802965,-10.428056,38.842396,36.54901,39.313465,-17.451366,60.20203,-22.721258
-6.142312,-4.7025037,-65.187706,-27.53471,-3.7295327,42.324482,22.032925,-14.165488,-10.633506,-3.401544
-26.124777,-29.227121,-5.9747615,-3.8414192,-28.610016,-37.79065,6.5020304,-29.98854,-13.7745285,-33.9683
-64.173485,38.103466,-35.76185,-54.656406,10.588883,65.841034,59.45091,19.45081,56.635746,-23.508097
26.726229,23.629337,15.846095,4.5621705,24.085087,-16.74502,-39.985985,34.44586,-25.919498,-64.568924
-39.620575,-14.776502,-32.379562,-23.525736,6.512588,3.1204562,1.5138719,5.8057804,9.688731,58.90028
-45.178837,45.39763,-60.09056,-27.782856,-27.242304,70.41574,30.528769,-14.872431,38.814674,-11.607105
16.232445,36.961163,-18.687937,-40.492817,12.131397,0.56953514,-7.2812357,0.6366314,32.238438,-38.506443
2.7691376,11.889105,10.291636,35.28466,21.236671,-40.075733,-14.206059,-0.47091395,2.2055137,-60.989098
1.8455882,22.508585,-35.623863,-93.16595,-41.813175,-25.765146,-21.462849,37.705597,-36.71074,50.928005
-16.417746,-27.01792,-1.8653114,-5.888259,21.340569,61.65889,11.49888,13.001659,18.195122,-61.98348
-30.093378,-45.776443,-1.1424202,-17.577183,38.81978,8.296737,64.97409,-0.57462037,46.28166,-29.471516
1.776655,-43.342896,-8.294738,-15.180909,9.356254,-10.270071,42.69056,-32.200787,3.274445,27.024712
31.03468,-11.316976,18.49401,21.51535,2.453178,-44.603172,-44.884895,18.339054,9.12787,-49.343727
-31.261717,-17.23459,-30.763786,-52.229362,9.013403,-12.741913,16.112358,-26.024601,33.86644,24.24003
26.474405,9.357375,14.034624,-20.27658,4.0250177,-31.030523,-8.954294,12.925229,-5.0865493,-77.267235
-58.215137,7.7952037,-33.148117,-35.076332,-16.995045,78.651245,45.30156,-5.500659,49.950832,-31.756033
-8.507022,-63.156006,-20.978174,-22.62759,16.759596,-6.9707985,75.88658,-34.988277,56.451424,30.7166
-18.579216,-36.40911,-43.7876,1.8859609,4.8450966,12.061054,41.825832,-13.309573,29.935976,22.513348
-42.093742,19.11789,-49.02022,-47.56114,-9.772062,24.82298,27.899546,-31.119637,14.582826,-13.925643
-37.15958,-31.656662,-3.3616996,-4.280278,-5.218323,-74.315704,96.76056,-4.02477,-40.73447,-5.423699
5.818048,45.8551,17.711792,3.2486997,42.771538,-118.439705,-115.22732,28.250978,-21.63604,-135.53462
-2.3149366,5.7002234,-47.24462,-78.0368,-48.36661,-7.9451237,-16.805605,35.128384,-27.480038,27.818075
-41.833363,-26.807135,-51.3492,-63.515923,-19.547794,3.8020253,2.4203858,2.3111908,-56.755333,-24.812887
24.33979,-6.458482,-5.103051,-12.114156,34.00294,-23.679577,-4.180885,37.34385,37.21878,-0.19315197
-41.501102,-26.884909,32.561363,22.54223,29.340187,-42.350872,38.06581,-60.690685,-25.138113,-38.8346
-6.816019,-26.508556,3.0510855,-2.9762027,25.73677,-61.347477,67.12117,-61.25732,-19.882483,-12.706702
-56.711346,-60.87594,14.799285,-0.77128965,-7.964438,-2.9160633,42.972523,-41.737698,-38.389324,-8.604998
33.404884,1.4098475,14.438252,1.5179914,-2.9765098,-31.39496,-30.17265,15.440472,-7.883539,-55.486004
-28.628586,49.653164,-42.033,-33.47836,-0.010147554,51.65698,31.68717,-17.898365,64.39938,-2.5686707
-22.485136,30.135212,-50.55231,-66.41909,-5.380323,57.01749,22.852865,6.864682,6.5678735,-11.714265
-65.91719,-9.771445,-28.697971,-38.73907,14.745417,79.703896,31.428196,13.525211,61.509026,-45.780613
-55.006516,-20.857506,-5.205837,-5.7571816,19.032286,-56.78102,15.760072,-3.4411244,-22.151424,-19.674988
-8.516653,8.126785,-16.461788,-25.34097,7.031927,-18.108316,6.670268,40.516914,2.859985,0.74252605
-46.297043,-13.445015,-49.905205,-25.155088,-16.053528,45.363297,56.524357,13.577088,6.7495637,-58.934895
-55.073727,-25.997663,-31.950603,-18.135796,32.85253,30.255857,65.54009,29.141525,36.517773,-49.756836
12.155812,11.98537,49.361187,-11.547062,18.154196,-18.28735,3.9781828,15.259299,1.3287035,-56.36621
40.941925,-80.96723,11.809993,-16.236422,-0.13523951,21.593523,53.744236,-49.10941,37.307285,37.181683
-20.8764,-37.38429,-5.222138,-25.269289,-11.150565,-66.18513,57.458443,-16.47987,-17.14052,-28.221342
28.47098,31.375021,21.007145,12.837724,24.893644,-28.83249,-41.73264,7.462205,-9.67498,-79.57693
37.654278,23.74793,-18.463602,2.8569431,-7.2690034,-44.89861,-24.34963,13.655123,-23.69879,-60.779583
-54.592785,5.844265,-46.485443,-16.006254,23.832386,31.114637,50.01265,42.246685,28.488213,-38.693893
24.105907,13.718899,12.498493,3.253376,5.2230606,-11.918353,-21.871979,-44.281628,9.269001,-69.419914
7.522083,-30.943392,-2.6953468,-17.15663,-4.4114766,47.880142,90.80849,-32.296642,44.77553,-1.6825438
-36.871326,51.44117,-55.327118,-55.845173,-16.255215,72.36754,14.532695,12.776317,40.109035,-11.951024
-30.920073,-39.168945,-9.569444,20.461527,4.797941,-23.098248,77.53047,-77.018814,-21.434399,-51.015335
-20.110811,-50.309917,21.052736,-13.523909,18.61266,-63.242233,67.458725,-55.561203,-22.71861,-28.77488
-80.48487,64.026,51.3359,15.47564,29.841673,-13.571799,21.12019,10.92476,6.6693225,-57.02476
8.729313,8.061266,15.695844,3.7741098,24.86738,-58.395,-35.083668,33.417175,-23.034742,-54.598587
26.30502,22.105291,40.88191,-18.175993,-10.4772835,-10.758067,-15.271276,35.665665,-36.14523,-69.5141
-7.043643,-50.139233,-0.84287816,-1.459574,5.665045,18.133734,47.865692,-9.576631,74.40441,-18.536047
-41.261063,20.50736,-37.096134,-40.15378,2.8172746,51.699715,48.16283,-15.637533,21.409147,-48.122482
-27.088984,-35.445293,-33.623028,-4.5878577,0.7238005,0.78346074,61.6252,27.81957,7.9078307,-40.86483
-52.803787,-13.439143,-6.3672266,11.7674675,20.292633,7.508843,82.1902,-66.53272,23.618052,-40.320923
18.136965,15.158664,51.47192,0.3949541,21.893679,-35.254086,-12.774184,20.895147,8.438967,-69.99502
4.6598372,-14.245899,-11.496202,-12.889106,23.438234,-58.28101,-33.094147,-33.29366,24.033257,-3.1635575
-23.27036,-36.238335,3.2860756,-22.958904,42.60752,-55.30142,38.850117,-29.429598,-42.034904,-29.57408
-9.883943,-56.278725,-5.654909,-22.775446,5.1351337,-47.48277,79.290375,-20.865625,-55.30434,-27.599018
-20.757378,2.0570006,13.686138,-9.262511,-18.558575,-17.614079,-1.6296985,10.337112,-63.31395,19.87304
-8.786271,-55.01417,28.934118,-50.873096,46.451687,9.766539,46.469177,-57.56064,60.449093,17.207869
9.264415,16.309872,30.593899,-6.7563057,-20.75179,-32.84636,-5.1595397,-1.57954,7.3041825,-74.198006
7.8857346,-48.041985,-7.3725166,-13.55773,-4.2271075,34.226276,52.388474,-39.503853,61.987156,-6.5051475
-32.210434,-49.909294,0.5545945,-1.4724034,18.344793,-32.198936,76.618805,-41.70357,-22.017164,-41.092075
-6.0823755,-30.13634,0.35151488,-14.322379,-18.323994,-27.297216,27.955551,11.666767,7.0976973,-23.559822
-36.309948,10.256855,-38.685013,-20.055737,-16.357864,37.01994,45.63854,12.687185,69.38978,-60.90695
-28.82236,9.876482,-54.33149,-56.964573,12.490402,29.17424,21.045006,17.67194,59.373287,-42.70651
-24.390184,-72.73883,-16.95855,-10.311752,24.34838,-12.966396,42.860813,-2.2738442,70.39511,0.20844865
-24.349857,30.1277,-63.155838,-49.984066,-28.096218,53.73377,11.205293,12.849557,-32.363323,14.775098
-35.69604,43.230526,-73.32582,-49.958267,-6.1133585,63.079624,34.33283,18.700033,71.31678,-35.954323
8.468611,1.8974419,22.004795,-15.492394,-37.049793,-28.25188,-37.05145,34.234722,-39.40814,-13.6247635
3.1007082,0.6376446,14.1990595,-17.220745,7.9064417,-73.8797,-26.411451,45.09695,-25.132614,-72.28046
-25.539139,0.8711198,-26.619572,0.7844304,33.60236,-43.39919,1.9348202,5.9903474,-9.163424,4.623312
-35.553715,-13.936111,-43.655277,-27.103706,-7.6532493,-17.51684,-47.38371,35.22807,-22.945713,48.614376
-4.491804,10.757457,6.3912816,12.105103,5.0555286,1.042648,-15.153045,-26.594606,29.426739,-62.726215
0.7637532,1.8683901,9.076641,9.875396,-9.074454,-36.982826,11.285916,-26.326042,-14.523867,-3.8924713
21.532152,-15.416229,3.8029332,-32.372997,-7.15893,-22.107538,5.9996862,-2.2591846,-16.039223,-85.42665
-32.078785,-38.178005,18.177,-11.478033,-16.139183,-55.261063,48.8379,-26.335003,-21.975014,-27.093443
11.608885,22.490623,2.371007,-4.140009,-20.11932,-45.60465,-30.200293,-18.220325,-29.270882,-66.83318
-48.05534,19.002108,-30.918388,-47.093777,29.531614,33.01365,55.206314,18.957542,5.6171618,-23.183056
-25.168137,19.629309,-70.172455,-35.63497,33.6804,33.413307,30.64455,8.849738,67.609535,-12.059015
-33.909683,44.04019,-33.59672,-60.298748,-14.7479725,48.112003,47.37139,9.150923,51.129204,-25.009716
9.363278,-67.705734,-1.1195855,-44.87934,68.32276,6.087243,45.477177,0.053267635,64.6132,50.00539
-44.926056,-36.349613,-16.381573,-31.949476,20.516745,25.07168,88.75225,1.4584186,41.222454,-46.92296
-41.38527,-30.38765,12.116261,-9.69508,47.047836,-40.832554,65.96486,-40.088833,-21.403965,-23.372488
-51.341778,-27.984762,-40.368946,-3.7588582,-4.6075864,67.48101,49.961044,17.659937,27.011536,-52.912743
-20.038803,-67.70035,-6.8834777,-28.411242,43.899563,6.5160365,58.455605,-31.412695,54.69015,-8.851189
-58.29595,-19.255445,-19.079645,-23.167604,15.828931,-23.531275,5.109219,11.551892,3.274018,39.91292
-54.442245,6.5084476,-42.986595,-33.20936,19.240984,81.38097,52.141624,2.829094,41.83812,-68.13056
-11.411737,17.064842,35.858456,11.476061,-22.287558,-28.438234,-27.996626,27.544119,-2.034731,-88.814285
-6.968829,-1.6869692,23.918438,-17.668753,-26.465902,-40.566135,-0.64109296,-5.2353797,-27.275387,-39.429977
35.90727,-18.751684,14.561307,-5.179007,48.0036,-30.769983,7.9107347,16.433924,42.98162,-18.547596
22.465021,-1.1254207,31.178171,6.8084745,23.133974,-23.053099,-10.204988,5.929459,27.933403,-61.978325
-37.537025,-12.49274,-33.377113,-58.876698,-28.646814,46.93493,25.656273,-15.050668,-25.24492,7.4044504
-17.817787,-33.150173,21.561518,-17.774237,-33.939907,-50.29437,5.232848,-15.276858,-44.47576,-37.07542
-27.52618,-47.086372,12.626988,-23.959396,-15.249688,-61.52623,45.77011,-36.23814,-33.250923,-40.013
-30.293661,-58.331253,10.0054865,-38.422653,-9.521372,-68.88767,18.237328,7.221465,-11.724372,4.16578
-7.201411,-35.430756,6.0656867,-20.544876,-20.744844,-62.048748,32.306053,-41.37135,-38.917286,-34.417805
11.887493,-41.088108,-40.35768,-21.624216,-2.6297588,-43.15693,10.135685,-42.182285,-28.41753,45.7397
-47.09841,17.23733,-28.61642,-13.242828,-13.964019,82.55139,41.113457,21.987709,59.3134,-29.701145
29.459742,-7.831433,25.41709,42.689682,23.869791,-13.110087,-46.649647,19.683239,21.088743,-51.23314
-29.404133,-0.38297966,-7.621003,-64.24916,-10.45349,-17.242409,-33.40678,-19.045738,-55.586548,-6.3837214
-51.177837,-43.090538,-19.881943,11.050238,-30.62369,-37.9385,76.9143,-9.608908,-19.116259,-26.38006
17.53533,24.846834,7.181252,-20.399845,-32.506996,-33.20064,-32.477673,-8.542395,-20.83012,-80.954056
18.28489,-12.7210655,38.332428,10.196372,6.6020107,-48.649498,-11.081917,2.878936,10.765274,-74.669365
-60.155346,-7.6302466,-25.232601,-16.391582,15.467392,86.51463,39.02962,-6.506574,75.78393,-44.83728
-28.720749,-86.44862,19.432766,-26.088217,63.643925,-1.8515996,47.33256,-52.13443,57.277515,10.710239
-10.575442,-55.20254,-24.01393,-29.720097,-39.94251,-30.143562,-27.438875,34.1687,-45.739838,46.644485
-36.323895,-74.433014,-10.8054495,-40.04244,4.7133145,2.5997348,64.099495,-30.236506,49.568466,11.578044
6.0532184,4.8773623,-11.986469,25.002104,14.78348,-49.977406,33.000267,-34.65733,-13.236234,-61.15506
-30.75539,11.431602,-51.55015,-5.662997,4.311888,30.768534,27.872879,-37.67054,92.3326,-2.865357
-27.278868,59.473816,-84.23664,-40.00592,0.23056477,63.639477,19.812582,13.524639,76.43978,-32.435856
-13.671887,-39.64606,-31.085052,0.87586534,-18.137407,40.88851,25.711079,-27.009167,86.46482,-26.917421
3.9971352,13.292184,8.712861,-23.41485,-5.647772,-23.83924,0.07261968,38.44819,19.334122,-61.99091
18.99,-73.766884,-21.9574,-25.06084,36.069294,-8.959522,30.570526,-31.994038,70.38368,10.0148
38.530464,-2.7557123,11.822728,-24.19273,-1.0325755,-28.033005,-44.10745,-6.733881,8.325944,-67.56451
9.037661,-12.433018,-8.007899,-2.8690321,-17.414907,-50.906807,8.88424,3.329191,-19.737648,-54.578274
31.93297,6.266418,4.9316416,5.19125,44.03068,-26.199188,10.837127,31.614548,19.139875,-21.591398
41.013783,23.891182,38.154133,-1.2075632,40.8528,-19.04278,-38.577778,42.20948,-19.106796,-76.63565
40.37355,6.388894,2.3633904,-7.5137486,-26.570152,-48.172283,-62.73205,6.7634525,9.601769,-38.72978
-36.57888,26.225098,-9.33305,-54.65809,-3.3579667,36.542046,49.674744,12.57335,52.31887,-33.794006
-14.436336,-3.2216883,-12.877059,2.0098763,-26.438755,45.849655,43.505672,-15.346883,89.14124,-18.348272
4.831389,-0.4136531,-48.92926,-19.927664,-5.552691,-44.354343,9.9445,-12.722903,-73.42774,47.67889
-41.36411,-73.560715,-1.7213132,-38.093594,27.186808,-15.3213415,61.72898,-64.592545,44.037243,15.826913
-47.71341,25.428295,-53.277763,-22.177511,-9.871459,38.247055,58.651447,-11.799801,62.871304,-55.34201
-31.82168,-22.316181,8.722918,0.5413102,45.8146,-66.57948,37.8572,-26.936035,-32.41978,-9.540614
31.427235,12.2909775,15.154815,-12.589241,15.234563,-4.4045053,-47.304157,21.904167,-18.782616,-72.14107
-30.284267,-57.46166,-12.514836,11.739086,-40.703873,-33.1031,72.01419,-6.753936,-42.098022,-20.09447
2.7653093,0.3640566,-31.502434,-62.893974,-7.8074794,20.041227,1.0792997,-41.82698,-72.82334,28.91464
-40.147957,-13.418758,-58.731857,-16.21181,-9.391611,0.23910594,-15.637291,-35.49068,-16.952068,12.290152
-17.338457,-11.312128,-4.4665117,-56.76144,-28.31385,-62.24067,20.648882,27.319084,-25.990631,22.301167
20.62296,47.98142,3.2604494,-18.38559,12.669892,6.3375115,-9.114554,-27.19955,14.731802,-53.22969
45.654884,-13.868488,-97.31426,-58.48675,5.086386,-43.967087,-34.05618,-24.623161,-34.2004,32.322758
16.514013,50.062057,4.307043,-5.283292,1.2650225,-50.937725,-61.700783,1.1112336,-35.74581,-79.75304
11.143727,-3.211383,28.029299,16.632349,6.204179,0.45719457,-2.3444784,11.380316,23.487953,-61.205242
-12.665791,9.058787,-42.614372,-70.6435,-22.38335,18.80812,1.1727462,-48.429623,-80.625534,30.985458
-12.093526,33.054337,-39.28652,-82.64168,-26.555801,-5.3034754,-23.754536,19.848042,-73.72299,18.95067
29.789665,-16.9381,-70.977104,-47.107433,-4.051636,-39.41284,6.769645,-2.4616585,-69.869385,25.435051
-42.92657,7.564803,-26.719154,-14.535819,-42.959602,11.141874,33.68113,10.874197,42.917244,-4.216463
-26.515205,18.867006,23.100163,-2.6380508,-33.286427,-39.900387,-15.041669,13.3281145,-6.0112324,-80.462265
33.803455,-1.2966708,-116.984116,-55.328064,21.690279,-0.5681975,-32.969246,-27.885761,-32.548542,32.243954
34.52505,18.091415,-3.416877,-24.744747,8.1693325,-38.10244,-41.817135,-11.642927,-5.5833006,-69.58937
-31.691011,-69.904,0.16898477,-9.633348,78.981995,-33.88207,57.646553,-33.272015,75.880264,-9.436372
-24.621445,29.965181,-29.469671,-46.71585,40.20912,-41.47505,-57.815056,5.657071,-72.92383,-55.87162
16.352512,13.056588,-35.35496,-83.73711,-30.817137,-12.641291,46.124313,-5.940021,-65.51676,33.44945
26.62948,-41.575226,53.95759,4.875845,6.2047863,-37.41356,-18.998732,-6.447029,17.63517,-61.72649
-65.41571,19.383106,-33.02827,-59.555256,12.116114,68.30052,31.594137,27.333172,75.78866,-24.417534
0.113723606,5.569088,4.320995,17.769049,16.154667,-23.975012,43.61713,-74.27849,11.294892,-45.560925
19.32063,-8.874182,38.22903,6.536674,-3.6565259,-56.089836,-22.565922,48.169933,-18.477194,-76.70725
19.54514,2.3757997,-57.900864,-81.26462,-19.154465,-33.98677,1.6489282,-1.468245,-68.70348,54.25868
-21.76736,25.301394,-30.53635,-19.511543,-21.06158,24.986748,-6.5337048,-0.38172695,-4.770187,-33.811558
28.161001,16.653847,-0.11531092,11.180497,-5.757038,-42.520123,-54.71418,14.974095,3.1441386,-30.266474
-60.84867,-81.2669,-8.596423,-17.943134,18.054552,5.152081,70.18715,-34.815697,72.99233,19.399696
-19.934553,-21.37893,-25.69246,-62.413174,-46.74672,16.588945,-28.900162,-38.382687,-33.016956,33.366726
-33.349464,-29.722755,-32.734375,7.481557,-19.61078,44.2393,33.490143,-34.87305,66.60525,-29.989494
1.0055408,-49.954422,-39.36948,-66.41112,-8.053915,-3.1177914,-41.912373,-36.431797,-69.981766,19.137012
-60.739323,0.2557152,-28.205652,-22.849825,4.581655,79.45163,42.219387,0.23042144,68.91013,-50.54652
-45.92316,-45.43834,8.849402,9.890682,27.977581,-71.371346,27.923862,-24.786737,-25.377893,-0.9633772
19.214169,-84.81355,15.093222,-39.942287,72.43272,16.63668,50.243877,-20.417257,53.993332,58.13162
-10.8813095,-38.235065,-5.887097,6.252727,58.040127,-56.167973,61.741566,-43.028194,39.702034,-14.11144
33.610626,9.170442,34.32512,-31.798077,-1.6761189,-37.675465,-27.445395,38.8417,-30.480232,-77.065475
28.613592,16.256224,-85.920616,-68.59296,0.7953065,22.662676,14.668229,-9.357933,-25.21345,25.23821
-19.848536,-18.366125,-45.494923,-51.84227,-34.90331,22.655685,30.199945,-22.066309,-6.045221,3.291476
-42.58215,2.8629413,-43.865597,-33.588295,25.989252,29.930063,57.891796,18.923605,37.74593,-42.69107
18.281689,-61.79856,-8.86698,-43.92813,48.236385,5.2902584,31.207123,-29.134167,81.41935,30.41667
-13.693067,-70.41964,0.60888636,-46.00682,52.03181,-5.4347486,45.89959,-51.582294,78.19006,22.323826
-29.719172,-34.687447,-21.079037,-38.753166,12.3106785,-32.389954,-14.9264965,-20.878878,-28.99908,16.344288
-53.69498,31.213758,-46.609245,-28.065348,-14.560413,66.42838,64.48201,-27.650938,69.24983,-41.143196
27.797136,46.2076,14.266664,-22.97754,13.953923,-26.182404,-72.60255,-5.1528826,-39.22307,-57.19885
0.08328134,-7.7157903,17.461996,-10.728834,22.806742,-55.85126,-26.013512,28.534138,-2.1294596,-65.0042
-20.45819,-48.38321,-37.554092,-50.940254,6.407467,-5.336934,11.939098,-21.442905,17.024448,-14.682526
-30.524765,-2.196968,-58.944344,-25.18219,-1.9739494,-12.183125,-29.289248,-34.131542,-33.05895,19.616583
-49.879112,-18.913506,9.555291,15.803401,13.604169,-24.497154,57.771168,-54.108723,-22.087652,-32.977432
-22.758892,-61.44393,-14.835936,-19.951954,-6.81795,-3.0504103,32.720085,-56.104073,72.76539,5.577834
-70.455894,-30.404469,-35.398956,-1.7973853,-15.965322,-30.910315,73.28289,-7.12517,-35.337276,-40.06095
-41.439816,16.634262,-41.67059,-53.95535,1.4901619,62.658314,38.545986,10.809502,46.924355,-57.86946
14.5133915,-32.478004,6.8348064,-9.956743,62.3248,-13.903236,63.830307,-20.233816,60.33711,2.5764692
-35.41199,-61.05722,-12.621045,-30.193998,-16.79939,-75.922424,-43.99839,42.48506,-34.76098,25.551605
3.3037667,5.6874375,-16.389257,-79.839066,-18.259472,24.502554,-11.719692,-16.07412,-43.758514,25.90158
-48.18119,23.953182,-40.75726,-38.35621,5.5063343,51.083965,29.875973,0.6487127,70.93943,-19.849524
23.532797,22.777277,30.90241,-21.073,1.3391137,2.0142655,3.2766943,23.254967,-1.7971928,-60.493816
-30.032787,-12.497975,-12.799407,7.107918,-8.953554,7.7138486,44.21201,-22.795444,-7.446911,-56.376328
19.866234,-0.27805507,-2.3867345,-4.0872984,19.714764,-56.537075,-23.315825,44.26323,12.437517,-44.81977
-25.961834,15.190053,-14.276199,-22.408834,-46.02385,54.594406,33.977894,12.169599,16.319935,-33.688065
-47.955185,-35.070248,-39.03544,-11.652887,30.172913,9.682949,31.51721,-30.933264,32.046276,-19.093502
-48.634155,25.684877,-43.532333,-58.334793,-4.772419,57.041355,48.455517,8.794589,86.31422,-34.384995
-45.821606,-11.073897,-28.773191,-40.068798,10.711315,44.453293,71.3255,-13.934358,51.714664,-36.656815
33.851498,-13.574671,-58.15725,-29.323502,2.042478,-58.1878,6.4940505,-29.050869,-53.737076,46.99578
27.698645,-12.471025,34.245747,-10.832992,1.1880682,-40.249557,-23.664886,-11.877261,20.18658,-70.719574
45.50747,9.724947,0.2163232,-28.065233,-9.482754,-21.63344,-46.92367,5.6172776,-9.329544,-60.86664
-45.546917,-29.459597,35.99561,-5.086761,31.738817,-66.714195,27.153101,-39.045677,-3.2091575,-18.017918
2.057532,-7.2959595,66.729095,20.567604,11.440964,-62.683266,-0.86945695,2.9801564,22.665558,-65.30488
-2.4852433,-25.515558,-51.015007,-49.376972,-9.2699585,-6.9979095,-26.062838,-29.355957,-91.14841,21.841541
22.605885,56.715576,11.574815,2.5466332,4.1220856,-70.40809,-78.1407,14.8560915,-47.377327,-125.25675
-6.1494646,-22.151564,11.925364,-19.466866,15.58231,-39.882484,6.469771,-43.205986,-7.866254,9.072959
-46.968273,51.397617,-75.64821,-45.076378,25.562445,64.48603,35.28764,20.901505,41.848248,-18.792877
-13.001291,-40.97129,-24.405117,-43.33882,17.327833,11.077228,42.878258,-23.404552,8.32639,17.673899
-27.975777,10.231947,-26.30374,-47.839027,-40.376064,-23.343777,-45.922447,9.154657,-51.929947,-6.31884
-0.6948696,-22.308155,-4.637788,-11.3075695,-21.124287,-52.48393,46.28893,-16.364162,-43.822296,-19.55503
-19.849016,-22.022251,5.1702957,17.741774,13.489157,-54.218193,75.604,-54.226387,-3.794133,-36.614204
19.06166,14.99859,18.83497,36.18589,-22.264275,-16.802263,-24.082275,-43.37154,15.5404415,-56.889
30.705183,11.215257,-30.519325,-84.42314,-3.7046213,30.59729,3.6122546,-21.839401,-93.90772,28.56329
-39.021385,13.578202,-69.79454,-22.788198,25.802538,80.81833,66.61434,-28.117004,18.215,-35.060413
-25.220034,-42.658344,24.895014,-5.469724,17.424244,-70.71095,60.088223,-53.477245,-12.815414,-7.0983596
-21.28609,-82.78356,-13.353383,-28.96436,3.6919286,-37.461353,14.573405,-26.971865,4.6546407,-14.724228
14.737808,18.495747,22.807674,2.5082111,5.752193,13.849902,-34.833733,-30.998983,17.969627,-67.05461
0.3434919,39.146038,55.83452,27.89128,-7.6105967,-32.254112,-32.7128,43.027737,1.2348176,-75.22134
5.8681984,-82.041756,10.166977,-24.113968,1.1002324,8.214224,45.977592,-15.918653,74.01795,14.173364
-26.927118,-40.18689,-50.40259,-49.68326,-54.536938,10.4821005,-56.053,-6.5765657,-30.891245,-2.9639137
-26.81547,-61.91511,16.503721,-51.98234,63.615025,9.060183,47.184494,-40.495903,67.40252,19.642649
-17.245153,-28.251585,-24.06869,-30.009924,-30.860378,3.361794,-17.23185,-51.223503,-21.260118,-12.5279045
11.239291,14.393972,-43.631187,-57.659615,-5.220738,-4.2225885,10.981661,6.0989347,-55.82262,23.357796
-19.824858,-21.273832,43.74101,0.039487958,16.04865,-26.669878,31.248331,-25.540245,11.314033,-37.961437
-24.292162,-15.564165,-63.29833,-37.402607,0.14701146,-24.765276,-59.8317,-2.4439702,-36.210594,28.700806
-27.544657,20.831106,29.116312,-1.4794637,15.456266,-29.69555,37.35981,19.354755,4.76511,-24.872906
-5.832591,-2.2592475,-38.449512,-69.69142,-29.633041,12.153638,33.8528,3.1876228,-29.164734,23.299286
-43.199272,-49.061974,18.318342,13.714225,7.987106,-47.405895,63.901917,-41.742065,-44.152756,-30.438768
-29.21293,-10.525301,-34.19651,-28.166733,11.492224,37.839737,61.322506,5.5682125,57.11497,-48.572678
-49.555664,-19.520664,-11.177357,-0.74916077,4.206171,-3.139553,59.875916,-20.848143,1.588997,-40.967133
-16.804688,2.4855022,-32.1962,-37.93433,9.280433,-21.292717,-11.70207,19.003557,-28.276934,42.67805
24.598959,6.875631,38.242344,-41.302635,2.8848855,-0.4388345,-55.47092,25.941435,-13.8909445,-71.911446
31.614157,12.490267,16.686096,-62.554287,13.21999,-86.80504,-85.56965,83.46713,-19.769518,-50.94711
-45.95197,-21.861599,-16.988802,-41.20332,-5.696912,36.15362,10.414254,12.57757,80.12801,-23.958364
-47.132275,-17.446182,0.3098988,7.668976,2.6589406,-30.095531,53.973835,-49.31762,-27.313463,-3.0950933
-29.406446,-50.088116,4.69769,-24.306026,16.35175,-51.00748,74.93619,-15.453568,-54.524353,-35.88232
-1.3852547,11.235702,-40.300377,-51.905994,-40.482784,-52.176003,-18.296127,11.156931,-54.006283,0.121049166
-20.84153,-60.527325,-36.764187,-45.279045,38.647144,5.649081,28.589602,-9.110018,52.173115,-35.376976
-41.08277,21.272957,-48.80953,-65.23638,6.969364,52.987896,42.25911,4.3004375,52.02077,-61.35759
-35.24142,-63.138805,-13.8641815,-19.993576,68.43419,10.468614,22.412228,-22.788374,63.167255,-4.435869
-12.8882,-40.81269,-18.485401,2.8157148,-0.055188548,-52.027588,70.84453,-11.5391865,-45.394913,-21.712748
-11.391697,-37.298054,-42.723915,-49.500088,9.334553,-10.516287,21.455526,-3.1568503,-34.653114,15.50533
-38.1385,-49.435696,17.196636,2.0268602,19.83228,-43.810062,70.69199,-39.96642,-13.307569,-41.065
31.982805,2.7325165,20.787802,-2.1518526,22.123642,-28.938639,-1.6148509,47.186222,16.024517,-36.885586
18.648773,9.002193,-36.78529,-91.23856,-23.984392,23.661406,-3.3573508,8.535021,-76.52659,49.203335
3.000736,40.504093,23.071999,3.9107313,-14.326728,-40.16379,-15.338885,-17.617416,15.855206,-69.60003
5.88896,-27.274868,62.294266,2.6725817,0.36824363,-42.89108,0.5674472,10.345771,3.9887822,-47.968674
-38.59884,-43.150932,-2.1353652,20.586311,60.017597,-63.304844,99.03044,-72.086685,-16.906664,-29.261545
-7.4079666,-8.558502,-47.16328,-23.16673,14.0510435,14.1194105,22.427595,3.595741,27.046581,58.914326
-35.98498,-23.088049,4.5954614,5.670691,21.018604,-53.831257,41.121475,-59.452328,-12.487789,-19.78371
-1.9593751,12.821142,6.5803804,29.427662,-35.649635,-57.014694,-46.93379,-14.867944,-23.882229,-78.06012
7.167822,-15.511913,-38.514545,-50.74736,-18.659826,25.692945,14.835711,-41.64453,-55.01637,1.7079985
-26.508905,-58.315376,-27.492098,0.34632647,-12.13186,-48.004177,55.187824,-48.687828,-13.948659,-49.635788
6.062806,-68.688644,13.959552,-17.026405,83.4313,27.07275,34.632675,-38.41262,63.43485,20.129473
-41.024925,-24.574839,-40.611732,-41.830933,-33.70719,3.353818,-27.784718,3.9486518,-7.258342,1.570121
23.048872,2.7680602,16.487501,-25.241959,-15.783138,-1.5611007,-39.83406,7.8803563,-11.116633,-71.458084
34.428574,16.566126,-17.067383,-73.72366,-36.896557,-4.8042893,-3.7383535,22.547861,-47.473846,37.266006
-27.574091,-15.697079,9.300183,-14.675411,53.740623,-22.729893,72.03979,-14.93265,27.227814,18.296673
-28.486595,-50.323883,5.6289806,-2.763617,15.361228,-89.17766,41.815582,-47.406185,-4.968181,-15.365981
-24.932596,12.37044,-32.9108,-69.6234,-31.175112,-16.630001,-14.348819,39.80096,-38.629116,27.150269
10.860835,-78.97238,17.212555,-30.788624,79.08501,20.456182,36.01554,-35.96726,48.24354,28.421701
-29.353258,-19.974264,-62.628864,-35.781136,3.4632347,51.606174,30.240034,-1.2572463,80.57249,-35.357616
-41.37796,27.099073,-68.389206,-47.114407,-18.773468,42.572086,50.40897,13.379468,60.567226,-67.21109
-24.190567,-1.9923086,-45.875492,-12.971005,13.487264,58.890503,53.0697,-1.8653816,3.1492307,-75.2
-38.257088,-44.832382,-14.170498,-16.276293,58.49829,-4.1266036,24.74699,-21.419035,51.084377,-18.727558
14.8608885,-0.20127891,44.92807,33.261456,3.2500634,-63.36452,-37.62143,3.3863914,9.65423,-55.75326
-5.002758,6.8568096,4.403716,-17.62962,-60.107716,-26.203197,-29.64227,-12.153994,-48.437267,8.380126
22.72097,19.523739,9.846954,-40.37077,16.34412,-30.633879,-5.9050655,27.925144,7.3004684,-52.225235
16.026127,0.33429593,17.416027,4.7958975,8.196552,-65.13574,-14.484514,39.53122,1.7882701,-61.72048
-17.248316,-26.18805,12.721294,-7.104747,-5.3650904,-52.426605,36.31949,-33.697742,-46.806652,-36.875427
-22.615158,-21.92978,-36.18661,-42.957764,1.0934658,26.367308,32.177803,-30.714212,20.63252,-19.928598
10.374889,-74.99679,16.55522,-33.242455,47.700443,-3.0283773,53.153584,-16.714968,42.63209,58.85414
-12.443238,21.589853,-54.24644,-10.642941,4.994495,67.50115,34.133522,-4.7912827,50.151188,-36.78563
-32.667114,28.1345,-61.95621,-47.65276,15.880587,58.96796,44.436195,2.399542,50.82208,-60.325085
-47.62695,14.8860235,-58.856304,-32.96207,14.75466,89.53176,40.536827,-11.902342,42.849094,-36.97253
24.064848,-30.39392,-26.087273,-39.421192,36.47314,-4.372293,10.424021,1.430987,75.98561,24.863806
-22.181059,-49.91988,-11.312496,-23.5786,6.735679,-37.55873,76.94795,-6.038196,-45.358006,-48.765728
16.287607,-33.564365,-22.622482,-30.86482,-60.431255,-35.03801,-15.923415,6.5589895,-23.886656,9.751477
-8.272797,31.410902,-35.94277,-44.211933,9.763138,11.887709,5.6114154,8.785527,46.194927,-41.761597
36.41581,-6.8149285,-21.179829,-90.08832,-41.64536,-13.373396,13.430397,-3.9665315,-41.336853,54.213634
-33.663143,3.4099898,-4.707056,-79.93176,-25.866112,6.498221,-23.383606,3.5100222,-55.062534,18.669617
-13.797092,-33.3151,-49.205482,-35.482384,11.699055,-15.565127,5.1503887,-16.666311,-23.529255,30.242367
-9.124092,-49.81116,-9.627901,-1.6597522,58.76036,23.242786,35.701473,-7.1661506,59.22691,-15.36568
29.54229,-34.30577,-37.643364,-38.395657,-1.7878109,19.688944,-2.7885196,-44.00791,-89.463745,20.01875
-58.74395,10.236061,-46.911877,-21.819702,-10.237658,71.25257,57.958885,8.019769,43.44416,-22.058905
-27.33447,-14.598038,-49.155266,-22.344784,-15.110744,-21.93622,-42.718945,13.779835,-45.258045,52.443943
-14.776655,-38.576756,-13.275732,-7.204367,13.907764,-53.74907,78.176094,-6.9392834,-54.968563,-40.119423
-10.592945,-5.076891,5.1558585,1.3057894,9.429844,-55.201527,44.323368,-36.68162,-38.991146,-45.799026
-12.000044,2.5164046,15.49376,-2.769464,-20.682615,-46.640285,19.470211,-36.164276,-20.4764,-47.73277
-30.181412,-22.745356,-17.208548,-28.735476,-16.5631,5.9009852,28.30261,-23.893114,22.315273,-4.6486964
-22.694252,-41.025696,-32.474686,-11.19715,-4.5792747,-43.053146,-63.767838,18.810917,-28.171846,32.03638
50.911568,-36.520435,1.9477559,-36.945263,-24.951569,-19.07056,36.38239,-20.911366,-71.86499,67.77431
-69.39345,-41.827244,4.0271,-5.2592673,-1.4047585,27.043316,44.74699,-44.433994,-8.541352,2.8126857
-4.0741305,-26.359615,-33.784447,-70.20238,-11.593617,-4.796634,1.2287409,-37.72081,-64.51945,9.368119
-14.631364,-15.910376,-24.247301,-5.0558887,0.4534729,-65.97604,43.899105,-27.90226,-42.85265,-41.801075
24.127104,20.061617,-1.5436981,-23.409817,0.36457592,-61.632126,-15.123283,-15.772925,-7.712882,-62.83221
24.935099,7.7507033,-49.184654,-99.924034,-28.751404,17.223846,17.161934,-9.782026,-64.221664,31.033474
-35.437534,-26.86396,1.8914946,12.415347,41.25687,-65.84985,26.364819,-16.360485,-26.394007,-25.98548
-13.931077,-24.679117,-53.623447,-54.41118,2.7391016,-5.7484365,-13.605078,-8.149552,-59.099483,22.550785
-5.705778,-80.949936,6.785614,-46.062428,22.291845,-13.431872,42.216595,-41.44756,37.657303,15.62032
-12.355832,-82.83815,11.275659,-43.09003,57.812305,10.1679,40.92587,-20.488642,58.301544,2.885928
36.513084,11.470739,24.767687,-0.6936364,13.636579,0.58762467,-35.193863,-26.3708,-2.3880055,-76.91827
-37.19299,-15.2886095,-30.719515,-41.38811,15.231619,44.34642,51.047302,-19.980213,28.765034,-47.439606
-31.395004,37.974743,-27.69768,-17.258022,-44.65646,32.638424,28.577637,-8.25091,57.029274,-38.913242
-13.067621,-78.1307,-6.575589,-29.10123,64.93705,-10.974565,48.98673,2.740507,43.35765,32.53669
-55.31089,-40.930965,42.963993,-12.041211,20.925058,-19.521105,55.567867,-24.219744,-50.393955,13.258023
12.704116,18.892263,-42.06486,-93.523415,-31.794283,3.7130036,10.689741,-5.10617,-73.94058,24.38182
6.1319604,12.852496,-31.017227,-80.48357,8.018158,47.17645,11.408232,-7.567463,-73.44453,18.32151
21.693449,24.241116,18.916971,11.935854,13.982607,-26.319225,-21.566534,-35.686195,6.9245524,-72.478386
-34.48439,-7.6242404,12.277219,12.9007435,19.15975,-41.266785,49.887196,-63.22506,-27.582045,-6.568494
-54.54357,0.14337486,-43.01149,-39.176243,-26.729433,50.036926,29.999617,-13.135681,7.230457,-14.509397
-39.928055,-40.318012,-42.919895,-29.918608,36.442818,16.674469,32.923397,10.093068,58.841118,-40.896244
-24.677958,-60.38222,-15.052392,-3.0741298,-37.1997,-68.76488,75.113716,-15.464482,-21.577234,-8.917938
12.392269,-3.3471313,19.15567,-16.571505,17.019243,-56.746025,-22.751421,63.6579,0.18274847,-34.298115
-43.536545,-76.853806,-11.625906,-40.327892,15.064119,-3.1813555,37.238876,-53.510475,21.511024,11.258151
-45.680984,-51.53573,-8.927264,-22.132584,37.913403,12.122267,34.72712,-45.899574,68.685905,30.620594
5.3771496,29.845512,0.15036595,-30.790445,14.71056,-1.5120488,-22.555176,-38.533184,29.637487,-51.322186
19.100872,-4.6813235,35.88973,7.0910883,5.4537888,-28.071714,0.6247753,60.45068,7.4250755,-19.727213
56.920723,-15.075581,-38.23294,-74.52104,-42.165157,27.740139,1.5866699,-26.843077,-74.29353,42.804913
-35.57183,-51.684677,30.083416,-22.083271,-2.9995265,-46.30465,36.63803,-1.0939882,-35.781673,18.60488
-28.815556,-31.07798,29.832832,-16.265627,-6.7861276,8.369136,6.738262,13.780062,-20.498411,-24.598856
-7.381038,-73.39527,32.93827,-24.400654,73.87719,6.6058044,51.543327,-58.13617,39.967205,5.967431
10.92158,-54.54835,9.9201765,-63.170986,23.153528,5.610228,26.418972,-51.058525,28.063831,29.01316
-44.00783,-40.500717,-52.268726,-10.508496,-14.812316,-8.44999,-20.971909,-18.738874,13.591243,-0.6064827
-55.532223,-39.947865,-18.990583,-34.75435,28.91905,-3.6276286,37.32935,-18.732964,41.61657,-6.740629
45.886047,27.23033,41.280315,-27.792841,-12.783861,10.725407,-17.604622,7.1061335,-24.219147,-75.92655
0.21767902,4.914889,-48.498173,-12.764063,-8.776888,-24.27566,14.976333,6.547989,-49.704525,50.118195
2.9344153,-4.1821423,14.941632,-14.3320465,24.955057,-25.9313,10.02356,21.394924,47.550114,-36.542652
8.570892,24.040215,24.82945,5.9083586,18.92368,-51.014313,-21.909794,-32.07135,6.128153,-70.850746
-36.21582,-34.847435,-33.310226,-39.27051,-24.432482,-34.9481,-52.323177,13.697177,-58.10218,32.35789
17.817951,27.428478,37.998142,2.9831476,18.366629,-25.523205,-39.1765,0.5822348,-11.7705,-77.355446
16.154085,-84.966415,-7.538943,-16.439413,45.06786,-9.459893,34.7601,-33.200684,64.35765,19.24395
-10.896585,2.649097,-45.0007,-10.307216,5.2058334,-20.23575,15.019796,-21.493212,-29.072226,63.9537
-0.29400757,17.80104,77.31565,31.995464,-0.04977611,-67.352646,-25.009626,10.948814,9.9714155,-53.67994
-21.89013,-42.626728,-14.267645,-31.859009,17.267666,-3.5342374,47.59427,-22.947002,16.891315,19.777546
-25.782778,-22.46188,-60.748363,-43.018826,0.6995135,-19.490692,-61.213024,-5.8253655,-41.97452,28.031403
-36.824223,-19.772886,9.192393,-29.229559,6.8712435,-46.898125,34.63707,-18.477396,-59.60085,-6.5722675
-39.14061,-73.12844,-3.0258596,-29.269926,36.833115,0.16788352,62.022884,-50.6848,64.03311,23.485332
-36.410027,32.79438,37.02583,13.691569,-17.742868,-42.385345,-42.024887,6.970942,-6.5663013,-94.16138
-47.086555,-35.171963,33.271008,-9.691908,1.998975,-26.599163,48.270264,-16.854246,-51.207253,13.192978
32.48798,4.623142,2.075913,-28.594084,-39.981728,-7.491189,-32.112106,9.719878,-26.281218,-69.469696
-24.520617,-78.775085,-6.0718827,-20.076832,35.99223,4.006053,76.67962,-33.29999,59.423084,2.861038
27.706715,35.535805,26.900074,-12.595904,12.144329,-13.597941,-29.134153,0.9085968,-11.612061,-85.09951
-5.8338695,-89.64034,27.610985,-38.980385,51.34796,8.43118,46.915207,-33.68779,47.42055,-3.1180723
-27.581278,26.63829,-51.222748,-18.268559,0.949751,86.52393,27.113142,-37.85013,40.064476,-4.575609
-47.792973,0.6022343,-52.588097,-30.853241,-20.720587,52.018703,25.79952,13.613036,11.558026,-3.3226187
-35.632496,41.821426,-71.56247,-50.020245,-11.209899,58.173798,48.54686,2.5656636,81.39004,-51.707626
-35.37573,-25.644712,-48.107964,-40.81927,15.145306,24.86617,31.008556,4.887389,60.756687,-64.22253
-2.3963237,-26.083574,-22.448032,-1.0931057,6.4817266,-42.717194,30.819944,-33.06628,-14.988361,-59.80804
15.519744,47.89816,26.40783,-5.247192,-27.972944,18.283073,-10.5802355,4.8608556,7.794479,-60.913887
35.60947,8.92353,-32.845654,-64.393295,-23.270437,13.125709,75.51139,-5.716511,-60.824142,43.62637
-57.67279,-67.715034,-19.964321,-41.774593,20.04734,4.163151,17.29167,-26.358004,81.49232,28.65295
-5.209632,-1.5631582,-67.965836,-64.91463,-25.623837,4.313827,1.622864,16.599726,-31.872429,17.734163
17.048681,-48.153755,-20.16866,-40.258617,-22.460073,-25.20041,-16.266058,-45.5053,-55.26841,27.68404
34.610188,0.79161996,-16.59793,-46.994003,-10.757086,-31.976357,-13.974682,0.5005792,-27.908781,-82.424126
-2.5259879,-52.448727,-10.708131,15.253325,-21.549282,-67.06063,77.45395,-4.804369,-25.189295,-20.223654
32.809353,33.77954,26.782318,-24.88996,2.580658,-14.920992,-23.945248,-3.254218,-33.770107,-63.080482
-3.9812715,26.281202,4.08881,-26.795843,-3.5822568,-24.354113,2.7715065,48.965416,-18.839441,-32.740166
27.386692,11.597441,57.685642,-17.652733,5.9970303,-15.773751,-7.235893,6.736103,-19.042389,-72.75963
7.596718,26.033941,0.5620085,-26.631306,-8.991119,-27.518995,-43.6175,-4.8179374,-42.77927,-28.269547
-13.018924,7.4061046,-9.61295,-9.197138,-8.526377,30.620657,19.491985,3.871114,43.676777,-51.503204
-52.678352,4.607072,-7.7804875,18.691416,22.690111,-32.16484,33.34036,-7.0843163,-34.27267,-50.69203
25.592903,12.849712,37.016933,12.1456,16.896372,8.416972,-42.03311,-36.630978,2.9566743,-72.85065
28.802757,27.896812,25.080324,29.610699,32.50454,-28.89346,-33.311245,18.626947,-8.739592,-69.923195
-29.938545,-18.141663,4.5858226,-4.844803,21.149479,-38.78639,10.139144,-31.674107,-30.477015,-14.519042
14.879376,7.515584,26.531658,26.37166,28.598427,-19.839092,-51.48587,6.204293,0.04589191,-68.15263
-20.178679,-54.029327,-18.98881,-65.7849,42.057934,-6.5416284,34.592407,-42.003304,93.21456,17.71531
-30.737446,-8.774918,-41.086964,-28.750492,30.06256,53.79872,73.01789,-44.82375,33.1816,-33.4072
-43.35204,-2.6859236,7.1999187,22.463072,31.504799,-46.53517,68.74171,-46.21531,-24.986572,-5.387371
15.160027,14.555741,-58.01583,-108.762665,-22.602472,-18.044876,-20.156313,-16.550632,-60.462112,34.657875
19.42521,15.193143,-62.717194,-60.664185,-25.949701,12.612955,47.565212,9.326887,-31.874472,27.022696
-25.284395,-29.019978,-58.24842,-27.022068,53.638035,31.595495,24.774588,7.874696,61.348717,-19.764507
-32.290035,25.5361,-56.21065,-61.337578,-1.4845833,48.537117,51.31139,20.497414,63.588314,-59.47326
4.2808685,12.6991,-44.35819,-54.75885,-31.919071,2.175993,53.575375,-4.1736183,-52.894096,19.54464
-29.993832,-8.1489105,-23.455093,-61.548084,21.293163,71.53124,20.547781,52.753925,56.136852,-32.68005
-44.82972,5.435865,-48.83418,-16.187174,9.967567,71.02082,63.696846,7.79255,28.09757,-80.62147
2.1463184,-45.41952,-8.890896,-18.12413,33.809803,11.876907,55.340862,-55.20079,86.89251,35.9537
2.814517,5.4856887,46.05017,13.190875,6.785845,-49.55696,-6.049253,37.192467,-3.0162623,-87.99382
13.029833,19.17095,29.790606,-5.75587,14.009165,-61.732605,-91.42993,-19.925396,33.687508,-30.069902
20.063887,11.319246,1.9646014,12.788809,-2.3831499,-38.15235,-77.99515,16.664772,4.262233,-29.173197
-23.476913,-23.971401,9.782437,2.653205,32.514843,-60.164722,44.102398,-59.30806,-34.31199,-13.750597
-54.1021,-19.640676,-4.4480834,10.475675,5.0297794,37.189404,52.889374,-59.42378,7.2930837,-30.552395
1.2780681,-54.585003,-27.044754,-39.938206,20.175549,11.257373,67.65416,-48.70426,43.416904,22.930485
-34.531487,12.820402,-51.290676,-55.077778,-12.414313,38.846,39.5035,-29.378109,64.85541,-41.659874
37.01821,1.4123547,6.7736993,22.239613,23.825832,-26.159155,-47.74436,42.321823,4.450356,-54.46765
-22.185673,-13.255024,-3.1732218,-8.798987,6.212061,-67.63264,57.62848,-46.20288,-18.433651,-27.766283
5.5851903,-11.702342,21.129808,-26.714064,3.828146,-12.015196,9.487843,-13.308488,-19.96959,-60.598843
-29.87468,-8.338357,-12.476686,-55.06212,13.578597,40.049812,58.11264,-23.946348,20.41296,-47.85194
-33.20052,-20.752865,-29.946373,-24.893505,16.876442,30.60146,68.27577,9.115491,45.011597,-54.12714
-27.600554,-40.84924,0.17554712,5.7647357,16.890495,-45.379295,74.39339,-45.487076,-10.700883,-30.38125
-18.973177,1.5376725,-44.988636,-17.836485,1.4408653,47.08601,38.661545,25.784964,4.0102854,-80.406204
-46.46493,28.612305,-49.640053,-76.272964,10.82008,-24.686007,-9.400872,9.634481,-81.7409,-15.695947
37.55167,-4.745218,-46.434162,-67.45723,-14.719611,-36.646507,6.8677583,9.462321,-45.30998,21.121248
-31.334377,9.258468,-15.912264,-30.384733,9.250833,28.196655,50.829243,-5.4062953,-24.376005,-38.669582
-1.946079,10.125444,40.750744,-14.068141,16.242727,-29.230917,-25.806923,-0.57015556,-4.3531523,-51.086315
0.6441914,-52.752518,-35.653667,-31.486517,-3.7467186,-3.266731,-23.95582,-36.600273,-65.65879,13.372399
15.354451,-29.25137,-23.57298,-38.887085,11.756739,-25.29725,17.150932,36.527073,-11.406062,-41.5137
17.096478,-66.67045,3.6244736,-40.782803,43.895203,-3.462686,45.786613,-54.375965,68.03429,33.441235
-21.27562,-35.25263,-41.45885,-49.10882,24.990757,35.234985,46.301388,-21.962976,61.902554,-51.549133
-53.37482,-47.737713,37.09127,16.356337,25.97047,-48.978756,53.974834,-53.882168,-29.414913,-27.78236
4.036132,-55.817345,12.850705,-21.584867,54.723446,16.193506,44.80838,-41.124294,53.59241,19.862053
51.627445,9.052769,-81.08185,-62.140106,-14.878206,-30.72031,-3.6939716,-38.82323,-31.550962,37.577637
-36.45692,-26.330994,-34.857113,1.8440989,35.827633,15.659542,41.47339,-35.755352,49.45891,55.43247
-23.8536,-20.710499,8.351747,-38.427536,-6.6365023,-13.414183,40.700165,-16.995806,-23.180851,-25.52458
-18.597248,-33.44182,9.604268,29.783812,12.305196,-24.381079,39.935574,-66.02799,-11.180683,-60.577183
-34.942204,-31.813387,-29.929745,-37.294926,49.53668,31.073076,31.03097,-28.51899,38.620113,-16.958767
21.065853,22.896421,10.289514,-11.606431,11.0189295,-19.303272,-5.551597,8.968365,12.910643,-61.29004
8.349945,-67.633026,5.1900454,-38.6315,85.20029,29.291279,36.07837,9.074307,91.19462,47.52243
12.836336,-62.58296,11.118164,-37.908882,64.137146,8.664516,40.369976,-1.5913869,65.674446,44.979855
34.94515,8.101337,10.783256,25.722784,4.451543,-29.742197,-51.320694,36.095013,-2.6631796,-35.21821
-1.0319191,16.04309,-51.263546,-87.44257,-36.084194,-34.099335,-7.678991,16.26306,-52.011265,38.354214
23.988222,37.698326,27.218927,4.6450734,20.380404,-36.676548,-59.54145,14.889147,-28.230232,-75.5137
-37.547874,26.727503,-55.128025,-44.89151,-8.718555,72.417015,59.436443,-8.004758,57.64958,-58.85472
-24.009995,-4.5064945,-33.802933,-67.36687,-32.351513,25.90725,-15.171785,-20.411446,-41.25131,2.6037767
31.654005,40.06965,45.724304,-12.688213,-7.060922,19.262217,-27.70366,7.7532315,-16.191805,-69.01045
19.523872,41.002567,25.312683,-0.713415,-4.5715137,-61.078594,-55.41472,-35.635708,30.119268,-38.460136
20.595484,-69.46489,-8.63193,-32.233204,-53.0467,-15.520021,-8.823359,-2.1680923,-60.769806,53.70109
-21.805403,-78.39006,17.03715,-37.371426,21.909113,0.07060099,59.63079,-34.38091,67.807396,3.6614215
-21.480993,-19.662632,-31.154034,-35.09551,-49.820084,-14.713091,-46.917576,-13.456653,-17.523092,-16.668322
9.249163,-23.989359,0.086514354,-31.222609,-16.886532,-18.181393,11.752397,-4.4594297,-21.397608,-64.847595
-28.156126,-41.543827,-8.230672,21.60307,-18.956854,-87.68352,8.226353,-16.96828,3.0015228,-21.63434
39.348095,27.486479,8.110027,-39.978313,-18.345732,-53.06242,-51.842922,-31.751602,17.571201,-51.987274
-30.528164,-31.192644,24.241959,1.5119568,-20.400774,-36.07113,85.061745,-12.843314,-46.546368,-7.1135116
-24.80978,-20.114504,-33.72985,-30.278587,-17.578283,6.6030593,24.030241,3.1356041,-12.943098,11.7140255
3.5340295,15.868213,7.119787,-6.809576,-27.58058,-36.57894,8.652106,30.943457,2.3427489,-54.33429
32.855156,27.855673,16.55899,-5.81114,9.096678,-50.82151,-96.05369,-22.120928,16.87941,-19.006134
-11.155573,-29.80205,-35.702744,-53.127342,24.166046,10.856427,52.400703,-14.159803,0.20851007,27.505548
7.4159226,0.43201953,-30.453302,-71.718834,-8.999406,10.540344,11.9275675,15.37441,-92.30949,44.805176
-26.345264,-15.584362,16.188534,-7.007103,48.727634,-27.19152,45.078106,-24.021524,50.173733,13.195031
10.265862,10.714572,-10.904292,15.317693,-6.9659677,-30.541492,52.194622,-13.30007,-54.383743,-20.635725
-37.34573,-52.51031,-35.920124,-64.59186,-24.569363,6.576956,-29.074636,-23.197346,-0.54354036,19.385836
6.1492915,-38.941162,7.9052286,12.565723,-9.47356,-48.46469,67.15341,-37.88766,-40.664234,-23.356762
-11.657221,-43.27324,6.035537,5.3224936,-4.0305805,-61.769558,74.81257,-36.683277,-12.444575,-9.982072
-46.094658,-67.28478,3.420105,-7.32145,-25.933138,-57.020966,72.90557,4.1769695,-50.232056,3.5680606
-0.011245332,-0.20143819,23.044226,9.515927,-9.504264,-66.98402,-6.223826,44.485725,-22.003561,-72.56715
-26.996777,17.628082,-56.50457,-35.634888,-44.84923,60.797253,30.99849,15.140429,71.87996,-32.20939
-36.21093,59.998234,-73.10837,-52.858418,11.255045,70.505295,39.65164,8.487173,58.28092,-13.677019
3.5862448,-52.00465,-48.50491,-2.7581239,3.3697224,-43.932888,4.775827,-17.14941,-7.9082913,32.220387
38.148167,29.54893,8.691192,6.871359,9.188398,-33.772717,-36.416214,36.22452,-21.613928,-68.09219
34.602676,10.997498,52.128925,23.273844,7.17531,-56.93136,-30.966814,32.477432,-7.6756144,-65.80483
-22.34669,-58.381138,-10.027848,20.106892,-25.181108,-50.763,75.37202,-28.275585,-28.068104,-30.280273
12.740179,-77.44122,-26.142473,-19.914484,42.57118,-5.461344,39.708305,-56.82007,58.18352,-3.6511142
-19.486565,6.9330134,-22.988935,-84.546486,-3.4217217,-0.77524877,-1.050347,-14.052801,-59.8566,9.829062
13.724159,21.092485,4.8463097,1.4263345,18.540167,-58.95991,-37.707993,26.20837,-15.827965,-86.25601
-35.16167,-43.795597,20.535864,8.107255,-2.8488884,-42.763855,78.88272,-22.840014,-25.66836,5.0079937
-8.004673,-4.212554,-48.158363,-9.996328,1.5638273,-11.136982,26.622139,-1.1665739,-20.711071,37.843143
2.5990105,-41.369778,-47.495758,-58.17294,39.7628,21.393656,18.959192,-9.937243,79.56651,5.4243
-30.770935,-42.778446,2.0124187,-3.2635267,21.812778,-43.713352,50.95866,-54.055935,-16.600328,-25.896313
-14.222699,-11.962174,-53.41022,-48.263863,7.0955625,-16.003012,-36.735493,-23.763332,-95.98057,32.62042
14.536151,9.788397,61.217308,31.539402,5.254406,-55.772846,-17.594828,23.49705,19.318842,-67.05071
-22.525614,-25.32573,-2.5807376,-27.905361,28.841131,63.363415,-1.8028105,43.081875,29.710056,-50.55949
-34.07562,-26.333986,-35.99095,-8.913327,8.04393,34.249493,49.69542,14.864394,-8.506827,-80.87096
-49.653896,-66.7431,-5.5859704,-23.24229,10.760652,-66.57488,71.548904,-5.5010567,-13.354895,-22.880735
-12.833378,-18.7962,-41.580517,-73.3325,-35.172615,-10.933531,-1.1130627,12.882159,-46.7658,3.57188
22.545813,18.684479,47.04314,-34.287594,15.983543,-22.78259,-20.154993,34.86769,-14.803697,-74.05964
-34.926846,12.645562,-32.623215,-66.047005,7.193026,60.257534,40.6582,-5.981098,58.153618,-56.97045
-21.74858,-35.8048,36.743465,-26.136034,-15.430422,-54.878235,39.588825,-12.943606,-44.20902,14.152833
-21.375736,-54.55337,-42.508877,-57.831535,-14.916682,-16.361849,-43.115803,-2.523196,-26.8841,16.842152
42.24213,27.299738,13.598476,-19.273182,22.591778,-26.244532,-37.115776,9.2679405,-17.062931,-76.026665
-54.327816,-41.331223,-55.629562,-31.231112,33.843224,22.469822,-16.96781,-35.73508,7.9207816,-46.969723
7.9560294,-20.441387,-28.08519,-26.83183,6.843983,-50.71805,-62.00636,12.7718935,-11.031427,0.55674005
-23.869085,-76.227776,12.645572,-55.966816,7.935034,-12.030174,54.060375,-39.374744,42.658573,-0.94914347
-47.656013,41.475914,-49.072773,-53.35263,4.969782,58.203907,50.969875,0.11879531,59.8281,-17.738037
-29.428534,-54.78356,-3.6357076,4.0644755,-16.958748,-79.05889,70.80717,8.517432,-11.345276,-28.310698
-30.36814,39.46968,-71.05148,-33.207672,17.398836,56.474705,37.328518,19.693535,39.28445,-37.86212
-31.028687,-63.821953,-7.844763,27.744398,4.660206,-36.76689,67.94963,-35.16532,-6.4916635,-38.677006
23.495476,-7.5617957,40.01906,-12.368445,6.955303,-13.139384,-26.657907,41.03479,16.486109,-45.169937
4.364552,-40.33054,21.706215,26.892233,15.655695,-29.00146,22.171486,-72.98893,-17.42089,-27.749365
7.3621016,25.29481,9.093966,4.0005574,16.247581,-54.95135,-37.2875,22.638342,-18.70925,-79.96852
25.481512,5.0429854,21.69368,1.8391913,1.7117345,-23.441397,14.132331,46.395416,2.755737,-35.315926
13.360648,51.82281,-4.060319,11.621693,6.58374,-15.316945,-8.522073,-9.739024,-9.824806,-53.218983
28.937855,-11.425514,28.716389,-26.938837,-4.652362,-26.164349,-20.14368,-14.670732,11.879818,-78.32133
-31.665905,-21.440222,9.129309,6.7418814,-9.320018,-21.53351,28.646906,-1.5308591,-30.95185,-40.096725
7.734258,-80.89342,-14.568102,-32.414703,24.293787,-8.830812,33.095875,-45.72207,66.3416,13.147056
33.25776,17.625483,29.018654,-5.11224,30.063139,-27.30419,-48.841213,47.047047,-27.317596,-70.58423
-40.298885,-50.267834,8.193476,-12.661702,-30.001472,-52.270145,94.71845,-0.993164,-38.340622,1.3504493
4.976106,14.766697,51.36868,10.844429,-1.4144354,-40.91173,-2.5571897,28.65839,4.760678,-70.609024
20.191122,-69.32261,2.7786665,-43.910618,67.9868,15.447563,35.25504,-23.850452,65.78704,39.710705
-38.894634,-13.929393,-32.36397,32.558865,20.290659,-34.804264,90.33932,-38.244804,-20.989485,-52.428833
-16.397436,12.454583,-16.014704,14.75788,-9.714334,-28.836933,6.21463,15.586234,-7.4453254,-40.7476
-49.817345,-48.421406,6.3976135,14.663299,11.366818,33.802834,30.072546,-15.472332,32.82891,-41.152454
-30.910305,-38.196934,-33.441025,-72.00574,-55.888374,-0.60759556,3.7791576,11.5916815,-21.418566,13.521774
-35.203968,20.65787,-57.58248,-24.606504,20.204252,41.81916,46.19151,25.036552,31.720612,-50.04009
-76.76874,-23.950418,-48.478664,-34.152554,40.310116,-13.117027,29.002058,-38.001354,-80.815704,-24.136866
-32.611614,-29.635643,29.215631,12.7542,-2.2440457,-83.16733,44.954815,5.923147,-67.98336,0.20741153
38.34324,29.897312,8.382896,-30.776804,-10.937215,-70.9834,-64.035835,-41.29812,21.845783,-34.900723
-35.335384,30.434223,-47.892197,-62.436123,16.503874,64.61412,37.192474,0.845652,55.865475,-54.588566
-15.977247,-26.46014,16.547903,9.016606,28.553389,-53.14616,31.292137,-45.662827,-40.687363,-10.989344
-40.05818,17.495754,-23.667643,-30.60433,-8.416639,65.23527,15.247607,1.8174131,72.27325,-25.679672
15.208945,7.273831,46.86509,-4.401946,17.520979,-55.419548,10.041129,22.41003,-11.208678,-81.86959
9.241313,-66.207,-6.824418,-35.251877,30.651379,-9.667921,29.679268,-33.400997,74.39742,16.492718
-16.603468,-41.804073,-14.766939,7.687044,10.477464,-44.141163,-32.34307,-29.528187,-30.030172,8.545765
-8.428382,-44.073723,-23.133883,-53.616165,-22.712393,-32.08403,-15.90793,16.24764,-13.450295,64.34541
-32.521877,-47.385494,-12.641211,-21.848688,11.941944,13.511158,67.685326,-8.592648,68.351944,-26.22795
-22.65624,41.653973,73.11802,26.124134,-9.952976,-41.7382,-24.1452,-6.568814,13.938104,-63.21925
-1.345197,-87.53533,-7.775747,-9.051623,58.01598,-3.4223976,48.59389,-30.380186,63.96944,10.949156
-37.59066,-76.54108,12.868957,-37.827934,52.39192,-2.8231928,38.816395,-48.36679,64.36948,14.33964
8.499076,5.204877,-46.28704,-80.60443,-23.90284,-16.381683,48.042343,0.0066894684,-55.69523,22.477179
-54.61348,-11.522825,-40.041534,-29.833786,14.083857,90.92281,29.923815,3.6944852,46.35015,-35.14638
27.542944,-25.14642,0.8247427,-18.129345,19.187162,4.776625,57.380527,-38.69801,-2.104436,56.169765
10.159679,13.17911,20.408653,10.585767,-5.263591,-57.532986,30.29143,5.967643,-30.27652,2.3593872
-28.517302,-59.71396,4.154916,-8.544279,58.28095,-16.861553,66.42171,-34.407368,97.4511,17.676851
1.2997304,22.139524,17.169344,-11.458543,-45.09629,-52.06706,-27.88044,-11.536076,-33.323418,-48.104645
-30.314425,-13.226985,2.1537375,6.300179,0.85344124,24.854511,-5.0579724,-4.5296,35.518818,-64.00317
-26.986134,-14.091871,-11.897998,-15.8326435,-23.23521,-47.10494,-3.5691152,-30.11269,-2.4841511,-29.085455
-18.927309,24.387482,22.310781,20.582882,-3.8211217,-66.87022,-5.8084583,6.4115944,-40.59271,4.9083414
-21.246107,-70.78345,-20.180088,-27.064474,53.141876,-25.92618,48.93711,-11.300839,67.497925,11.123588
20.629108,-71.76698,-21.48819,-9.670869,23.735176,-9.059672,45.107697,-25.737768,76.88969,19.640053
-31.111053,10.945985,-60.706337,-46.222458,-18.652502,32.689285,21.956646,-30.509544,-16.855194,-18.23371
15.398185,44.95278,22.840229,-2.5862505,20.27075,-4.5861993,-14.890867,-13.557065,10.952282,-79.89946
0.03076464,-40.161736,-32.483032,-6.7008295,31.146692,7.0404916,63.212082,-37.21932,39.094875,37.309647
2.1342032,-26.151276,-8.377318,-39.701775,-11.464125,-12.599547,7.956324,18.072725,7.9332857,-29.750113
43.25247,6.3973556,-14.450716,2.4594622,-6.777553,-39.496246,-46.584232,30.556515,-4.8938026,-51.641594
-29.942547,-73.96143,0.89202416,-22.74254,81.28186,17.27222,46.27873,-20.118057,98.12019,27.752975
-45.14094,-46.151947,-25.26879,-28.604517,3.4460893,7.8361764,72.602554,-13.53532,70.18826,-11.680204
25.38754,7.445536,13.677397,1.1071304,29.607807,-48.44929,11.920655,14.078436,13.239062,-45.76024
-43.132523,-98.627525,3.5241098,-21.522211,28.01333,-0.3356195,89.43809,-22.915745,42.814663,2.5185266
11.358627,-55.211163,-19.8711,-27.292322,18.216599,-11.715558,35.362988,-35.596813,63.421383,8.1251955
-28.961033,-3.572688,-42.067036,-4.585667,3.1731076,-1.073781,18.864712,-7.1673737,-4.3252635,66.32562
22.659414,21.45264,20.314606,-4.8802156,-6.200385,-59.94358,-42.421875,-18.747017,8.114359,-40.522194
40.808113,7.7763104,34.376755,-37.032005,-14.171988,2.1233368,-33.878723,30.023924,-15.950521,-76.502464
-20.07841,-39.011932,-28.656551,-36.384777,38.35822,18.411785,70.18091,-40.02894,53.573547,-12.775761
-42.84703,-72.98221,10.259646,-51.910046,45.376575,1.9536532,47.293903,-38.517956,72.72049,10.509967
-58.56631,16.309708,-36.327717,-53.440334,-2.9421196,58.30912,46.836742,21.216866,88.03439,-31.964756
-28.308191,-43.660126,-24.8222,-59.11359,-42.53694,9.105485,10.378606,-45.60596,-32.890728,31.049244
19.35848,21.371035,-49.444157,-90.153854,-21.127373,14.295216,22.151714,-2.1469264,-68.12759,32.40025
10.227109,-34.834885,3.1205173,-9.135959,6.136975,-35.304962,-1.741014,3.9531844,-24.94484,-54.192154
-45.480976,18.144608,-60.65665,-41.68402,-18.47698,27.524935,11.619667,-20.456724,-5.8827395,3.6562555
-38.94258,-9.42762,-39.71313,-7.0762334,-6.4825473,20.795267,34.950092,-13.946609,87.434105,-43.66831
11.179147,-18.364178,-2.5177789,-11.0294075,37.858963,-41.84767,2.0211365,-15.73602,40.179184,-12.193885
58.78669,4.4167113,9.140278,-40.87487,-7.619088,-16.324911,-45.848503,-10.138361,-13.256453,-80.31332
-25.318136,48.911034,-63.976704,-26.345963,-5.4157834,78.50179,6.1582127,-27.423042,36.26759,2.5812404
-26.752525,-27.250631,-19.25823,-63.008724,-23.383759,54.190727,12.350483,16.518145,-29.488325,13.286351
39.15292,13.573264,-44.832523,-108.07913,-30.261972,-0.681857,-5.0517764,-6.9877534,-51.63843,52.03993
-2.6400645,-61.22603,-3.781922,-47.220882,23.237862,1.4311537,52.69938,-17.882313,53.534267,36.644604
10.408285,10.839622,30.45755,5.7113338,-9.620874,-64.02863,-44.13249,-16.596851,28.518745,-31.672234
13.299091,-83.49464,18.890224,-57.362602,42.58963,7.2372975,27.28008,-56.05889,65.360794,8.677825
-43.744053,26.156403,-59.929512,-32.361378,-33.97164,68.39201,32.27948,20.73621,49.267765,-8.424212
41.4184,11.042432,11.249271,6.0129237,9.468972,-21.186592,-33.13666,23.218098,5.71132,-65.8833
16.924788,14.096753,-77.54032,-71.95436,-42.29712,12.006311,7.738892,5.270712,-43.70276,38.783066
-9.884756,-52.53975,-11.064555,-42.63843,-3.0576622,-47.77371,3.978353,-47.10047,0.79958904,20.279465
-21.2577,-29.29331,3.9509268,-3.0672781,-22.224342,-55.453163,24.7648,-42.40069,-39.800434,-39.278923
9.246194,19.511414,31.214361,-5.288247,23.87262,4.2083735,7.282326,3.1793838,17.710472,-71.90544
-44.816376,-8.101192,-14.22115,-16.09532,14.076868,17.846832,57.201027,-69.22093,32.039753,-24.453098
24.856,-8.3248205,1.0465256,16.340538,-9.485273,-61.267536,-56.413876,8.273865,5.809258,-35.16309
-24.95435,-31.942205,0.13370907,-10.951287,-21.926098,-51.387276,40.729362,-22.26678,-40.096504,-7.61444
-28.879852,0.9642387,-52.466736,-47.608227,0.7272752,8.87648,-3.1011395,-24.51265,-55.188076,-6.120169
-16.110144,-34.17311,-13.35867,-7.6333337,-14.369326,23.626314,49.96017,-14.468747,79.17109,-17.592161
-33.87656,-18.30541,-56.23737,3.337328,-10.169843,-24.499756,-63.372467,17.03504,-31.664652,24.054865
-22.14845,-36.994133,11.511588,-25.539165,23.098343,-57.74594,42.656563,9.994435,-21.439663,23.027748
-21.652433,-61.464184,-25.00408,-43.406845,22.227837,9.30592,39.904953,-22.830761,57.694416,-27.895058
-29.70372,-97.2545,16.5785,-61.04193,38.260082,-9.111276,21.684322,-36.079815,68.12377,-1.5324993
-6.436754,22.40077,-45.508255,-66.031906,-3.6999764,35.971252,17.04538,-12.02055,-14.891344,-27.026758
0.60365427,-13.194241,-57.57396,-59.33702,-18.669971,-5.1068306,-51.593037,18.277315,-29.935942,47.641644
-57.40177,-67.60625,-23.370035,3.3029532,-26.9778,-43.569412,75.96335,-34.23212,-16.668541,-49.185757
-0.4365215,-47.15846,-20.752125,-57.116207,-25.9277,-12.019249,0.5609328,2.5421412,-36.8893,25.899956
-41.570595,18.346786,-44.5489,-22.057114,-5.393588,85.496315,47.90314,-25.618193,30.245052,-24.922306
14.93295,-38.046864,-8.686714,-12.595225,36.16562,-16.987072,56.187443,-1.8016198,59.22225,12.148673
-5.5425024,-12.165391,5.1973534,5.3119497,37.22342,-43.56293,54.32024,-43.043102,-19.61907,-9.704442
17.2316,31.334381,41.35833,6.928957,0.6112855,-3.1251845,-24.170094,-13.358621,-11.65007,-77.044945
6.3907094,10.4418955,16.10743,7.4049463,-8.303877,8.002795,17.60006,18.155468,28.488354,-51.879593
-51.23463,19.168629,-70.00334,-37.15388,18.189259,44.710644,43.257877,20.354336,48.224987,-60.83951
2.1995919,6.8551736,14.995156,-18.3406,31.115597,-54.903458,-36.50362,-16.349253,6.7754655,-51.243233
9.39049,26.291279,7.611124,-3.2015991,11.465412,10.968756,9.123898,19.591213,31.289825,-67.336754
-9.456002,-62.515255,-9.878367,-36.192726,73.04849,6.0028863,31.929836,-3.3326523,70.365944,24.139229
-1.0624197,-36.33958,-11.557061,-78.44086,42.580345,11.881513,2.8628674,-19.643677,3.225829,-9.193909
-33.7303,44.73939,-41.416874,-36.263607,-36.812485,30.00036,16.123928,-9.117497,48.043484,-45.452118
11.433461,-17.549955,-80.95326,-55.87035,7.1486506,-24.937147,-7.098271,13.309297,-37.079254,17.724846
-23.878555,-16.856913,-36.241604,-58.72599,-3.6801744,11.870317,3.940896,-14.058116,-54.95997,-22.112274
-17.29072,-16.989143,-46.655487,-66.23081,0.7780612,34.22766,32.638466,13.771935,-55.45008,-1.776911
27.388039,28.003588,-16.289276,11.89357,0.41319686,-40.75794,-55.72496,45.889145,-20.65971,-33.30925
36.00113,16.90397,9.763568,-1.360902,-8.589492,-38.16099,-45.317745,26.934551,-5.8224683,-42.515926
-32.13936,-32.607212,35.437527,-9.609632,-17.567648,-57.96798,28.68647,1.4501687,-38.317986,4.4776
-42.29862,-45.383934,-19.752699,-17.11624,30.7226,-2.9617314,49.26797,25.363937,47.91693,-4.2642503
24.04801,63.794548,11.98026,-42.113403,-19.279701,-50.221928,-67.66874,1.29296,-9.78207,-89.427
-19.383503,-0.6023162,-46.516537,-27.461342,-7.5504518,5.122252,-0.6821987,20.178518,-54.380165,52.14609
5.4624004,-65.726654,-0.80402464,-20.519611,72.82194,17.26912,49.665363,-16.099691,90.90995,37.53426
-24.837996,17.020937,-33.719196,-70.408745,4.464539,52.79393,41.062836,-10.521296,14.841589,-33.710747
35.190296,18.171083,34.960228,17.741863,48.51335,-25.362036,-32.423824,42.29586,-17.415468,-60.953915
-19.474709,0.4180256,-50.869038,-61.422947,-8.727043,0.12211573,-31.476068,-41.14544,-87.76871,27.601355
-29.527605,-15.976458,-4.2536592,4.7587276,21.023361,-43.47324,23.227755,2.4124324,-14.834006,-20.510818
-42.400158,-50.633335,-46.2715,-71.493546,-20.220148,-14.962365,-9.049856,6.3077226,-47.58734,-6.4781685
-48.75592,-56.089565,22.242252,13.140669,9.313782,-42.489502,51.60393,-34.623234,-29.824047,-18.034153
-18.027304,-40.18912,-27.468037,-59.62339,-14.790208,17.541544,-18.87373,-29.018581,-48.685066,-14.370038
11.412555,27.560602,-2.9527621,14.116077,-6.770986,-35.429455,-56.793243,19.158989,-4.9455833,-47.489037
21.106695,-4.1144743,13.737184,-24.735035,12.77524,-44.157497,-25.593622,20.074156,-8.796465,-84.265396
13.235273,4.311734,49.141613,-10.429976,15.369482,-56.12521,11.740205,22.957016,-13.266501,-69.0166
-34.401752,-37.922684,-40.44973,-67.177185,-19.942013,-29.284155,-27.764935,24.238297,-30.126793,18.178288
-15.052243,-72.99465,6.782552,-55.74431,37.992214,-19.867302,53.693478,-38.643433,35.95339,7.201456
-3.4326334,-38.91437,-23.308008,-36.692516,25.45357,-1.009181,41.73651,-40.3443,109.850975,33.682716
-62.751316,-20.014555,-20.005781,33.11867,13.566486,-35.51714,62.910503,-3.2287998,-31.706263,-46.0572
13.58845,-39.407223,-54.39792,-66.34298,12.884595,-29.202456,15.173048,14.711327,-51.546402,18.12619
-26.344086,-30.994432,29.908619,-24.66601,-34.2391,-29.345734,13.839266,-2.334132,-47.482574,-3.1887197
-22.643652,-29.98257,-15.793881,6.6775703,28.430784,-17.642494,80.16909,-29.373344,-4.449444,-28.463976
-21.262573,-12.772669,18.484055,4.2556424,23.380941,-32.611717,-2.4348426,-51.571594,-4.621417,-46.60536
-26.31882,-89.48044,28.772892,-39.62632,45.354027,0.009249091,61.55448,-57.560745,56.464985,2.323554
-27.743563,-62.119335,-10.781146,-20.673061,69.06148,8.108051,50.364727,4.901642,65.89401,13.953424
-9.873942,-0.1130987,18.759855,-7.695619,29.578365,-53.145473,19.280817,-46.725933,-8.206278,-56.71686
-23.38191,-86.41134,9.778649,-19.582159,43.556763,0.0031245947,57.04695,-21.256727,54.00146,1.5533402
-34.04808,-3.8618264,4.9307027,14.039222,9.149196,-24.540218,33.869347,-20.969141,-47.409565,-24.708141
6.0711665,-48.350174,23.34097,-51.581276,23.831,4.182865,58.789604,-49.884014,4.1836295,28.806473
24.462349,-0.6954674,24.564322,19.292965,-6.4903154,-39.56622,-0.46481627,25.400436,14.377213,-50.687057
-1.736809,17.86842,-4.9307814,-27.33751,7.064485,-31.447498,1.5551248,48.083763,6.1935353,-26.033564
-32.667656,-48.320732,-19.563168,-27.16054,36.432293,3.9995494,44.34784,-0.61606896,81.37951,28.72519
34.71188,-24.471493,14.031332,2.576889,2.1834254,-31.526146,-31.71796,11.060635,10.780711,-72.40127
-2.4672024,59.533978,-35.479534,-35.860706,-26.403961,45.496128,19.2486,2.4899309,42.706432,-10.39603
-19.392637,-14.807027,14.087158,25.096226,45.66475,-44.098934,75.406006,-76.472466,-23.718428,-27.350542
-29.073769,-66.595276,13.010821,-15.651617,3.4987004,-86.14624,64.11319,-3.6353598,-21.50164,0.020716429
-24.45186,-36.926014,-26.699244,-41.163868,-25.196901,-38.087093,-39.265423,26.700253,-49.789772,55.326836
38.22738,-7.6401067,45.533295,29.75324,20.029133,-56.42513,-29.934593,29.188505,-0.59229785,-59.358646
15.675814,22.656836,33.09247,3.2553988,0.58487636,-49.25888,6.54745,-6.0888524,-50.550117,6.0844555
10.267473,-9.852352,-31.363638,-23.800615,0.3783056,-20.884197,3.2058992,-10.097746,-66.27867,48.64139
-21.932734,-43.882805,-22.592152,-16.899899,32.10254,12.793445,18.34977,-39.036636,36.31468,7.327896
9.863111,-23.822708,13.466367,-4.332157,48.470303,-54.315807,40.848564,-48.998623,48.380962,-15.725637
-35.824516,-52.428513,-6.852249,-57.792854,-16.180746,-51.340378,-1.6434572,8.992651,-21.0869,2.4135754
-34.030884,-6.4928107,-33.16715,-55.8331,30.395071,31.154558,43.228863,-1.6618031,31.399448,-44.124187
-12.89836,14.794693,4.70704,0.75646746,18.640913,-26.83522,-10.953883,-50.274582,-14.133489,-42.129566
-41.760605,52.829067,-67.711296,-53.44138,13.664438,70.68274,45.80111,14.13951,61.69091,-25.928553
-30.849571,-12.216194,-67.883736,-56.634888,9.300615,-5.3916693,-14.603809,-18.598166,-19.240177,13.860154
-22.735556,-24.947018,-4.52718,-28.847607,23.969168,-16.503212,43.78011,-34.41766,77.451744,17.094288
-26.883907,-51.2873,-16.009119,-33.21856,-5.890059,-14.915787,15.660486,-20.404945,7.2330794,43.878605
-48.749687,-12.156229,-25.295088,-21.158236,-11.563667,-6.260227,-5.743132,-3.512323,-25.328098,13.040029
-6.433723,-67.58847,-1.2605726,-45.66963,71.31925,9.891601,33.551674,-19.036531,62.297897,28.78279
-36.15018,-13.957428,-33.82326,-47.290714,-20.585148,63.707508,33.402462,16.156544,5.3017793,-29.283373
-14.257721,-41.09498,-37.93386,-38.674297,7.6349106,-40.362587,-20.462479,-25.915194,-9.232248,23.458908
-50.583893,-40.859028,22.114027,-11.347621,46.170216,-53.784996,68.8669,-24.74934,-21.828993,-28.162271
-36.36539,21.061987,-54.679802,-41.59166,-1.2814132,40.91501,49.565994,-2.0958524,49.608517,-74.50987
-37.12754,16.402113,-56.56826,-36.01964,1.9857318,35.98998,65.16881,-30.347342,49.38966,-44.158234
-30.771687,-48.970234,-28.867622,-13.281387,27.627995,-2.3696096,27.741241,12.106281,79.89817,0.27209926
-4.4707866,-19.500704,-65.14256,-64.937836,-33.287395,8.26991,-33.42371,26.459911,-29.380178,18.87105
15.588445,19.532806,5.7264605,-9.162362,23.763998,-39.537067,-53.65334,-14.207116,-32.333656,-49.037502
-33.94859,-55.698475,10.935675,-45.675255,72.44958,-10.414184,25.890472,-28.651525,51.803783,-2.6453633
-50.65283,22.743364,-46.876152,-34.147312,-16.268063,45.64345,23.997559,-28.190653,24.38305,-24.509762
20.286469,-0.7808016,62.359303,-4.5536222,11.823247,-38.34829,-3.004911,23.672415,2.3073976,-55.1143
-25.547262,-10.860819,29.970861,35.667854,50.453934,-71.43669,101.759125,-59.696968,-11.811761,3.6418073
-14.123243,-41.700436,0.7367425,9.507458,-27.448193,-33.35029,48.453842,-3.3442006,-38.574104,-20.017796
18.904272,46.426292,1.4639257,9.289274,-11.53109,-69.12462,-49.17595,13.951627,-28.739693,-91.02451
-5.755049,-19.8965,-31.21019,-57.893963,4.2518826,19.252474,28.780205,-4.493552,-37.350014,12.876761
-10.642971,-37.44197,9.732066,6.1094933,6.427732,-42.61662,6.556881,-65.772644,-32.20662,0.78126025
-55.460373,7.010637,-35.5666,-48.142563,8.279315,69.0126,19.630398,17.516184,38.561474,-35.218727
8.593712,3.1730595,-6.0786223,-0.8023403,-24.488106,-30.136625,27.022205,-21.152205,-39.72302,-20.355835
47.449806,-45.749405,-23.233818,-33.04505,6.020084,9.325202,7.727137,-48.436497,-78.841896,40.87308
-1.2417355,-18.686434,-4.053145,24.56923,7.5254936,-21.914082,17.783548,-59.853683,11.004417,-41.777393
40.29757,-4.3586507,24.552588,16.841715,4.442997,-26.366161,-41.365833,24.07405,18.806808,-55.90299
14.160086,-71.03556,4.015247,-18.802153,45.183693,4.930156,49.574814,-46.126507,59.29124,24.388485
-43.345215,-64.7942,-11.081677,-41.341694,20.012758,-3.2532554,47.989082,-34.55915,85.35821,23.702902
-49.50226,-68.402725,6.2496505,-13.435352,20.488903,-105.436104,30.92118,25.89138,-13.264185,3.3653266
-21.07321,-5.144611,-13.778735,1.7140316,18.691746,-18.417477,50.8533,-30.596565,-28.513342,-31.585508
-43.34542,-71.427986,-0.753578,-1.9472412,37.435726,10.425112,68.00798,12.543037,54.71381,-25.230026
-58.673225,-9.361747,-42.286457,-65.17844,-29.277504,9.1235075,-8.196815,1.4150141,-58.840824,-4.8839617
6.280532,19.865961,-6.719936,10.708381,-28.026533,0.46919703,18.368143,8.9191065,23.711514,-49.588352
35.236366,41.398556,25.883816,-16.522799,-2.2227077,3.5092182,-23.904446,23.798025,-14.311894,-76.20562
-47.92356,-22.313864,3.1486669,-41.565613,16.017973,19.179417,40.009537,-7.361225,20.816536,-33.395535
30.67934,18.718248,10.140433,4.2787476,22.274252,-54.52568,-33.807617,67.770676,-9.841596,-45.719975
-32.821526,0.16883057,3.5857248,-38.301556,-7.9447904,-11.764414,36.725704,9.899375,-28.626455,-22.097263
-8.015767,-45.666725,10.866903,-53.377144,67.89563,-7.14857,29.71806,-36.010326,45.524433,-8.356463
40.948635,21.10066,-27.540783,-92.88761,-38.30453,17.025698,10.151766,-9.86734,-52.441086,58.994297
0.5960609,14.424329,7.918127,15.782615,0.5320259,-33.682064,-13.173881,27.44192,-8.191616,-55.033066
-37.254833,-28.922709,-22.718224,-24.725275,-48.923134,-7.7685275,-3.6413178,-1.369096,-14.660997,-4.64531
-29.77519,-50.56257,11.2898445,-41.161465,12.645095,-76.19004,28.354319,3.118388,-18.329664,10.0717125
24.352522,39.501266,1.8862344,-25.909433,-24.365242,-50.463245,-47.96436,-29.285276,-22.756346,-75.76695
11.06786,22.994678,11.713571,-37.434574,0.8130914,-8.897469,11.546684,5.3061028,36.031174,-46.748997
-15.057851,-35.46002,-54.6379,-45.689102,20.758734,-17.737688,11.381407,-12.333954,4.9560285,29.660173
-31.648111,-2.9772065,8.205787,-11.4598465,42.964016,-21.120356,62.855995,0.4285821,23.936447,8.55174
31.530954,-1.7859125,-0.44842374,-14.058879,-27.278376,-40.712444,-12.502928,6.4426045,-5.483824,-46.363926
-15.696942,-68.45658,-17.979506,-44.80913,-49.040913,3.608665,-32.08685,2.6645582,-47.88891,35.005955
-12.307171,49.49331,-87.6409,-29.264248,4.920711,59.73488,14.745006,6.946335,46.953907,-43.56081
-21.815212,-25.867407,-48.842754,-73.316696,-20.122747,7.1466155,3.1155934,14.100085,-39.61896,-0.1532333
-11.469734,-37.5601,-44.877247,-50.51785,24.191317,-5.4804125,12.846544,9.9089365,72.62515,-12.209398
-22.344858,21.834322,-39.02158,-34.950104,-9.3630085,7.3340926,-21.053225,-5.8029885,-35.994537,6.3695784
7.1083484,-79.18401,9.658223,-44.062317,67.892715,5.2253766,33.488754,-48.212387,52.63406,14.693611
-39.6495,-56.738827,-24.627907,-5.4880075,-26.914652,-60.107147,59.4001,-31.437717,-40.850082,-29.34868
-54.229774,8.108087,-36.871292,-52.911964,6.498225,57.30864,2.2117877,25.461946,39.382473,-30.591232
-33.413567,3.906392,-42.585716,-31.156082,-30.56327,8.541055,24.221882,0.24907504,41.32797,-25.514654
26.499372,-74.775826,4.1071725,-40.156384,42.5523,7.503465,39.36392,-33.17943,72.231285,45.095074
-39.489193,-46.29188,-21.290842,-16.609951,28.179646,2.62399,50.657307,-14.589911,73.06961,-26.22336
-24.013256,-58.11338,21.064352,-51.697227,41.976223,-1.2754877,51.775223,-53.635204,55.18526,15.044663
13.023977,-79.07066,27.975927,-51.466427,10.882534,17.805979,59.411873,-41.81494,82.43174,31.408455
33.88997,10.392531,30.459682,2.773654,23.23398,-46.893803,-22.391283,36.14633,-13.82792,-59.879864
-8.854218,36.072937,15.233191,6.7910805,-19.126583,-68.91499,-51.838146,-0.3580869,4.6953616,-97.184975
-38.730206,-29.678852,-31.210302,-20.69648,27.609983,18.706142,60.66139,-24.313917,65.37116,43.3328
-42.575203,-64.51706,-44.82147,-53.129738,-26.248518,-22.278685,-33.091507,29.60933,-23.231516,20.191624
-9.641326,-60.190033,-12.085603,-22.792608,16.607645,-4.8689213,44.402138,-41.495396,63.090553,14.873395
-6.4127884,-63.23939,-35.392193,-48.216644,47.725018,10.215553,25.505726,-21.496912,61.433216,-11.687587
-18.968754,6.0092635,-47.50853,-49.564236,-22.289295,55.43242,50.833733,-3.8151352,69.47447,-22.542671
19.36936,-11.467444,28.071028,-41.76493,-0.02896022,-18.41499,-57.870365,40.55753,-12.265091,-73.09329
-5.573785,-26.577183,12.260953,-24.453575,-0.16628706,-80.31773,47.2177,-0.2886735,-35.83767,10.029447
-11.4170685,-13.201353,-44.063316,-22.537191,17.707886,-30.737135,-8.831956,-2.2326612,48.500053,23.880695
-4.3799286,-29.432592,-35.239513,-52.873608,-34.01931,-16.797798,21.154596,52.82444,-63.448826,13.957493
-16.127466,-19.08797,18.508251,-9.407168,19.674593,-20.539366,42.054085,-11.485805,6.223192,-7.1029577
33.18766,-3.8962538,42.29477,-13.468297,12.741823,-15.136938,-27.90964,12.151725,2.977749,-72.482254
-30.19259,-72.49322,-21.657175,-47.739685,15.937544,-25.233412,21.401726,-36.39372,0.46752492,15.9168215
-2.260416,-5.2519445,-6.7238526,10.266507,-6.3231645,-77.6341,32.645275,-47.19253,-25.372509,-35.88102
-6.251001,5.393857,-6.526576,-42.394352,-32.092094,-49.528156,-38.943527,23.38436,-21.218702,-13.607388
-28.668514,54.416504,-64.47895,-53.584167,-4.2190337,54.493114,22.592924,0.5773068,34.81073,-15.930701
-2.5270274,-20.559635,-53.85461,-41.63129,-5.4492917,9.134918,-8.245262,-32.15625,-53.094257,-7.597725
28.569733,0.8112473,12.447319,-39.736702,2.8968127,-23.091076,-38.43547,19.49805,-17.927538,-93.36269
-2.3684266,-62.313625,-25.937105,-28.63369,22.132113,0.90934265,25.75361,-39.19787,42.01868,-26.561008
27.344746,-54.5158,-50.387276,-61.870647,-10.315989,-61.74173,-24.898075,-45.354294,-53.76364,4.136384
-43.615715,-39.18157,18.539991,-7.2988195,2.3599477,-37.332996,28.15006,-18.763342,-36.375874,7.941885
15.809084,32.96472,17.1452,-23.344433,19.966185,-29.199865,-7.112024,1.508833,-6.046403,-65.05996
-28.422144,-96.71324,-10.580222,-38.467846,0.47842008,-39.941483,-0.36742684,-3.9024498,12.894887,-10.535865
29.659355,13.839376,58.08616,-20.00028,-15.933597,-20.760925,-19.331827,32.72912,-17.945778,-55.601437
4.541729,-24.043194,10.975979,-39.417706,25.323755,2.3639479,58.21249,-42.521152,13.699717,34.948246
36.156994,3.0803053,33.562996,-38.543823,-23.776316,-6.187063,-24.925251,1.0225961,-10.4779215,-81.23461
-29.686953,-66.4163,-2.9054933,2.1333227,-56.30429,-14.99413,1.6505568,-8.824526,-30.08572,35.41457
-35.18854,-40.43053,13.243593,-13.435283,35.06493,-58.255436,52.49377,-32.586098,-38.754665,-34.353252
31.615074,-11.953376,46.776943,24.954527,26.573086,-51.3279,-21.23683,30.36545,3.910401,-59.500626
-28.69207,-29.120993,-43.105713,-11.820144,3.9803395,-21.178638,-11.592821,-11.029631,-33.099594,34.423885
-35.53875,-44.487892,-42.42477,20.420902,-12.853457,-39.386543,62.909504,-10.498559,-3.4279382,-26.880213
14.067219,37.312855,-8.210443,-9.767875,-16.000166,-52.418167,-8.60831,1.0654064,-39.505432,-38.51036
-11.345859,-54.940647,-24.824183,-42.458233,13.0137,-18.164936,26.650122,-51.858345,13.842221,33.017937
13.950634,16.424267,-58.922146,-59.26802,-28.513052,19.05953,51.451706,14.033601,-34.835876,21.80594
1.1245656,-67.72744,-22.439054,-25.829512,39.21953,5.7613606,67.02684,-63.40786,59.36764,19.983307
-17.226469,34.58353,54.427883,15.458766,-19.757805,-20.660131,-27.314032,-7.16342,3.8195016,-64.66311
4.270743,6.710342,-12.393483,-7.9204597,-22.992876,-65.82288,5.785792,-24.820908,-36.252087,-32.931694
-1.8256192,20.298658,13.500985,1.562379,4.833886,41.00569,-17.396805,-41.05437,33.03285,-59.60713
-56.759804,-48.80921,1.1644878,18.297384,14.778348,34.154797,48.296734,-15.856742,27.141552,-38.643578
-18.893063,-26.426737,12.1667795,45.0632,20.216206,-21.685654,-9.977056,-14.2777,-8.761905,-53.734756
14.432358,-47.741337,-6.2498846,-21.927532,43.599304,-2.8470805,58.461697,-40.356064,68.49099,26.787727
76.251434,-54.75069,14.081481,-28.829538,-28.530897,0.5734031,34.962536,-56.21508,-29.423843,69.905136
-30.20452,-54.726326,33.71939,-16.684551,1.9734929,-55.51139,32.108265,-24.178095,-21.063553,9.390586
-33.615643,45.1875,-62.24183,-54.941875,22.083944,58.88024,41.40783,5.4280005,34.746586,-34.930016
-21.889343,-51.644527,-3.5854452,-21.39104,65.61457,10.089666,43.955112,-22.142244,66.50058,13.695071
-6.672662,-74.365005,20.88131,-30.853388,44.25196,-1.6078085,47.815865,-42.306778,48.016476,-2.5763452
-5.0077395,2.9629297,-37.73617,-65.996544,4.1067486,16.818317,10.849403,1.5892775,-71.17908,22.001823
-32.604908,-57.413696,-17.564062,-22.514668,78.29697,-5.9325786,48.26422,-4.0876026,78.97045,9.187121
9.904691,6.1166296,31.875107,-8.102288,-22.352661,-23.834272,-30.039978,41.8727,-26.911577,-88.17577
-14.269933,-42.17709,10.104658,3.0220194,33.05456,-49.843735,52.79332,-38.21716,-47.212776,-23.567581
-41.13137,-52.43889,7.2333655,-0.48173878,29.219427,-23.24441,22.34498,-24.24372,7.832615,-17.135555
-24.286375,37.388035,-14.653176,-43.53293,-3.870541,36.40325,32.41743,8.603379,54.091755,-53.65945
-52.58324,-17.53661,-19.311605,-10.03701,-1.793529,22.414043,77.59302,5.889649,48.0075,-35.909733
-11.615164,-14.106408,-57.414425,-36.710938,-3.0205188,-8.387852,-30.195482,-24.89712,-95.643875,26.692513
-21.410736,-21.741995,-51.61165,-49.737057,-1.6432177,-7.560995,-34.87784,-36.51265,-81.17321,26.481176
-5.209127,-44.95883,-26.816027,-9.737559,-7.3299246,40.956673,46.57812,-23.958591,77.13996,-16.701307
-12.926119,-69.390114,20.63529,-20.101141,51.484333,17.341747,56.473164,-32.649105,64.53157,-11.740558
-47.469906,-29.927374,-11.147518,-19.253208,22.624096,-45.757683,69.83126,-21.966587,-32.703392,-23.11467
-44.38118,-55.11102,28.57162,-10.73032,31.255003,-85.25917,65.06818,-3.2463274,-29.623156,-19.75685
5.1385036,-34.812122,-56.96518,-41.136494,26.657047,-12.609304,-9.987853,-52.95251,-37.31872,0.74270177
-20.185686,-51.38599,-12.324732,-11.367128,14.662549,-77.03774,-6.6255727,-16.968037,-43.347122,8.871411
-36.26002,-52.1578,-17.573545,-13.085229,88.71314,10.007983,46.18803,-23.303017,78.57292,3.4750307
-5.0216675,-70.8956,-50.819187,-39.22994,29.61787,10.777916,13.837422,-21.069584,79.63447,-2.4478805
-53.331062,-6.727247,21.242847,-5.1617794,17.391026,-28.626804,33.486794,6.767822,-27.820631,0.70938754
-17.477804,-67.735466,-26.915817,-9.470212,-32.104195,-27.003723,-54.207973,15.399634,-58.57079,43.607082
-27.286287,-16.185139,-54.51086,-37.88199,22.001589,19.948278,31.965145,-27.30966,87.019905,-4.26612
9.201651,11.254087,23.668564,-29.060287,14.567005,-24.594828,-35.784122,27.974266,4.2156563,-57.927155
-60.450058,8.470647,-55.738556,-30.530584,20.750462,94.25618,54.002293,-20.527967,49.302425,-44.459846
26.583033,56.650074,3.2888885,26.652569,-3.2690806,-47.91539,-56.909912,21.990805,-44.823845,-46.565426
6.427579,-7.4623895,12.385452,-20.211645,-6.47653,-94.98085,45.26927,-13.346089,-26.683096,7.5983143
-8.375234,7.4492784,12.489782,22.6724,53.664818,-50.627224,31.408632,-30.992697,-21.475042,-39.192333
-30.921242,-13.520189,-53.85157,-23.658827,5.5041385,-35.38137,-36.206425,-5.0781126,-78.0947,28.212364
20.328436,16.16064,-7.413784,-41.82608,22.387375,-33.42967,-27.409592,10.484862,14.860954,-57.227013
17.183834,-7.86647,21.165255,-9.701037,-11.771762,-16.93333,-16.039997,3.9256384,-10.715969,-72.05177
-29.069427,-55.93136,-18.624428,-25.880936,94.78678,9.128916,45.135098,-5.973475,69.90519,14.689393
25.904978,22.095907,6.7197213,0.179335,31.687841,-38.818924,-39.237453,3.2962897,-29.282421,-55.76755
-32.419872,-19.436716,-34.00728,-60.440968,-3.3694513,39.36612,32.39748,14.81111,-35.592823,1.5133936
-14.9714155,-3.1165547,9.1133,-16.301487,16.32125,-40.123596,17.481491,46.756092,8.52754,-26.794235
50.48196,18.344624,31.079742,-15.311164,-30.947695,-11.561698,-46.869205,-17.543623,17.907753,-49.85482
21.46733,17.538385,31.082256,1.6795753,24.615168,-11.614447,-52.79505,11.323703,-6.0272365,-79.10252
13.260993,-5.946438,-33.20787,-48.534595,-22.375166,-6.178276,13.078291,5.4118085,-65.469475,29.583187
-20.796476,-65.48955,-6.9100294,-41.44143,21.076185,12.000625,69.01025,-47.784393,79.490616,18.434557
-28.798065,-63.52103,-27.43893,-31.16959,38.29534,12.776009,35.82962,-8.488987,55.432053,-29.02457
28.473242,23.906538,20.074863,-24.046383,11.480452,-22.119263,-34.216175,35.839317,1.5823244,-62.136578
-40.98613,21.318514,-24.023737,-29.196905,-3.799278,62.67825,9.244457,-18.337383,70.16171,-33.413216
43.83616,5.0149326,34.107986,36.147324,36.43017,-27.374743,-45.688507,44.545753,-4.9898176,-57.228107
-20.841433,-21.441755,-67.332016,-31.603544,-0.02975654,44.366425,10.1722355,-13.456529,-13.12046,-26.368193
-26.989908,-25.716692,2.7377691,21.330252,6.9027967,-17.82858,69.80746,-75.41212,-17.166143,-42.221268
-70.28586,12.560107,-28.61175,-54.027794,40.075085,64.03742,47.457756,20.228498,55.863728,-33.154312
-46.486153,24.848026,-31.275469,-32.83871,-16.2138,48.8682,16.991058,-19.277662,39.167503,-48.049076
-0.2719715,16.70808,7.944948,17.815197,14.175806,-18.251656,31.772976,-40.027943,15.247194,-61.18504
-10.072512,-69.29184,-10.580202,-45.098717,24.01237,-14.7335,72.324974,-43.43005,69.64137,25.335499
11.622631,-32.612885,-22.15395,8.220486,-25.104195,-55.17354,29.871046,3.8827517,-34.179417,-26.628105
-13.583134,-80.752975,17.38444,-41.37214,17.703009,-26.824394,31.431986,-46.502693,38.215733,2.0987
18.027945,-71.95023,6.490494,-31.864555,63.05494,23.069004,43.266563,-8.687987,75.25057,54.44673
6.2097206,26.509933,7.6248016,-37.480274,13.2646885,-49.589638,2.935679,2.8241494,-47.01878,-35.07466
-4.937644,-70.51511,-11.362933,-41.32283,36.828194,6.6301694,84.750435,-67.188675,71.748886,28.165216
-39.82271,-30.934856,26.878944,6.4699416,4.944759,-33.925625,69.99927,-36.448124,-49.112988,6.260173
-36.92965,-54.808933,-2.4135814,-38.195824,47.949467,-21.546415,47.966305,-40.155304,93.58464,13.05699
-48.405716,-37.429806,-0.42528176,-11.681458,38.665855,-26.735237,39.28201,-17.84181,29.404657,24.024534
-26.869473,-62.184547,11.095342,-33.993256,-6.889389,-74.34763,-13.342243,37.75337,-19.149029,22.44848
-14.637367,-19.973335,-39.510857,-65.66483,-33.592945,13.150796,-5.016602,-12.328536,7.137262,10.787654
1.7752831,-11.504211,3.130671,12.151088,3.1225717,18.492323,-3.5905113,-35.88333,34.32658,-59.82698
-18.634106,-46.011772,-11.454271,-11.008928,-10.081296,-79.676445,66.53629,-35.69993,-29.68541,-20.034359
26.578793,6.132546,21.613941,-35.94229,27.510998,-36.99589,-37.660217,50.31624,8.737626,-60.826164
3.4793055,-2.1743937,-9.932834,-29.93362,-16.172953,6.7155356,16.63674,19.651062,14.485785,-49.04069
-16.083067,20.237654,22.25143,-32.217743,-35.957115,-55.60272,-15.164424,7.4318814,-16.487429,-23.73049
27.127365,31.550833,0.8889997,-15.176521,9.126526,-49.229153,-26.661259,-26.91576,16.609394,-28.924362
22.995514,41.440277,9.168863,-11.518246,-30.650702,-46.696587,-57.07496,-24.759293,3.3938355,-35.839256
-40.069145,-60.989235,-9.688253,-53.00225,-17.611454,-62.543285,-23.46746,20.149227,-12.389648,15.615243
2.2728755,31.499409,30.893057,-15.79274,-40.174774,-69.93959,-73.82438,11.986621,-24.292889,-42.230724
-20.424356,-18.403936,-10.112288,4.9618835,-11.4876995,22.093102,43.662544,-54.328144,16.032724,-46.973507
-54.520077,4.8679523,-24.362698,-29.826336,6.2753572,85.39933,23.821177,13.510611,82.97796,-25.453115
-32.13956,-37.278694,10.239028,19.634005,-0.2725221,-33.955105,46.497307,-62.445908,-44.058434,-26.429955
23.13321,-0.5037945,3.5815225,-19.226707,16.374651,-57.174217,-50.09067,23.38766,0.505581,-60.685944
-23.97892,-8.035481,14.29682,4.7145987,7.7120156,-43.980793,16.182438,30.413494,14.658794,-21.338217
24.747837,11.467,10.121555,19.206142,-3.3080473,-34.205944,-62.157467,32.248753,4.826259,-52.462128
-42.112434,-19.106617,-7.2437277,15.3716,24.871365,-45.368385,69.14532,-20.875925,-15.8288555,-15.44299
7.1255274,6.976564,0.529191,-1.8773521,-18.533106,-14.554998,-23.23463,-15.229295,27.829842,-25.244913
-19.945356,-45.389874,-11.735027,-19.731722,5.299025,-0.91331375,50.147274,-36.577225,61.004597,27.655115
-65.56497,0.6168775,-26.64551,40.205738,-18.269201,4.7081265,63.168697,20.871122,-25.577475,3.3315933
-32.5689,-20.217607,-12.249254,-12.537678,21.184603,-43.873913,-28.59037,5.3803115,-36.268368,8.234125
-15.510758,-96.88202,14.920837,-21.917082,68.17503,-1.7206258,45.801926,-12.174288,36.391678,36.19343
-5.768883,-36.257835,-7.153202,8.1813545,50.02875,-39.77855,68.397064,-45.060738,45.73036,-9.698248
-24.87592,-22.386623,-16.014223,-29.828764,12.389542,5.616898,34.09789,-37.26178,87.155716,29.571112
-13.774353,-36.0245,-9.700241,-3.8221378,14.728031,-31.634674,61.55237,-25.230728,-47.03969,-38.369976
-62.26258,2.299438,-33.621788,-7.840292,-16.404984,15.427883,56.87754,24.709751,57.052883,-47.925182
-33.581577,-77.052,2.0620508,-24.212416,20.980581,0.21153808,58.597683,-15.458361,69.88595,11.892825
23.215088,38.2989,12.051421,29.229885,-30.963892,-43.77882,-20.015015,1.3271761,-20.968517,-37.420025
-38.21925,-29.664942,-25.525831,-6.6560063,-0.2623918,-50.245808,67.20956,-6.9280243,-42.96876,3.7592075
-55.51286,21.860317,-30.67042,-56.670574,29.936148,63.51498,64.799446,7.491135,38.471645,-51.872356
21.939589,-14.953975,-66.76616,-82.81362,-34.014507,-32.14953,-10.252441,-4.406366,-55.014503,31.130123
-33.58932,31.898928,-43.466743,-8.164937,-8.541106,44.226746,34.518684,-37.666733,66.78237,-11.767154
-22.085121,-33.140762,-13.774515,37.17363,10.728348,-34.032406,36.61766,-30.28769,-8.472561,-58.8647
-34.70193,-64.067696,-1.2515329,-38.783752,19.46949,-16.218298,27.33533,-38.421734,2.6727655,4.608659
-21.991726,-40.547253,-8.270487,-30.956007,49.849453,17.957207,27.25665,-60.62152,37.319164,12.779309
8.364458,8.641014,14.1390085,11.1804085,10.584915,-11.044372,-18.240662,-22.860052,18.623219,-66.671196
17.665709,-0.41360205,44.2608,-7.7244215,-18.24879,-32.452427,-39.317715,55.265587,-11.673563,-64.00673
-7.1625133,-63.390728,5.1930923,-27.670214,90.81279,36.97108,43.0731,-20.588902,82.370926,30.852833
-5.1504745,-40.781654,-48.645237,-25.541704,68.58069,14.779591,22.62229,11.076201,72.35836,13.251717
-18.879799,-66.797714,-8.861289,18.431099,20.379116,-32.92749,78.34472,-79.75827,-14.286068,-55.10574
-47.83521,27.549364,-60.597862,-21.467789,-11.479446,41.596886,55.438,-11.578915,61.700657,-46.57391
-5.821985,5.7315907,50.776768,4.1505675,50.704716,-31.103832,78.2222,-72.56998,-40.580975,24.63513
-17.273054,19.256056,-62.78077,-71.449265,-17.28311,-21.523836,-41.177914,26.710476,-24.028925,2.0243914
3.064325,-30.386923,0.6912228,2.6208858,-14.179019,-45.944813,46.34704,-26.252182,-44.85976,-8.29366
-38.045914,-8.224175,10.7594,-3.1853666,29.878233,-41.146782,90.23456,-45.851276,-29.464323,-10.365538
-38.861557,21.690523,-47.788876,-61.55529,13.418777,63.55601,31.558687,-0.26529944,46.72778,-56.36184
6.9591246,12.531577,10.221916,45.323917,-46.030777,-42.627884,-39.97799,-28.973011,12.504034,-55.44692
36.068844,-11.471777,19.495365,-42.019386,-19.585783,-11.735775,-39.9327,-7.2388697,11.454523,-83.36085
-39.994816,-68.273346,21.878302,-27.044298,8.222739,-63.25371,10.099159,-0.36341894,-13.207791,7.4650393
-46.315723,22.278452,-37.896362,-60.091125,18.264727,62.283237,67.43516,10.354815,66.432816,-57.150677
-22.085117,-38.687004,9.141088,-0.39311248,-1.2139819,-81.1957,58.450493,-17.176462,-22.294971,-11.330029
-25.624935,-12.298534,0.68948996,-4.950239,14.309055,-38.181618,20.644955,-54.21659,-19.985945,9.289297
-65.57364,28.403362,-36.95928,-53.26692,21.435627,60.579422,46.413967,19.706554,52.385387,-7.161064
-57.084126,6.7633233,-68.21694,-35.420727,-0.60983366,62.645252,24.121117,10.918994,76.034355,-10.822268
-42.6213,-24.041624,-18.712364,16.481892,21.356812,-52.536213,75.24401,-34.89677,-3.444685,-31.523058
-32.276333,-61.54443,4.2242613,-18.819794,13.447544,-56.907913,91.59394,-38.848137,-13.4682255,-34.26821
-19.594675,-53.991238,-2.8920882,-9.783872,6.2334456,-57.30705,47.37494,-49.99007,-25.948984,-58.95126
31.774096,1.7825336,-49.77012,-61.068657,-4.0226307,-1.3813721,-11.897319,74.85753,-42.13257,3.821029
-38.092426,27.427317,-35.919228,-63.58905,-6.9411025,64.42814,56.440567,7.527932,87.74001,-45.725655
-12.111902,12.331049,-12.413034,-19.666004,8.640388,-16.966837,-19.637962,-29.15954,16.183813,-43.767128
7.9950495,41.076736,46.5096,-7.7325134,-4.536004,-55.634014,-51.09565,-48.178734,17.299835,-49.831497
-16.965054,3.3802104,46.79845,-15.005633,9.537321,-8.39225,8.993795,-33.962097,-22.835926,-58.917297
-20.632465,-18.038157,-10.608319,-15.803169,-12.1671715,-65.16995,48.96761,-8.565684,-21.45143,-19.981043
7.2055554,-4.2248254,4.1568213,9.234252,-1.3714367,-37.961617,19.438282,-54.303257,-43.794144,-53.225456
21.053497,-70.67671,29.475677,-52.907345,21.460531,20.278105,53.668205,-49.7505,67.05807,18.95328
-10.692222,5.14255,-14.731797,-30.306374,-30.7075,-69.16514,3.9430943,15.285472,-12.671739,-38.28489
-36.809303,-20.258755,17.83973,-1.2594835,47.80306,-47.971275,54.819847,-44.56561,-14.964726,-16.944061
-33.53615,20.235575,-35.580494,-30.130136,37.004364,-15.94667,-53.060055,17.35925,-18.341396,-50.51554
-4.8395834,1.8605661,15.755124,20.919575,5.3229313,-5.898926,-15.693292,-20.810196,9.737369,-58.549343
8.103388,-26.930017,1.9927498,-0.6440448,45.715942,-65.18303,43.94732,-71.142784,40.93269,-20.35063
1.1011388,48.226574,-10.924978,-23.17813,9.842193,20.444372,13.420353,-19.374731,44.60902,-62.18487
-50.05835,23.590982,-49.371956,-44.09226,-0.10964093,76.59863,51.66584,6.299863,71.6156,-41.714664
-35.12933,-33.945786,-3.390735,-30.88213,3.1404955,-40.48424,0.17662138,-33.273106,-28.420164,18.456957
-4.706076,58.07097,-22.162283,-22.196318,-5.1751995,37.034927,18.321987,7.3232193,38.27312,-10.858455
-7.253072,-71.00342,14.322754,-35.69041,15.247547,5.0772085,56.713776,-35.000904,63.11163,8.645131
-34.380524,-0.3342921,-34.16008,-58.02773,-22.187132,33.8348,11.616171,-46.683334,-49.3623,26.058296
-23.229883,18.830564,-12.676491,-11.403617,0.5831366,18.422264,6.856701,-34.634533,-6.664465,-32.322094
26.91244,-60.78531,-31.410534,-42.35819,30.930079,-6.2684984,19.200615,-20.36518,84.78067,24.051998
1.7379987,-87.92661,9.068767,-20.943714,60.545353,2.7520847,44.788807,-32.713505,52.97459,22.736362
-13.112714,-25.073208,-45.75848,-63.25457,3.9254398,-42.981575,-33.32894,-33.91149,-68.50315,12.026886
-16.401943,-23.590313,18.723818,-26.583412,-44.137505,-39.53905,4.0217466,-7.315456,-29.119278,2.557485
-60.021854,-4.521202,-39.51073,-37.887527,17.968636,81.64293,24.59422,1.1321577,54.89242,-30.837048
11.856638,-82.79424,33.680016,-72.40319,66.4832,-9.471469,10.603933,-47.82664,36.970734,-1.1410402
-23.936445,-63.721283,-31.429384,-30.850027,7.1638956,-18.098135,48.363987,-24.611286,43.52445,11.280363
-38.21461,-53.459846,0.6574415,-13.221483,9.370335,-46.039192,77.16096,-15.745932,-36.85555,-32.841747
-22.299885,-41.017796,-29.733727,-7.9863076,9.753906,15.371365,31.69378,-15.340354,90.65133,-32.084175
-14.351421,-59.898098,-28.065788,-14.277171,41.05655,27.11697,37.38761,-51.81889,91.98948,23.807045
34.603024,-59.5301,-25.301,-53.05787,0.58535016,-37.588398,26.820724,-7.9968295,-20.020803,14.283988
22.51195,-9.052647,-12.386723,21.06366,-1.4485619,-40.09493,-29.77912,16.14148,4.5083303,-68.773285
-23.148396,-35.069164,-20.391323,-10.364416,41.947327,21.393412,48.233265,-37.610104,62.7618,40.58588
-41.35904,-47.78557,-12.075438,-24.739658,35.966267,-3.692841,57.330196,-26.015457,97.96085,35.361782
34.221333,-7.011502,-8.901403,-32.503967,-27.829134,-26.081877,7.2262106,-4.448,-41.203957,-69.95269
-28.856321,26.53854,-56.26032,-51.843147,-11.018635,57.31694,52.46725,15.787525,78.66769,-56.853912
6.6362653,-64.33388,-15.424245,-51.704914,24.279545,-11.579061,46.73457,-37.270473,85.38985,23.58288
28.843142,43.233326,-5.6663923,-32.42284,3.627255,-47.96881,-55.339893,-51.918755,-56.83473,-51.733124
-46.066044,-32.654274,-6.0399294,21.130598,15.785248,-38.853703,81.69023,-44.7211,-32.664703,-51.726402
-34.463882,24.180826,-65.175415,-23.815374,21.69454,44.68822,38.93811,26.387997,37.13047,-49.88766
7.509599,-9.996378,-44.817944,-20.580738,16.85533,14.036524,34.336285,-1.4297105,3.4442384,22.881695
10.310669,-8.204179,-43.954006,-73.14055,-10.961585,4.6074185,14.741559,11.569698,-76.4719,27.184658
36.61204,27.369047,6.808578,-45.53215,-28.202251,-31.104992,-41.955093,-11.952379,-2.203453,-83.69116
-52.2073,-56.160973,40.689144,-4.616784,-1.628339,-50.247772,65.43564,-41.822197,-35.64333,-5.2621174
10.796512,-35.164574,-22.883787,-17.675287,28.076172,-43.175507,-1.2778714,-16.551882,43.002213,-2.946324
-37.07062,-48.333652,-18.220924,-19.743006,74.60497,-3.1679606,43.30984,-14.382417,59.277004,4.649523
-19.231297,-86.70719,9.637173,-10.418773,54.450924,13.482004,70.81425,2.19759,35.419933,-13.727283
37.017117,-14.539023,-61.374733,-61.069054,-8.390604,-45.43586,14.119822,-24.114807,-50.51192,21.168488
10.318168,-7.801247,-44.16955,-39.15121,4.314164,4.6855993,28.403034,-10.411473,-42.254807,33.8923
-36.16931,-63.35653,-37.11526,-66.522964,-22.01226,-14.272758,-36.77896,-1.9819479,-4.3440614,5.8385057
-52.35783,34.640793,-49.582417,-55.652386,28.90664,60.693874,58.8777,21.654171,45.077988,-35.778255
-16.299973,-14.271398,-6.0842204,-36.29018,4.5575404,-42.40773,3.0590878,26.716717,-58.431713,44.91349
6.8806624,5.493083,-12.437816,-34.08025,-2.0818408,-72.16184,-22.330828,40.820305,-34.53891,-34.605865
-10.071246,-15.158984,-3.540763,0.66212237,3.757682,-46.857506,32.436813,-2.672731,-47.903072,-44.95891
-32.491833,-72.9798,-5.2958093,-29.347973,17.826578,-66.5093,66.31087,8.989517,-43.65178,-38.062775
-10.828875,-70.847244,-3.931243,-1.8956559,11.133793,-39.93031,63.2869,-28.173523,-49.623295,-39.33293
-64.645706,7.609813,42.627243,-25.566128,50.87941,-22.943584,54.204987,-28.619217,11.415949,8.624341
-46.11226,-27.996199,-38.732952,-12.013261,27.852827,15.651091,26.353401,-12.082588,74.42089,52.798985
6.141756,-1.2024349,-44.559814,-82.320015,0.47762424,3.8506894,-12.737534,8.922302,-97.53452,32.090008
28.163748,13.159386,15.870864,-31.122072,30.565496,-41.3934,-50.084854,17.120869,-9.794586,-72.03486
-12.516214,-4.678963,33.646053,-23.989187,17.106403,-18.763363,18.306515,-34.38581,-36.26882,-61.187675
-44.24284,-74.87008,6.5265527,-33.8581,58.904682,3.3391457,30.23992,-36.89653,61.675632,8.135124
5.1076674,-67.81875,-2.2047756,18.330254,-20.043652,8.601815,38.238056,-48.204556,45.370403,8.968915
-54.410652,-35.86952,19.011969,5.924972,-16.21455,-23.616709,69.235054,6.516979,-22.938133,11.16716
-33.948677,-54.4389,-0.36661053,1.8842577,0.5622898,-46.114525,70.203636,-55.67071,0.2830855,-28.041727
-16.777843,-84.626526,-18.730673,-34.71061,39.90286,2.2012243,45.9999,-33.72039,47.855732,-6.226484
14.113332,-46.452168,-12.010014,-11.736448,32.03192,7.8725314,57.7629,-55.951904,83.25457,35.101505
14.780877,-14.266618,-20.119505,-35.25433,-9.593625,-36.530743,11.143242,12.189097,-11.699225,-80.78768
-21.997572,-31.79731,-47.192303,-9.283925,-7.55047,-37.845882,-71.03664,-14.15118,-31.58848,11.92638
-35.014732,50.91733,28.699467,5.662099,-35.427223,-60.460735,-38.41407,8.407822,-15.476375,-69.27171
23.661299,-21.074476,-8.76878,-14.930477,12.302652,-27.867168,10.840362,3.8007162,11.769873,-14.798342
-30.360933,-36.288254,-12.457351,-7.1524706,-39.28478,-53.260853,22.647976,-5.302016,-48.08882,-9.248863
-42.586452,-47.22005,20.275959,-36.09849,16.519886,-69.60729,55.88578,-25.445108,-55.335224,-27.475157
-10.115596,20.21358,9.409977,-27.123545,-5.482885,16.245758,33.931694,27.032505,46.559456,-44.824482
4.5066724,13.859881,-7.4339676,14.373844,4.3279305,-44.8774,-9.208743,25.447166,-11.052176,-41.932907
-20.988348,-75.83508,-1.5908653,1.1904937,13.076839,6.533686,56.528618,15.784165,78.19124,-2.4627442
-16.303669,-5.021039,10.279332,-12.601966,-4.8578277,-61.223583,6.701422,-0.5751976,-27.651175,-52.78179
-30.547249,30.67656,-44.06845,-69.153076,12.09066,56.64823,45.183056,5.4182615,36.67218,-49.59844
-29.960049,-37.60848,-18.054367,26.041655,3.1548605,-43.593994,76.47271,-24.31593,-18.997242,-44.21953
9.975162,-47.8997,18.74464,1.7816106,-10.320972,-31.4295,40.230335,-38.666435,6.678851,23.745905
0.047748506,3.9466782,25.145966,-34.234,15.402398,-33.37732,-62.52476,-8.909281,-6.5186453,-61.74759
-47.161396,-16.014246,-40.639256,-46.183823,36.455082,35.799816,48.15569,4.0450077,45.591846,-41.131287
30.096857,-37.488407,-13.073997,-28.550903,22.014088,17.070883,50.74995,-37.33269,-14.353879,38.17116
5.9178286,14.372445,26.644815,13.212263,-18.77971,-38.88865,2.9569173,56.800232,-21.29094,-48.290367
-33.00205,45.240635,-75.542595,-21.422098,-19.460112,77.9643,31.251472,3.8365786,44.43896,-19.819954
-29.732237,-64.316444,6.0675397,-5.6741743,-1.5398371,-61.479607,61.199463,-43.265457,-29.016747,-30.414913
-46.37994,-43.008297,-6.446534,4.653636,-6.406862,-45.299545,66.21305,-54.338356,-27.306505,-58.05769
14.593118,23.550556,38.846832,-26.953554,15.478711,-2.4820685,-44.346165,6.3179626,-1.9682826,-73.528175
-25.09023,-59.320827,-28.341097,-17.910906,-6.4305525,1.5197877,28.39333,-26.865578,49.49925,6.990206
-55.305058,6.4008627,-32.5606,-34.426216,4.404189,87.39694,34.211143,13.991739,83.38953,-42.886353
23.330061,-3.1081355,34.00357,-30.387613,-20.588842,-25.171253,-44.406563,40.080765,-26.18472,-79.01213
10.900202,-18.819328,-18.80318,-56.328323,27.042227,2.5188012,45.476707,-37.885315,6.6678095,30.28036
8.220579,29.612011,24.50029,-18.774605,-15.179928,-45.96046,-33.874664,-25.090424,12.525509,-56.91522
-24.775541,-28.389656,-15.520695,-65.70086,-46.312626,-13.318807,24.845243,19.628199,-18.770521,51.257523
-44.471752,-39.098644,40.19459,-7.919569,21.29381,-48.65005,50.951653,-21.411259,-32.43221,0.16468406
15.675752,-6.0067716,24.692633,-14.828876,20.897171,-67.37202,-28.88082,3.84525,7.4241605,-62.363045
5.5171833,3.9124131,-53.922924,-99.42882,-23.08971,-12.175488,10.3005495,14.042169,-72.5953,22.134705
-11.560992,-3.55633,-58.805542,2.5543084,-6.2824206,-74.81217,27.698528,23.982553,-7.981165,-5.8428526
68.704475,12.977773,-10.897316,-19.06791,-15.293791,-4.3198576,24.464478,-31.834732,-63.829716,60.30674
-51.892693,54.656353,-62.34152,-53.150356,31.364529,68.39654,51.512726,12.050774,40.229294,-15.40019
28.270609,-18.240265,64.05728,21.946491,1.4529777,-51.544926,-30.025509,12.313437,16.75453,-51.752983
-17.795452,-22.119026,0.38030744,-32.921844,-4.336896,3.955906,31.708109,6.6147804,16.35142,-45.26108
-51.141567,-55.22822,1.6376938,-22.166456,-1.0818107,-75.89653,3.8008661,-5.9533825,-9.914417,3.6692493
-3.5894632,11.721908,-28.47773,-37.767296,-1.6693562,-12.002297,-32.554226,-23.162956,-32.071568,-4.2194095
-16.566303,-17.69087,-32.35774,-10.289036,-11.218019,-20.03744,42.44532,55.96117,-35.993496,-32.591152
-46.597733,-29.069826,-14.813998,10.075521,1.9161377,-45.71141,65.66181,-41.254734,-27.511295,-49.707115
-48.094025,-25.473873,-27.882788,-4.9676085,-11.73051,8.207243,45.37857,14.860127,80.07969,-20.134626
16.015368,20.705141,-9.603316,-13.972017,-22.337687,-74.72887,-9.330704,-43.307854,-42.880733,-55.208923
48.778637,19.034153,35.737064,-28.889585,-38.112305,-3.2351148,-39.85342,-7.134544,-9.083344,-53.18322
39.592064,21.323118,16.10503,-21.271542,25.510992,-18.450054,-39.770332,27.569313,-28.690344,-83.00395
54.07142,20.88934,3.0582938,-35.809658,-17.754143,-54.508446,-62.71689,-32.35517,10.637112,-42.699375
26.037066,31.379532,6.2525506,-33.847054,6.181832,-2.961229,-31.723215,-24.619406,10.026667,-43.75876
-10.3496,-24.21351,-7.8985558,8.984652,40.26052,-47.890003,58.039604,-39.836803,-32.502693,-20.188618
56.917007,-4.043475,-38.444244,-64.53718,-3.9607453,32.288715,3.026084,-28.518219,-97.17755,35.453686
-15.95245,-67.19059,3.469656,-22.775341,80.09041,1.5226611,57.69361,0.9643118,94.25408,26.053698
-39.103565,-62.151096,26.213585,15.0741205,-0.90286475,-27.693705,43.719185,-45.348644,-34.850704,-36.531322
37.450466,9.572972,15.437259,3.2750015,0.4478901,-27.311632,-38.771,0.69856316,-23.533716,-45.875988
-16.43004,-37.337105,-34.245113,-52.708397,-24.791065,-1.5497359,-12.680905,-43.81352,-38.38523,33.037483
-5.6331115,-60.610226,-31.020123,-45.512527,7.9159555,8.206207,57.823288,-33.94816,88.16418,29.317467
-37.021305,-20.459158,9.462952,14.733541,14.239789,-14.477486,71.202644,-31.034115,-31.877201,-5.2851024
-18.387339,-32.810448,-50.476765,-13.92176,6.350966,7.368934,9.779232,-18.567436,10.364745,1.6643636
18.64173,25.045023,27.716343,25.35794,21.71702,-21.264986,-44.780254,5.764041,-6.971084,-74.4928
-14.264482,-81.91595,13.754995,-52.09409,86.30593,18.749733,46.842182,-17.660404,41.001827,25.712738
-36.762375,-21.270536,12.555835,14.881793,26.147863,-55.968018,52.809467,-37.332085,-32.105392,-18.835478
-32.086056,-88.62131,7.351211,-34.56372,23.916092,-17.488886,41.97668,-52.128403,38.5716,2.3810823
-38.7924,-71.009186,34.75491,15.2001505,-4.1948028,-40.34483,44.981533,-54.949657,-37.779034,-22.020235
-33.113743,35.367756,-51.205204,-42.13081,3.151566,26.768078,21.985233,22.421492,35.136387,-17.71222
1.5681415,12.626292,16.9422,8.429956,-6.1791067,-50.895805,-24.647812,61.531097,10.698969,-70.78913
10.109601,69.91785,0.19588399,-42.97112,-6.950959,-71.992355,-54.45511,25.450863,2.0833404,-68.8538
-39.928524,-29.927109,25.499464,-17.018518,0.8916189,-30.095495,31.547304,-0.35870466,-39.080624,16.879478
16.169466,-63.467354,12.1943655,-24.632793,63.345604,12.879503,47.611343,3.4551547,61.625664,49.87695
-27.797184,-51.339214,-57.514584,-43.59375,-4.2580523,-22.899654,-53.5215,5.454783,-46.62241,22.681517
-45.61414,-35.063427,10.699412,27.221437,21.893587,-28.01905,65.02052,-74.106636,5.7392893,-47.838776
-25.434748,-36.8149,-11.874913,6.0296164,-2.380313,-71.80471,61.012283,-14.039001,-3.7527955,-23.063719
-26.16462,-58.380062,-10.017613,-9.472985,55.808075,21.601145,60.872353,19.590656,34.788757,-21.979527
46.067055,18.159744,4.5114665,-41.273643,3.034406,-17.254019,-31.561535,12.471152,-12.609543,-84.06968
12.653439,26.844881,3.747767,7.5946884,-31.963331,-34.359226,-5.1268835,-11.232105,-34.664524,-25.516092
-46.055458,-93.17371,3.939417,-48.5344,29.16997,-10.423658,49.928764,-12.978589,53.16541,-2.7947433
-66.16422,-10.421217,-38.73291,-50.29593,-39.981064,21.255812,-33.98813,-9.236915,-44.474117,-8.802034
-5.210718,26.089571,42.702877,29.282457,-18.933727,-45.596416,-52.059616,66.579575,-2.1501217,-92.84413
-26.064886,-29.318436,0.72102106,33.824245,22.45038,-27.609568,58.359196,-62.936348,-22.148788,-61.09162
26.532202,-9.960536,-55.96196,-52.172462,9.026368,-47.520706,32.26507,-30.317377,-67.188324,6.4760456
-54.72226,12.936562,-38.20726,-26.694607,-19.699404,61.215443,46.504017,-13.591527,57.030605,-39.60886
4.683806,27.08082,38.34917,6.6265697,-17.976988,-39.75393,-26.216215,17.105137,2.6840465,-68.561386
41.30608,4.776756,28.454819,16.635328,19.444101,-37.109432,-28.326176,30.87843,10.787113,-62.37753
20.05775,13.247643,-4.331883,6.411457,-22.732643,-39.82888,-58.380062,15.00066,2.3346472,-31.345129
-17.437193,-88.812485,-0.9818306,-48.666172,13.018691,-35.00592,22.943066,-20.931192,21.990997,-5.9719186
-47.01261,-22.643665,-41.404324,2.1807256,2.3201869,59.075634,44.780487,-28.257532,56.210342,-18.252468
18.813847,-74.5795,-5.803016,-36.450874,28.941046,0.5182911,38.382095,-6.2742367,73.870445,37.68791
32.615463,3.119079,13.090406,19.427856,-2.0440986,-45.437347,-63.963146,26.737932,9.560212,-37.916332
-13.286962,2.5891664,-7.4947257,-38.23518,-31.469454,-82.46095,2.4153783,23.045502,-9.564047,-16.116823
4.3183484,-23.535847,-30.639929,-57.45391,-22.787018,-53.784916,-16.637657,11.258518,-42.126778,48.737537
-24.592136,-61.50371,-29.17125,-23.538586,23.809784,-9.286585,42.5813,-16.79412,69.139046,-15.1428175
-64.35435,-28.195047,-9.835398,-14.799318,-15.01933,17.478682,61.514362,6.4169064,-3.1732647,-13.321302
4.810856,-64.87372,7.593671,-31.152655,54.000507,5.0024104,41.642376,-56.971478,67.64363,9.369847
-48.421303,22.327467,-45.41196,-19.958824,-14.428116,48.625095,76.67846,-11.354777,38.620525,-60.734043
19.21398,-23.84014,-43.674946,-69.2968,-11.500591,1.5107237,11.591784,33.65715,-71.4876,27.836027
-52.290203,-20.090862,-47.034843,-18.057268,2.8837168,-16.818947,-0.792785,0.6068043,35.267,-23.14255
-4.2423205,-91.48716,26.234613,-41.471397,36.265514,16.72632,81.7454,-45.491684,63.662537,17.050465
-21.012735,9.32894,2.7130613,11.016575,4.017721,-31.531588,19.032299,-20.423033,-52.162804,-28.322123
-53.388893,-32.68382,0.84921145,34.017235,12.27769,-33.65623,49.850178,-22.137808,-39.02021,-38.433506
-23.255861,-30.001593,-20.952335,-30.583584,-9.09358,-11.74303,-1.1175406,-50.660755,-69.5476,28.633278
-44.853603,-55.5525,-8.465902,-62.063354,32.141445,0.860252,36.832596,-36.479668,105.247444,24.241837
26.323116,37.312653,4.323032,-13.6851015,8.118654,-2.343592,-6.4980917,-38.28768,10.967877,-41.907284
-6.0920506,-14.057059,5.8124547,11.953784,-47.357185,-57.693928,53.264706,-9.308688,-33.56048,2.0568388
1.8201098,-3.8164558,40.085445,13.555222,7.5692897,-23.472332,-40.88309,-20.0927,-15.024828,-68.35201
-11.799036,-8.844858,-39.251408,-53.800835,47.814865,18.697115,32.925568,11.244779,48.355583,3.8740385
-63.123398,-26.760288,-24.128263,-1.0316448,-5.8815365,62.58911,34.633156,12.304021,42.36308,-25.864975
8.022556,3.884356,16.32632,47.407104,-13.652526,-54.21586,-25.51067,8.948869,1.4487902,-43.808754
68.19795,11.539648,-29.56995,-72.872475,-48.327114,6.2308846,12.990964,-2.3632457,-27.236921,69.53907
-17.645622,-40.78304,-17.898392,-32.93492,25.892647,-23.02014,54.39261,-71.38112,91.46756,29.571587
20.036747,1.2056971,2.6282864,9.462101,6.186121,-32.732246,7.550262,-52.91281,1.1842676,-67.732315
8.083147,22.724342,10.481227,9.930057,-31.139185,-65.865486,-46.9558,-31.797388,-13.675326,-79.20818
-45.50934,-71.11057,18.445757,-16.135635,29.318262,-92.788246,64.63426,3.5613484,-15.710756,-26.877338
-48.820724,-21.927053,-3.7728932,13.907974,21.277626,-42.000942,50.349533,-30.749239,-1.6973063,-26.465883
-12.7783375,-57.8014,-10.445875,-19.154625,42.174717,-1.193481,35.197605,4.923153,54.813526,34.345654
-15.776167,12.752232,-52.250557,-93.23223,-0.2299781,-24.483604,13.107693,-1.8555408,-66.27671,-6.759526
-50.467922,17.261541,-52.898087,-58.352764,14.148854,55.405178,43.72974,5.983265,53.205936,-61.506104
-19.982494,-46.511364,-30.267826,-32.23354,0.98471963,-9.621012,-25.692703,-52.547424,-52.248795,7.9811287
16.865953,16.977198,3.9731355,4.0254226,25.36055,-57.040947,-44.280926,22.786661,-6.3786707,-69.69524
-46.284504,-45.819057,-0.18715987,-13.896443,2.3224828,-74.71077,6.4657555,-35.270924,1.757152,-8.4414015
-2.948139,-11.795295,13.482471,12.930915,58.53916,-53.01222,48.880375,-50.800304,-39.307312,-21.07233
-17.044964,-13.156798,21.223608,-36.890068,-26.675024,-43.391785,21.830132,-3.7020903,-25.835758,12.061066
-9.505724,14.020104,-49.625546,-99.520805,-36.419712,-15.382962,-2.6946905,23.321783,-50.013702,47.219723
-36.037144,41.76171,-67.19697,-16.726114,-8.190751,72.922874,31.57894,-40.702198,42.846836,-4.583951
-59.976105,4.886773,-58.89382,-35.648586,8.909853,75.523285,53.260883,-6.036862,43.281727,-53.60059
-38.565163,-27.528114,-21.140755,-36.704124,-5.648353,-14.904757,18.363403,24.275393,-46.199093,27.481262
-48.1394,28.481209,-48.46968,-56.23963,13.23885,56.21543,31.834179,8.158157,47.08169,-28.28822
-12.074623,-14.855974,9.488143,-8.242638,43.439297,-42.55553,43.788902,-45.947666,-24.657606,-21.206982
-42.998493,-46.997517,30.95556,-1.9130908,4.398595,-69.26593,34.39598,-36.83558,-54.562767,-16.172611
-42.901634,2.4089186,19.5787,30.75278,16.466194,-57.58024,52.804047,-13.323557,-54.35089,-9.624605
-48.725224,22.306868,-54.323345,-27.02819,-8.515105,26.070242,37.778355,-8.683677,40.60391,-46.17595
-22.6021,-71.59381,-12.419005,-23.07968,40.022915,15.672531,60.088203,-31.796995,65.8893,-16.076809
-28.470507,-66.69914,-8.455857,-7.7031827,-4.0798883,-76.149414,81.90792,-36.726055,-22.070702,-21.588217
-39.224346,19.339014,-61.243958,-52.05836,-23.446716,43.287914,26.19418,-18.447058,13.303136,-27.208258
-22.507957,-22.232355,33.66643,0.4758402,-5.94793,-68.986984,7.473034,9.793958,-31.40236,-3.2659698
30.072172,1.1114411,-34.62205,-43.80834,-14.793356,-38.25028,27.934961,-24.606167,-64.50224,53.94447
3.1852891,-71.54814,9.688241,-12.799947,7.7818527,26.708399,49.890053,-43.61705,83.13955,8.6184635
-26.332834,-62.493965,16.653711,-17.216267,44.15052,7.28241,74.168884,-11.799392,47.791553,-27.76834
-25.186134,-22.737705,-23.124386,-6.13989,8.833558,-6.5612693,30.891481,-12.937841,32.565193,6.9366636
-46.869305,-65.799286,16.6238,-18.788515,8.610461,-47.372677,86.752594,-21.107635,-16.374641,-26.608051
7.9878964,31.256857,18.38545,3.137477,-17.016514,-71.80964,-54.792686,-32.032436,-24.89374,-74.49369
14.007752,3.9198127,-17.349802,-6.837428,2.1199453,-38.08404,-0.5694257,10.960933,-34.4016,-58.924442
-48.215958,13.467742,-52.260555,-46.840797,-13.755721,36.677612,30.392935,-27.81224,27.161598,-9.007557
-34.694397,-58.18442,-23.769247,13.836563,-32.63981,-36.90021,67.60734,-0.678523,-26.569828,-6.0225053
-55.832912,-7.337841,-37.816998,-40.84473,33.30723,26.49616,54.07218,15.256756,25.297867,-24.566166
-39.594193,-23.306633,16.82845,-9.120274,38.971416,-63.447426,39.122807,-32.2674,-18.395168,-9.023723
-2.6951213,-64.73183,-19.565647,-59.313282,14.728334,-36.305084,26.658342,-38.894665,-14.641875,16.529692
4.158708,-6.096721,-65.91846,-31.587652,12.301822,-4.224465,-1.0406522,-40.720695,-33.52348,21.817095
-8.539014,5.411582,5.1653285,2.2374654,36.048176,-54.564636,14.504158,-49.608994,-33.79521,-11.654921
35.064663,-15.427901,-110.14438,-69.46023,6.2468767,-22.688803,-47.88804,-31.095037,-39.199642,32.256542
-38.401134,3.8577971,-33.472244,-64.8827,17.853004,61.57313,18.314926,12.236211,60.159355,-57.668953
7.449995,18.36388,4.8581414,13.432998,-0.06475837,-19.35373,-32.94482,-4.890319,-14.977903,-36.08436
-46.422447,22.863785,-58.661964,-43.450943,23.550686,74.8431,53.246754,-9.353891,47.797466,-56.257793
-79.348206,-23.142488,-45.63095,-9.547863,-7.019456,16.15754,-53.008114,-20.244192,-30.307568,-16.994612
-40.609383,-99.593666,7.873271,-54.422188,37.79018,-9.833203,47.911083,-39.397255,72.614265,5.476475
-22.100487,-33.66065,-13.910782,-37.938293,-9.6001425,-29.554401,-3.305913,-44.626427,-28.648748,21.527077
-40.186596,-52.639908,27.049091,3.0981112,23.893198,-41.65515,24.126158,-42.676422,-26.721699,-6.0332355
39.718987,-31.041582,-33.320244,-73.41304,-29.199219,-22.296648,-3.2716157,19.638802,-25.120499,42.798145
-40.077274,-27.530478,-60.569534,-12.877043,-11.58854,-29.29103,-60.334793,-6.8760605,-59.39673,28.399843
-16.723751,-50.379917,3.3932137,-17.759573,8.428441,-53.973648,97.07304,-7.895178,-20.15876,-29.690723
-24.51,-42.178528,-40.372257,-57.356976,-8.133823,-17.27578,1.1856759,-33.56038,-49.07243,-19.79253
50.476166,14.531117,-50.922153,-77.82032,-26.006664,9.299235,64.77721,3.1038048,-57.70306,41.785797
-24.328726,-46.2937,-8.667517,-13.756452,46.775066,12.088467,40.99357,-43.600708,64.93389,33.999004
-11.25839,-51.760612,-18.446314,-30.129099,49.160122,0.5860485,37.770813,-23.62955,60.062405,-3.842072
-26.901047,-15.768406,-40.8154,-59.775146,11.523161,40.772022,56.295067,-30.941011,59.760017,-31.748753
-11.896386,11.323984,-6.77352,-5.2366724,8.167914,25.740078,7.0039587,-13.012484,49.856594,-55.889347
-41.736633,-67.90313,-18.93491,0.48278308,3.335731,-101.74784,56.961494,6.589858,-10.422911,-11.097282
-2.704254,-21.623991,3.2578459,-5.9800367,-10.307937,-78.05357,26.190847,-63.370483,-45.39014,-34.005413
-8.3386545,-8.965204,-38.170704,-3.6814044,-7.8131194,-79.344185,17.54988,9.487915,-2.6372025,-14.18902
-37.3905,16.202328,-20.718372,7.7168064,13.223692,30.64836,51.48325,-75.90735,31.869768,-20.068874
23.151924,24.558186,37.02581,-7.309584,28.95376,-19.647451,-1.2272108,-1.1074054,-3.947412,-79.73542
-56.831425,-56.96525,18.124912,0.2816398,7.13053,-34.740665,64.48956,-26.415836,-33.881397,-31.01023
-9.066398,21.287256,-13.024121,-17.104422,10.419733,10.277579,13.545727,-55.93071,36.825138,-48.7226
-46.458534,-31.297049,24.366611,23.206316,10.601402,-33.45447,32.260708,-40.44118,-55.407967,-26.818562
-15.214704,-52.137684,7.4276648,-18.257622,61.21107,-19.266783,62.875664,-74.35236,60.06966,15.459315
-54.555466,8.034828,-19.74515,4.4803634,-21.357254,44.586136,51.249416,-31.171247,36.60377,-22.888945
15.109847,-16.920269,1.2944322,13.881203,18.278242,-55.425964,-7.4835424,-36.132515,-29.401556,-17.241678
-35.475334,27.503971,27.637627,10.780119,-39.238758,-48.592346,-29.647469,40.656967,-23.200762,-80.78677
14.96539,-25.790743,-28.758163,-45.14279,30.43618,21.28969,39.145935,-28.567608,-13.760772,35.3168
-5.6993966,-10.913516,14.986681,1.0519673,54.03606,-48.997147,32.966022,-61.979385,-38.060696,-17.002033
-49.224113,3.5861602,-54.283844,-25.591328,7.459202,68.710045,55.95963,6.485991,23.17971,-68.32653
23.629065,3.8173761,-32.870613,-66.31332,0.62905365,38.320324,-1.111227,-31.726843,-90.7976,33.91905
-27.07682,31.293173,-57.774506,-43.74344,3.6330018,31.94827,20.988672,17.931469,47.682945,-31.94592
-32.944683,-52.315933,22.023434,-7.784977,-5.6167545,-46.68083,38.0356,-44.59209,-43.752205,1.4673207
17.591274,4.1098475,4.5303626,-15.497011,30.00273,-47.608658,-33.771748,30.507456,-24.819298,-69.251976
14.262417,9.113914,39.25571,4.8619637,23.200193,-33.59473,0.06421101,27.697668,4.242081,-63.0084
5.0530286,3.2340145,40.341038,14.147056,-9.43545,-67.38087,-44.638184,-8.992147,27.45096,-35.232124
-42.226933,11.828109,-55.9031,-25.642853,-3.490359,-7.998948,-16.886646,-8.964694,0.59160066,-6.872268
-42.24332,-48.27598,11.091606,-2.1802275,59.021618,-16.593899,61.476807,-29.658716,79.052315,10.819602
8.357074,47.905167,6.3903265,-26.542109,-43.748886,-65.02647,-64.26355,16.165197,-15.749626,-22.394976
4.9070134,-37.183712,-14.966549,-22.39143,49.971786,13.220187,65.90124,-45.944286,22.965952,30.627878
18.664612,-27.435171,7.7758617,-10.497702,6.5972643,37.74665,66.55928,-11.434259,29.59037,-34.332623
-39.995285,20.122688,-70.79583,-35.6941,1.5462942,57.33837,24.530119,23.417692,57.664623,-47.36773
-35.36911,-39.91769,-33.739002,-19.010914,1.3168461,-0.24222139,-4.912312,-27.660925,10.585602,38.22274
-22.739983,-43.74081,-24.158415,-42.637135,-31.407616,9.605683,16.894342,25.872608,-52.41101,2.8329546
-39.211002,-19.259855,21.178137,-12.091993,27.621754,-52.664528,20.872755,-16.960476,-17.535843,-13.605938
-52.133743,11.058882,-35.122013,-31.947598,-16.804302,80.43979,48.772957,13.224753,74.00142,-44.225216
0.15685719,-90.59112,-19.318995,-26.005552,52.205975,1.8024043,42.836044,-58.7066,51.420876,-3.007649
-31.175179,2.4992766,-15.22299,-17.238733,-26.963066,18.861336,11.955013,26.176908,-55.268578,27.333076
-21.220734,-16.11079,-65.36423,-49.768265,7.5466404,-5.05942,-3.4156187,-5.346161,-8.2418785,8.741766
-34.2961,-56.337467,24.747133,-20.106775,-11.874712,-31.983435,42.613464,-30.589512,-41.208736,15.052608
8.5927305,-24.757214,-41.6809,-19.67388,-16.991922,-54.827698,-6.633668,-25.836988,-65.31614,26.725468
-55.862995,-17.14823,-35.188694,-7.490449,-0.18690306,20.101593,63.842346,11.763612,62.21249,-54.564716
-30.78029,35.358013,-89.12441,-33.646378,-18.304104,54.87292,11.644104,20.488039,64.81133,-30.820877
9.496911,-64.490654,-7.3924303,-30.234755,22.002302,13.968885,34.026768,-39.55199,86.753975,2.3859298
-42.718605,1.8863482,-43.6615,-9.168701,-1.7689002,56.971024,56.279686,1.1299962,14.317798,-65.86606
-15.16101,-38.35436,-9.448992,-12.797756,-7.9659057,-78.53799,54.16595,-51.96199,-20.850702,-17.052502
46.94284,-3.3493237,39.32846,-32.783627,-17.511591,3.5379887,-34.822495,-10.375284,-2.32593,-70.73004
2.6143265,5.5532913,-9.898553,9.053354,-24.92485,-29.421707,-33.036438,20.236736,8.258137,-35.059814
3.7135394,18.577969,2.6181364,-37.996883,-1.9581047,8.566094,18.94138,18.096281,41.10846,-52.002804
-50.940907,25.634306,-62.97338,-39.706295,16.161144,54.121082,49.20183,27.864277,49.38948,-63.724163
-46.23539,0.8633134,-2.7572932,-38.90486,14.18205,30.494553,20.212667,15.034353,60.909084,-30.237576
26.120163,-27.206345,-29.165047,-43.28194,15.679351,12.45975,16.47125,-29.087446,-38.220554,19.322426
2.222989,-13.6163,20.685768,-13.893114,-22.62781,-25.2984,2.6153684,12.516806,26.698807,-48.299168
-30.633669,-37.434696,-23.625044,-26.904873,40.045193,5.2238584,58.66777,-33.183693,64.99628,-7.2328653
-5.682927,11.703666,28.371857,15.8588915,16.485992,-27.009706,-20.563734,-43.491974,-32.37513,-67.071304
-3.0803866,-65.6761,4.1752057,-34.749817,78.27286,14.242256,37.234108,6.0720873,73.16808,29.55713
18.937744,21.860626,-60.01294,-41.480034,-3.7502596,-1.2018033,30.30608,-16.970129,-62.270817,27.630959
33.92145,-15.769174,21.72318,-12.034524,2.2485907,-29.514935,-30.314932,-0.67000943,7.712116,-75.4143
-11.40466,-33.454227,-6.918723,-36.38604,-37.021408,19.534323,21.018204,-9.222301,29.537954,20.39368
-45.479767,-19.187895,6.003156,-7.2173266,18.15572,-26.04964,46.042343,-60.961014,5.592149,-12.235603
46.664032,9.802853,-93.77361,-47.17803,-13.879925,-24.243784,-6.3247595,-4.442881,-54.799137,41.243164
22.827091,2.4348607,54.1152,-11.855541,13.081075,-28.846077,-3.2872195,9.842309,-6.1768937,-56.31796
-11.96368,-36.380516,-45.61071,-35.34098,5.9989176,0.16524434,-38.09437,-31.084526,-91.46791,20.844551
-36.598495,-21.308764,50.274487,4.017104,25.158104,-65.398026,73.0902,-17.23904,-24.765078,-4.8566194
62.477543,23.058693,-32.493736,-45.297035,-3.0108056,16.097378,34.182343,-43.253876,-51.22933,54.3737
-28.642271,26.76021,-65.37902,-23.69552,17.987322,51.033665,37.559452,22.593752,37.970207,-50.63404
-22.172071,-46.352432,-29.328411,-74.22823,-38.342438,-19.748716,-29.803469,39.78705,-8.455238,28.038597
-38.279476,29.888718,-49.83998,-43.527702,-28.224104,70.624176,30.84071,11.989769,75.73342,-32.159542
11.347879,-7.1948795,12.3683195,11.777659,-7.1115017,-27.793163,-35.279606,8.515929,3.2155464,-68.838036
-32.220562,10.355955,-59.171234,-45.9895,3.1372511,46.269257,40.27313,14.205222,56.758076,-69.78289
-15.014359,-35.633324,-24.12629,-12.068121,10.898704,-42.41063,-32.960815,-33.84668,-52.846478,5.2273808
-36.71129,40.140766,-78.28626,-43.4096,2.9524777,65.9576,15.336094,17.2995,57.045807,-41.27542
36.65844,8.856102,-11.995967,15.126933,-10.157773,-48.75364,-59.18908,22.606329,-5.4140334,-32.6187
-63.618458,-12.428281,-16.947569,5.4675508,2.9983883,68.846054,33.372433,6.05164,52.050068,-33.579243
-42.077923,-11.202572,-52.304672,-26.150793,-11.558213,-17.837517,-29.840536,-2.5139017,-47.579426,19.375357
2.840733,16.73692,-33.320183,-73.40003,-4.059795,-10.384501,24.85687,-6.9185963,-47.169582,6.8390884
5.3167534,6.161514,20.772757,-26.63269,-18.124659,-28.489985,-11.480743,3.1920097,-5.1637197,-103.91084
-31.103664,-37.655857,-11.288134,-10.111316,-8.699459,-97.09928,68.68058,15.844945,-20.711779,-18.625124
-61.700607,-2.0295815,-38.242447,-31.201477,19.495779,89.58859,47.412056,4.0664005,63.777493,-51.406776
-15.208716,-44.75222,-20.074924,-26.16839,0.679998,-45.00163,-5.641061,9.154314,-35.264263,43.0853
10.271077,39.94603,-16.745506,-17.557653,1.4375155,19.873451,7.309363,-34.34139,39.76006,-28.9195
-24.315132,-33.90288,-23.674324,-41.212265,-0.68453276,46.09817,24.059515,42.3937,-25.546694,-11.700333
-7.97685,-49.771004,-8.906944,-31.307556,-40.62324,-5.433968,4.711175,-9.669787,22.677113,34.265232
-27.998865,-28.82994,-26.319849,-23.693274,15.85515,50.278263,76.270386,-47.605392,59.68099,-16.037214
5.7699947,-62.835384,36.272907,-52.425774,64.7773,5.8091207,25.500286,-42.642174,40.5175,8.4223795
-27.47549,-33.695503,-50.387302,-28.367218,42.42171,31.406416,14.04753,-50.497528,32.898598,1.6548388
21.798996,7.010075,14.1446295,-10.1360855,-16.588669,-39.958378,-17.847057,37.39856,-9.563113,-88.573494
-16.921993,-7.9107428,-53.48275,-45.169548,9.4138565,-5.197285,-8.88367,-16.74923,-59.358788,8.099848
-21.388485,-31.51938,20.25251,-0.6002323,-16.621164,-32.83765,10.179125,-4.6570106,-54.242012,-32.64836
27.151134,-71.66888,-44.274548,-27.491375,0.73339814,-54.61055,26.358786,11.5286255,-43.890503,1.3792164
0.12367821,29.152897,50.694317,5.3248262,-2.9334197,-61.250557,-37.83522,-31.499945,21.566359,-44.898098
22.008516,8.918151,2.962545,13.361817,-5.630946,-30.791811,-86.32148,16.566975,-10.791782,-30.97452
19.673288,32.211388,44.884083,3.6309972,4.480394,-3.0082898,-35.809647,11.616116,-1.7597214,-69.99642
16.579355,11.100253,22.586998,-29.072083,25.944788,-37.466686,-37.67159,4.913989,-5.372422,-76.19648
-15.541034,-32.553368,-32.074345,-15.561256,-18.78555,-5.265353,7.577039,-5.73929,-8.354938,24.572989
-17.913223,-85.21817,-1.0604664,-83.23874,48.82717,-19.1509,11.893009,-40.170746,80.19543,7.852104
-8.528786,-10.123898,-14.703191,-49.856785,-49.80768,-23.494125,-17.895096,-39.4888,-25.916897,9.49864
16.749563,1.350285,-9.553322,5.3827453,12.8194895,-37.97201,-28.378567,2.3112628,-15.699029,-67.37634
9.738233,-30.71778,-32.91185,-25.362059,26.974724,12.203684,48.52535,-24.099182,10.704665,37.390438
5.52442,20.235586,-42.75573,-89.00307,-7.355496,-7.900658,27.156654,-16.908768,-75.07109,13.899783
30.084187,-3.7918231,38.832317,-23.278212,-16.19635,-22.172466,-27.324297,-10.909916,10.132408,-73.746284
-31.97569,-37.25093,-31.309801,17.965845,-3.2614214,-49.237217,76.99981,3.6656094,-17.272161,-16.12925
-24.726439,-13.596586,11.015796,21.450077,46.954834,-40.885056,78.36936,-62.3923,-45.21394,-21.707762
-3.431247,-45.714394,-26.960543,-51.488857,57.9826,-12.329692,22.686073,-25.86417,89.088326,22.204857
-22.435873,34.94401,15.3405695,-43.393063,5.3440742,-69.47949,-58.89513,-17.30718,-19.397354,-50.32415
17.918613,-50.037346,8.550093,-59.102318,3.8386815,-8.176136,55.207493,-1.9299005,19.621271,31.90768
-1.2748716,6.183003,-16.750036,-8.454048,-30.297539,-78.05883,18.619024,-26.21398,-45.739597,-32.327816
-71.16733,-25.078762,-7.960596,-12.277731,27.941555,-36.48992,76.661934,-22.079285,-50.393333,-29.923346
-2.5106936,4.2119737,-40.47359,-92.37097,0.8724912,25.490904,-5.5323677,11.50628,-113.645775,30.5676
-12.981171,-31.887999,-53.862057,-44.084927,10.492476,-0.12079475,12.527342,-31.656012,15.8849125,-11.368355
-31.812447,-69.284454,3.4341264,13.737016,-6.8114767,-46.008923,65.390236,-34.102005,-18.999903,-32.998642
-36.473145,24.23861,-50.81242,-56.084763,-12.641395,48.447647,52.86652,-19.922546,48.17382,-36.250767
-18.864378,42.754505,-62.19057,-28.476849,-4.1377354,18.501291,-3.2287257,15.144657,49.693,-21.60448
-16.733742,-77.602776,-5.656693,-30.598284,39.816803,-17.497532,38.03227,-6.133611,42.05458,7.7442007
12.716425,36.94062,1.270197,-30.185574,-33.824333,-38.289253,-37.42764,-12.817932,-38.709457,-79.24282
10.368277,-46.901196,20.713879,-22.573023,65.14239,13.52767,41.872375,9.800824,67.49796,41.477295
-50.80596,-39.02519,4.970067,26.579945,20.204142,-35.32096,67.30246,-32.16775,-38.71939,-48.093918
-34.152473,24.942516,-73.596924,-25.688818,11.853828,41.27771,33.263885,8.652979,44.116795,-59.400585
-22.86826,-13.645295,-12.887572,-7.2930756,16.754587,-24.44211,49.720528,-23.67392,-45.12565,2.1365933
-10.749687,6.582187,-9.374973,29.878433,24.520763,-42.581123,49.584133,-38.47343,-18.383783,-62.434895
28.227291,17.572912,-3.7086844,14.905362,-18.890324,-44.217026,-55.980797,12.777324,-6.4639807,-29.454473
-41.790165,-27.125751,-17.202349,-53.20868,10.269634,31.589731,14.993116,13.768742,68.622025,-27.386992
29.228254,-89.74233,14.708953,-11.132377,-4.332574,30.248692,30.64737,-39.564533,77.85844,35.80431
-44.158142,-57.13971,17.76425,-10.4858465,9.801116,-46.16964,63.723053,-21.991396,-42.387466,-30.486994
9.194464,0.34059817,51.972176,22.537546,11.979118,-53.973324,-7.0266294,5.6902103,15.331503,-69.25572
-30.129353,-41.164654,-26.35533,-37.412548,21.503778,21.771675,53.59658,3.0410728,52.268192,-27.252028
-59.875042,-21.26877,40.77887,12.476823,16.291681,-28.899956,53.52199,-21.032978,-24.383108,-10.86033
-39.65312,-13.986679,11.360146,15.912347,26.9875,-9.856944,67.435936,-31.558813,-28.359787,-13.898909
-41.28354,-1.1254543,-21.14157,-42.069206,-31.251396,42.99922,44.564594,-22.489023,20.270601,-27.548412
16.866556,20.546988,53.900604,1.8689646,32.419598,-23.1089,-17.103056,1.8752648,-5.5632663,-71.562614
-49.93157,-76.8721,-0.9389548,-48.59135,49.53634,1.6626838,10.533532,-46.38546,38.65607,-9.175552
3.349739,49.880272,1.087575,-19.101997,-2.274755,42.638184,4.901228,-27.841549,36.223507,-22.984648
-17.544144,-13.584123,-64.05055,-38.79759,10.77894,-19.189238,-14.188217,0.5912518,-66.32872,42.494442
26.367928,-65.02851,-27.916279,-44.35863,57.05478,-4.4568624,17.795359,-16.455046,78.47321,33.624493
-9.739512,-20.832115,-33.77876,1.4214824,20.378345,26.791052,8.140621,7.7219677,79.41405,7.0556707
5.349603,17.425875,-51.227695,-91.67644,-26.300896,-23.183828,5.951736,7.6147346,-69.55847,25.46992
-38.251766,46.24091,-76.706985,-41.316277,7.063131,55.499428,28.323261,6.226415,53.783955,-33.06969
-9.202351,-43.811672,-2.743935,-14.628697,46.813454,-44.556396,54.505066,-41.929768,51.62786,-2.9669244
-9.525421,-55.127945,-10.222397,-43.449467,20.497854,-15.9687,67.80239,-36.589542,13.0146675,23.911352
10.221553,11.029927,-4.7488728,0.94318926,24.198063,-55.373455,-69.40192,33.866592,-36.43802,-40.41767
24.617847,4.91512,-0.5903531,7.236204,41.917503,-39.573265,18.540071,17.808485,14.2125025,-36.271416
-18.954067,45.475567,-29.645853,-26.145987,-17.237171,28.640265,4.3643804,2.5433962,36.784904,-59.827778
-37.237915,-7.537111,-4.7888026,-93.92185,-3.0134006,-10.746253,-21.950068,15.499845,-51.001846,10.122252
27.558487,7.1256733,4.5484977,18.933784,3.0771105,-38.92051,-56.04888,29.327633,-0.01749511,-29.239056
-51.9111,-7.689528,-29.498846,26.313152,6.3571334,-28.34637,67.86013,-2.149549,-32.876736,-34.151817
15.470111,32.738613,-29.589912,14.862426,-14.642119,-72.645256,1.9472963,40.90789,-37.06611,-1.8583884
9.723593,-67.89563,0.28433716,-15.295261,39.6445,3.164425,46.526684,-55.232304,50.283245,5.784726
-39.416397,-45.474,-36.447002,-41.95265,18.715017,12.865558,42.979164,-6.3435965,47.709473,-49.15434
-48.950176,-25.869858,-22.67456,-36.22979,24.20738,54.535667,50.101696,1.7452093,48.521603,-31.141998
-22.732922,-6.8750944,4.5936794,-49.340157,-27.170137,-81.35955,26.68619,17.082737,-28.595388,4.663746
43.28672,5.8477945,7.5849247,-41.826767,-15.490115,-10.161006,-37.93229,-4.7994585,1.0032159,-77.41542
-36.348347,-60.182728,-14.802438,-23.632307,80.90555,-5.4668794,43.713367,-17.345669,73.21876,12.206407
-22.074488,2.8526947,-42.206196,-76.622795,-6.2839336,-24.31887,29.351715,-1.9344648,-62.30977,-13.484788
5.2111506,3.7335515,2.214888,27.081295,-30.547735,-63.565437,-14.884137,-32.344425,-1.877204,-43.82406
-39.24841,-46.446297,24.852306,-17.766874,8.637616,-61.27638,45.344467,-16.50186,-27.404968,4.3659306
12.998339,-58.97141,-26.317404,-26.54053,9.31202,-3.5180526,15.432124,-40.134483,-26.179995,14.193411
-40.8144,13.292112,-38.25461,-51.640366,22.795923,39.19807,48.33402,12.061032,24.639063,-49.738132
-43.30917,-5.839388,-9.304002,14.390911,19.813747,-57.205536,79.92551,-46.524025,-17.778784,-35.151287
-48.60495,-5.5344133,-12.320073,22.135042,29.36314,-46.18473,83.024864,-47.481926,-8.58691,-39.860428
-36.49498,16.603449,-49.71135,-55.187782,-18.50158,56.907093,50.373432,0.70059675,41.527664,-54.76775
-34.047066,-43.527897,-13.1913395,-15.633026,55.410847,11.38866,62.80879,-40.034008,56.20646,13.282346
-24.447838,23.299395,-56.064014,-33.650978,20.624872,54.04023,58.202923,-1.1080611,26.153276,-54.827587
5.407117,-40.63412,6.7649374,2.123293,59.365562,-21.121244,70.977394,-22.14246,45.853382,15.690143
-4.7960205,-90.11002,0.9623481,-30.45398,42.352257,-17.908434,41.020172,-12.706117,44.070385,36.041557
-31.049803,0.7246476,3.136839,-13.472014,5.2387214,-13.954484,3.175478,-20.928667,-3.3990278,-12.184399
-9.924752,-41.29309,-7.346097,-10.207974,19.442835,-28.679157,53.513298,-37.70515,-38.420692,-41.370094
-33.58102,-61.15993,-11.465117,-31.878654,50.030785,-20.941555,61.126774,-38.066082,64.35395,28.67086
-18.722834,-46.187737,-40.591373,-49.184853,22.764818,12.543212,35.4617,-28.381805,56.930843,-50.98269
-24.322021,-27.873608,-32.530968,-41.985893,56.81915,17.647408,49.660244,3.8734138,46.291645,-1.2319908
-43.44223,-61.524845,-21.036924,-19.305353,59.910004,14.604885,40.704494,-21.577509,111.33615,36.4894
6.332946,31.860636,24.91705,-18.67966,-11.447928,-42.213196,-52.133286,-25.638931,7.911117,-57.41414
14.896988,11.164877,22.027046,-28.00731,-8.861626,-32.712643,-9.540281,-13.648789,0.5721661,-79.64959
32.440823,19.11048,14.34538,-10.846136,29.404333,-40.480865,-39.91855,22.922804,-0.13160609,-67.32004
-36.239464,50.82127,-77.296776,-43.22494,3.2515228,54.13577,19.324017,5.393957,38.591625,-22.90254
-46.548252,15.195656,-29.468973,-30.111423,-9.889902,29.700075,33.346832,-36.99787,26.754562,-12.691558
-50.524696,8.347955,-74.44103,-18.650606,8.802603,73.84952,64.5689,-8.769794,20.244375,-62.011524
18.594206,-14.353877,-88.17267,-49.86363,-14.480281,-39.122463,-6.9470367,28.303923,-53.826305,33.46095
20.121063,-60.84119,-47.387714,-16.249523,-8.147216,-50.74596,22.03789,31.261591,-31.768818,0.5915959
21.471651,-34.334465,18.264719,-14.541619,5.8000994,-40.69203,-21.9823,33.719994,24.768738,-41.645107
22.793282,0.002107799,18.711224,-5.131127,-16.82277,-8.816002,13.020888,-11.632185,1.3724679,-48.54832
29.714256,25.284657,23.686922,-28.99394,8.981478,-16.677418,-37.73588,5.232379,-25.295996,-88.810524
-24.713123,-32.501358,-37.201923,-36.627106,-4.590577,24.325523,36.9131,-16.55656,64.58888,-49.57203
5.3382864,-50.63804,-11.857073,-24.27203,37.197495,6.7772307,70.07523,-30.102987,30.099277,31.442585
6.926611,10.908097,16.299212,-4.0754004,36.456215,-48.428734,-32.714985,20.623549,-30.204,-59.391346
-56.060703,-19.523413,-25.607397,-19.481285,4.5337305,-13.905329,-18.17201,16.7903,0.8712765,44.700603
-55.74037,24.3466,-38.592865,-25.032063,-9.885531,78.76793,26.902565,7.334421,74.96718,-28.709259
17.35132,13.092488,-48.782482,-100.28217,4.424448,-65.476494,-47.39911,12.289588,-28.809395,8.236003
2.8536763,-0.97598255,-2.4487963,20.013561,9.315407,-40.405575,-25.073238,1.7814069,-5.146326,-57.341927
-27.642939,-36.777763,9.235889,35.739456,18.423393,-35.56496,19.406061,-34.050255,-20.742615,-53.600994
58.184807,13.726874,11.772979,-27.90107,-26.391827,-18.025608,-45.61909,-9.912182,9.027838,-52.48303
-55.57096,-7.701049,-19.772676,-3.1433113,8.190078,76.29164,33.92423,-39.20533,57.248997,-30.621477
4.934275,-30.207453,-5.731797,-34.839603,2.7490358,-44.070637,-24.5638,24.680906,-27.171911,-58.468098
-28.065596,-68.50204,-5.2765994,-20.86782,70.83525,14.253449,54.06589,10.021853,43.18911,-0.8482398
-45.634754,-11.181915,-49.271122,-8.533907,-2.4399555,-40.922253,-1.1058241,14.185493,38.60623,4.471262
-24.954128,-61.028984,12.545284,-7.0777693,17.783812,-62.992386,65.8562,-47.551186,-21.448324,-35.68671
25.573578,26.487904,22.596096,10.874969,33.742504,-30.16661,-50.03829,27.017223,-14.554226,-82.16824
-21.431181,-50.287212,2.2016296,-3.4437654,3.4755464,-80.393105,103.47132,0.44947734,0.04021707,-8.532669
-37.403763,-16.782604,-22.588257,-17.741247,19.285898,24.201124,66.69585,-15.133422,49.552967,-41.120487
26.708952,-29.096693,41.570805,-7.5201497,7.4799337,-12.72474,-20.227833,-5.421682,9.037137,-70.11553
-9.218545,-50.299488,-19.07572,-47.88498,-22.55371,-9.923542,53.376144,15.146869,-10.67701,29.117912
0.977404,-4.9001255,-51.115078,-59.95541,11.328075,29.163513,21.81078,-14.998313,76.50967,-12.806664
22.483639,29.666046,24.04262,-3.0805523,24.600372,-48.53558,-40.212868,-31.163061,-8.241198,-72.85011
-20.653074,-63.421238,-34.423763,-43.31081,39.95337,7.4201207,47.728127,-25.018436,59.52007,-15.826975
15.953403,-17.663218,-42.35782,-84.6608,-41.511723,-26.330034,-41.60061,19.493603,-18.333548,86.570564
-42.711414,-59.77498,-25.691702,13.309593,-7.201161,-46.677982,68.607704,-31.829716,-11.552281,-37.891125
-17.186115,-43.529896,-30.098562,-38.718197,37.059456,0.44544756,26.881233,6.0301075,50.812675,-18.216228
-32.387356,-9.5175495,-30.91306,-28.807472,12.753056,74.05576,36.070023,0.5784038,9.831163,-66.7186
-23.02802,-35.31376,-36.874573,-21.938198,73.30278,21.05369,35.77175,14.030538,60.00457,8.562026
16.884901,-10.851609,27.97062,-36.176838,6.6849813,-1.534332,-30.388075,19.556082,13.495968,-57.4652
8.678871,-12.075656,12.808934,22.696436,2.6689398,-35.665646,-38.57954,4.550709,3.7692094,-70.500725
-17.314144,-35.203625,-26.28872,13.91993,4.146159,-55.407665,75.92247,1.5191014,-27.561401,-25.916046
21.121675,-22.746658,4.9177575,2.3216004,-31.982635,-35.15987,-27.052639,10.052701,-9.200542,-46.573948
-14.370414,-32.010292,-43.21471,-46.967678,11.369186,18.63225,26.878466,-30.263887,54.337673,-36.80622
-32.725494,39.60852,-62.39103,-56.832073,-10.278716,60.956356,29.283474,-7.7453938,77.10016,-26.784443
-47.803997,-40.3313,-5.9078217,-19.924158,10.224475,-44.83557,53.087955,-21.589928,-36.230022,-5.442209
4.6881247,-14.594215,8.28576,-12.669637,-10.100466,-22.496784,-4.827391,-0.45241484,-10.370611,-70.66317
-10.257697,-41.01981,-6.7354,13.782583,-29.769905,-61.725533,56.878197,-9.249212,-25.439419,-29.201036
-42.109,-58.711636,-31.672764,-44.64556,-34.419937,-28.07647,-36.26247,48.794495,-35.94258,37.740444
-11.068931,-3.6109862,-11.212108,1.6065925,-17.27515,-42.89013,31.056427,6.084999,-16.24534,-33.156387
-32.3184,-38.252743,-50.31769,-54.111454,-44.125828,16.459307,-4.5681763,39.503265,-28.937332,26.961544
-17.840536,-27.3886,-31.382696,-16.771866,-50.53446,2.5703478,-41.609436,-42.808224,-15.528512,-0.673072
-11.059906,-44.15664,-44.944138,-28.52968,1.4138608,11.318513,3.4969397,11.247883,54.264923,-9.510909
-49.350002,-54.422226,-13.563911,-51.34224,-24.062784,-35.92647,-23.165045,11.325282,-18.821283,5.1424284
-45.120117,-27.349148,-28.762424,-22.22502,27.062325,16.138603,58.38052,13.204574,49.300083,-24.127886
-1.3049221,27.29153,39.7013,8.439559,35.936207,-0.9978913,65.20841,-82.6546,-7.5463057,27.359522
-29.855742,8.131816,-16.62846,-28.14151,1.563035,-13.995973,-11.319759,-25.051424,-13.794409,-5.438511
-26.048607,-1.8978004,-47.194595,-58.41474,12.665974,45.01522,56.098343,-27.725723,59.091785,-38.41053
-33.31303,5.106208,-75.59222,-28.661116,21.071283,35.91451,7.971685,14.314295,64.095695,-20.441113
-15.715803,-22.14054,-45.428986,-50.248123,-34.449055,8.747318,-34.71885,-44.697876,-67.6417,38.716576
4.242366,-6.96495,-63.097267,-61.313583,-18.8311,9.24637,30.51128,14.414106,-64.61232,13.161743
2.4286761,28.749239,-6.040669,43.060207,-37.8849,-66.154724,-52.447025,4.681984,-4.817234,-60.013756
-44.869125,-46.602943,-7.5290875,-5.5683827,2.3732746,-45.972275,74.07859,-49.199368,-6.1403675,-32.414093
-13.513776,14.473595,-21.766476,-18.86574,10.321652,-14.988332,-30.924978,-35.148083,-17.759117,-24.266033
-1.9588721,-78.823746,17.4652,-36.582767,75.66316,18.296345,33.423843,-32.87317,40.575462,24.693327
6.16946,-9.7694845,8.734609,3.5198274,-12.98012,-74.044495,14.0415535,9.014824,-10.0527725,-60.641365
-49.92986,-52.254284,-9.044617,0.5480244,-3.9458618,-56.996113,68.466156,-1.8912047,-39.490852,-8.467602
-38.77786,-75.570175,18.639849,-45.969437,74.89467,-19.343863,19.174267,-36.37007,36.820896,-14.114172
42.913116,9.7744,-31.76225,-47.94142,-11.475868,-2.2943313,14.250714,-17.40901,-97.15319,51.596478
-37.969482,-32.409454,-29.79277,-14.017508,24.969728,4.0289497,65.034515,-24.12924,53.119358,19.830162
4.9165645,-63.353638,-23.808586,-31.96576,30.419695,-26.620836,79.48996,-37.68323,69.828606,30.14576
-27.249987,-14.439416,-38.18705,-54.714573,11.385461,20.915651,67.13085,-40.74054,50.889454,-28.606653
-22.87752,-6.0690184,-27.807224,7.5817184,36.225838,-46.82908,24.499039,-23.163431,-21.53371,5.577585
-24.948162,-43.015903,-55.20303,-32.85994,-9.928572,-33.257618,-62.67472,-1.9710733,-29.913317,33.331593
-20.505625,2.7496638,-59.671555,-40.825714,39.781498,41.429333,47.28021,-12.399212,44.284405,-52.56822
-37.3943,-31.430676,-36.067287,-56.706387,-29.281855,25.359962,-32.7498,-8.835159,-39.62363,-3.9816527
-17.40466,23.172373,-3.3365846,-34.091866,-26.776688,-41.212296,-39.290535,24.794754,-52.689556,-60.11644
25.633192,23.82013,49.419224,-8.225763,14.284304,15.097715,-37.11034,-8.120347,-12.429659,-77.14779
-33.905476,22.865055,-72.06608,-31.129307,2.6245422,39.998962,25.768839,-2.568907,81.59511,-45.12811
0.11298019,-8.246625,-49.331264,-11.679474,3.1100984,-14.678382,6.8966765,-32.25636,-22.023798,20.48592
-7.4162455,-75.01042,31.409502,-41.500355,34.8063,7.901686,73.49641,-24.163431,43.413265,-6.268194
-47.255535,32.16706,-38.828846,-14.587507,-24.430725,37.99055,40.621403,-17.667646,58.599117,-37.792664
28.650509,15.3612175,-52.9415,-65.59063,-14.103991,20.510696,13.828831,10.6888895,-48.59217,37.758766
-16.55097,-3.8622155,-16.654425,11.041223,-2.3791718,-39.05222,17.411232,8.503992,-4.324779,-51.520687
-47.622105,23.829779,-49.256298,-48.47136,1.447171,56.849297,37.254177,-10.03745,82.00343,-32.81759
-0.93055534,-16.025768,-21.782503,-61.483265,-18.631523,24.024239,-7.8006854,-42.17859,-54.995014,23.693035
36.007057,-18.158087,16.252907,-20.277277,-19.539454,-15.951249,-48.15356,0.30470935,19.267136,-67.298035
-19.872097,-20.457058,9.350013,-13.138656,36.73888,-42.65698,3.5966873,-35.245148,31.707989,-6.552528
-38.28679,-82.21857,5.1019373,-43.957832,23.774445,-6.9815354,59.216496,-30.29751,43.201588,12.327727
15.889986,23.072924,1.6837951,-16.021185,17.21615,-37.114365,-23.392155,8.440404,3.0234525,-76.03709
-34.403233,-0.1593131,-44.66991,-38.294453,-0.9237247,49.135876,61.896107,-17.162941,64.06931,-57.94613
-40.617733,-13.506406,0.4827652,18.80588,24.098944,-39.91922,79.53178,-50.961117,-25.123583,-32.236233
-31.907728,39.95596,-40.630226,-19.575607,1.966311,63.044827,20.533407,-37.12449,69.507034,-15.139503
23.670254,17.417711,38.822388,-9.027828,3.2432883,8.719138,-17.918465,4.735116,11.523842,-66.387215
22.821922,-15.666788,-41.387104,-61.90172,-2.1055334,16.413103,-15.044059,-34.128082,-75.043274,7.7767706
-45.566345,-6.7837696,-30.51882,-26.702047,20.731176,84.41905,45.004585,5.9802814,27.67043,-63.38988
-51.209175,-5.273569,-46.3375,-20.072811,26.111534,28.455626,44.471478,32.81231,49.371494,-44.56304
-12.73127,6.891353,10.8237295,-0.5148031,25.301498,-72.01548,9.733876,-17.99847,-17.35062,-43.2682
-46.8717,28.017746,-42.873116,-15.877164,-34.918472,48.306496,29.877562,-2.421258,48.25093,-40.806435
-43.369286,46.123333,-49.407253,-64.937874,21.68931,66.184875,44.055546,0.48867956,35.41008,-31.809351
-48.01975,40.449127,-42.922874,-58.049683,-13.931788,74.02001,36.72623,10.32116,88.92129,-23.498344
-39.531128,-80.313774,2.9396815,-23.560686,6.118231,-94.065475,67.855,12.907041,-15.282789,-22.848494
-53.37654,-7.203254,-4.9769187,11.973608,6.237715,50.55589,58.185604,-23.894257,32.583668,-42.776474
37.24615,5.0842013,36.472813,19.041555,44.20791,-12.523738,-48.04498,28.585215,5.979164,-70.92541
-9.919101,-46.667923,-5.75111,-13.145507,9.488522,-70.65007,25.59814,-61.368324,5.4820747,-6.3720536
3.0904865,-75.490486,7.6468315,-56.16999,60.807114,11.755562,52.671314,-5.0887055,55.263138,49.707516
-31.686022,-41.97508,-1.082998,1.2540811,-0.47818735,-52.186268,58.404705,-40.903034,-44.713913,-39.328186
-65.8173,-14.257049,-22.423225,32.603752,-21.045528,14.113681,45.794083,12.995129,-22.765368,-6.4264216
29.633375,-6.534585,34.947174,18.654215,6.069181,-55.12145,-30.938549,25.895948,6.4970293,-56.703957
-23.447334,-46.59755,13.824025,10.474201,-35.66805,-52.64122,91.62758,-11.14318,-33.567154,8.451092
-23.246346,8.858222,-32.683662,-75.90439,3.7076018,40.81528,22.73342,-13.259351,-43.16355,0.3016076
23.06355,9.388175,47.57198,2.9838486,3.1229978,-46.558823,-8.985281,56.899685,-7.044487,-71.77821
21.723434,16.570871,31.685783,-38.46854,-17.826864,-26.458977,-28.65338,-17.493246,4.8258214,-90.43407
38.058002,-7.222253,43.352848,-1.2597277,12.278223,-21.109722,-39.99237,23.777182,5.630525,-71.23665
-27.967997,0.14555377,-2.3603737,-31.70042,-7.9094,37.538277,17.338404,10.146664,-11.81822,-58.223377
-28.60908,-50.27537,26.915352,-11.201269,9.368721,-32.32721,64.675804,-16.041763,-26.589273,-28.262682
31.562895,36.299496,31.810127,-16.22501,5.1035967,-16.932756,-15.168016,10.755794,-27.502768,-69.858315
-12.89072,-50.790077,-7.0578423,-9.830508,70.25808,3.395842,53.975906,-38.200653,77.4691,11.239996
-41.88114,-9.780701,-7.9074254,-65.71947,-25.402357,-42.92344,-15.459828,22.424889,-23.330257,29.85723
12.3586645,-0.19390179,-91.159134,-85.33975,13.306222,-15.371087,31.351492,-3.0159216,-41.16735,11.173384
-22.471754,-41.49595,-24.517601,-38.80647,17.166727,24.56476,90.89513,-16.830252,53.363262,-20.243393
26.582865,-37.134266,-88.78242,-41.08033,-0.90625775,-54.125957,-20.333832,14.000462,-33.757927,20.386745
2.759895,38.960583,2.577661,-16.382187,10.294201,-15.2409725,0.13843322,25.328993,7.616468,-78.48916
-35.611874,-39.825974,-33.17911,-17.937351,48.525913,2.13597,36.70443,28.95239,54.63007,5.436761
-17.149323,-21.791388,-32.086082,-7.36538,43.208282,46.287125,50.16585,22.721083,33.52106,-40.34783
-40.554672,-92.37597,15.195435,-30.295055,46.711082,-0.5841984,65.86099,-29.97047,45.346825,-10.289775
-44.14528,-43.966423,8.238248,-5.8913627,7.054228,-64.95088,69.10585,-20.211971,-26.74568,-24.913136
11.684509,-36.443314,-38.705776,-48.460114,3.5241678,-25.383005,44.92615,19.869642,-39.253094,32.226208
-8.9701605,-57.64176,-25.3431,-23.176075,7.376239,-42.497185,35.010906,-15.587136,8.034706,20.765514
-10.000828,-89.599724,23.618069,-37.02305,57.81995,6.520984,38.885174,-30.160648,55.23026,2.528845
-33.377277,-52.9478,-22.506266,-34.108734,58.34743,40.22995,2.3348188,-45.289787,19.068733,-23.22902
-22.43654,-15.307549,-0.3078637,30.169613,17.175184,-35.926884,12.760202,-21.102846,-10.815173,-46.939777
-14.224327,8.123497,13.149745,-27.389233,9.548459,-16.21,-26.172188,-12.654492,-22.321983,-18.915726
-46.969383,15.735293,-48.22102,-40.90633,7.7634735,66.31595,56.902157,6.366354,42.687077,-63.583683
-57.222797,-59.302685,15.808188,-12.901372,34.690086,-69.7968,45.95837,-35.27497,-2.6703713,-40.54578
-5.907969,-4.3388762,20.253181,-5.516865,20.399023,-77.291,7.9979935,-7.5507984,-38.609127,-40.676575
-47.98749,26.663332,-40.515774,-10.538243,-30.518724,65.8236,43.129616,10.000038,51.0834,-24.927078
-53.775097,-18.589167,1.9791819,42.210865,31.40613,-27.90891,68.31119,-36.872437,-37.30609,-48.9482
-36.973846,23.860256,-43.500706,-77.39388,5.625672,62.45033,38.664867,1.9554315,60.56647,-54.541878
-11.092361,-22.794641,-2.3409147,-11.309448,-12.682835,-75.35589,43.769814,-39.630417,-34.688152,-32.35033
-38.593777,13.214589,-54.84462,-55.369354,17.41225,44.517845,34.390175,1.950131,48.8881,-54.114727
10.047491,5.908377,36.839085,11.815795,-12.123543,-41.633644,3.0989466,21.146984,-8.468911,-57.120445
31.50916,-24.692917,43.07584,5.927541,11.069953,-19.07571,-30.342579,9.832015,8.351522,-68.77583
4.026604,16.650465,48.924007,22.3323,-9.528487,-56.850094,-33.19814,42.85318,-6.228482,-89.25409
-23.304483,-27.668867,-66.08562,-49.02028,7.3419876,-33.51531,-19.718874,-6.8850393,-0.2731165,11.362123
34.212055,19.930084,35.3284,-13.260984,22.402328,-37.643227,-16.456835,33.461445,-1.6811901,-67.05229
0.46567434,-87.241394,15.641398,-19.288382,17.78593,8.860233,36.313305,-11.782138,77.51264,-1.8809348
46.61952,7.9791665,-7.216253,-9.980109,17.46595,-34.576363,-47.32274,17.712748,-21.133589,-69.18475
-33.96399,-39.181374,7.448551,-13.511396,-17.170095,-29.754702,44.4367,-28.138079,-49.10992,22.050758
19.104675,3.7531743,-37.181362,-63.85438,-15.809077,7.8110356,29.473772,-8.916562,-61.925964,50.274624
32.02546,-16.48154,40.835598,-6.2077403,-4.0033274,3.3311086,-36.658867,1.1546295,9.150864,-67.2038
19.72002,3.6953316,-66.1678,-51.90937,-27.111515,14.631075,21.6855,3.7506657,-25.539007,5.909314
20.768648,49.50446,7.0847597,2.5030475,-24.94285,-41.39694,-46.73769,2.5670474,-19.846119,-77.42706
-2.4360878,-34.411366,-24.110365,-15.391134,36.966515,2.3996286,64.237915,-29.870258,31.54845,32.345634
-5.412535,13.350856,7.9838724,-15.575086,-45.582623,-55.028706,-49.967598,-18.186325,-30.409458,-38.85602
-31.004335,-58.801945,0.17810392,-15.654733,0.6763672,-68.92128,82.77502,-29.970762,-17.892773,-13.824307
9.831859,-46.13949,-57.32987,-42.954277,-12.133897,-35.38009,22.71969,36.873516,-69.605,26.096691
58.833027,-19.71545,21.737835,-15.648551,13.162892,31.480074,29.028913,6.484093,27.918358,3.4355867
33.219143,21.012854,-20.928522,-26.307343,-4.192128,2.2140613,-16.463299,59.75399,-21.00838,-65.520836
-31.863182,21.904156,-50.577106,-61.295364,-0.9132198,49.994694,44.96517,5.071897,61.928547,-65.13816
-22.660204,-53.605778,21.938026,-33.128242,-0.7328085,-57.29829,32.059906,-34.306847,-8.207958,13.381068
34.0876,-36.714092,10.3247595,-48.054806,9.095959,-0.6910393,50.464664,-41.563023,12.064439,53.916683
9.077192,19.504099,47.119144,11.030063,7.8416233,-13.178515,-26.676691,-38.49432,-17.453089,-70.97935
9.401818,-63.718212,12.536911,-26.099241,6.0758214,16.22309,81.30269,-26.686554,47.76695,28.491833
-6.2461815,18.532692,-6.6752253,-18.34142,16.368116,-35.699085,-30.88298,-24.51259,-44.358723,-9.451881
-1.9178882,-7.293276,-25.040045,-5.5076694,18.029585,41.002186,17.409206,21.599537,-17.007584,-82.00306
30.443865,-48.967495,8.433229,-45.832592,-3.3411865,-12.423745,49.39626,-21.616438,21.092752,30.099121
-42.449875,-23.42851,11.461067,2.4628134,18.21314,-37.781734,47.167625,-29.749586,-9.960602,-19.640785
-34.117466,-28.30953,8.972605,39.409748,19.537643,-21.250399,43.351288,-43.004684,-15.860909,-42.016193
-60.526783,14.550344,-36.745247,-51.72732,0.86009175,57.132862,34.11148,23.688784,76.41047,-14.1251955
4.80505,-51.691044,-39.048626,-56.104214,-19.630747,27.82798,0.58128697,-36.021294,-56.333916,0.41267467
-11.281393,-22.145685,-40.705395,-1.6311097,23.277948,12.004005,42.83072,-15.179206,17.717669,24.998302
-5.684571,-38.363235,13.564112,20.08305,36.485607,-60.75821,21.218983,-68.8987,-44.45234,-12.554702
13.789083,21.41905,41.182617,-8.004599,18.213848,-15.051002,-46.82791,2.466574,-6.4395375,-68.27654
-49.94487,22.951221,-59.810818,-23.002089,-13.824735,70.59609,49.65764,-6.197422,54.06986,-23.276377
-15.926646,-36.766552,-35.066666,-10.748707,11.495548,11.261927,38.96306,-32.152763,40.078274,33.851883
-17.030853,-28.084044,-17.25893,-19.624016,32.68594,19.23473,57.85756,-35.897667,49.090084,31.353634
-1.7171216,-32.198334,-36.217926,-49.60773,-4.551349,3.658627,29.883125,-7.208858,-22.7112,39.507008
-22.005085,-43.970364,-3.561287,11.265716,-4.524633,-80.95454,40.7835,-23.554186,5.780272,-19.77954
-35.40822,-28.717268,-2.9365215,3.491932,-15.205751,-31.895247,85.044266,-13.1624775,-42.63566,-4.814685
-9.888091,42.868176,41.481194,0.6266161,-12.297042,-52.27216,-47.470016,-32.782803,19.878357,-49.48888
-36.606087,-54.229454,-9.680698,4.07995,13.763204,-49.13402,57.30427,-19.460365,-2.0641186,-41.198692
-50.256535,30.661697,-46.936424,-62.562912,17.178032,66.35405,43.606773,8.651895,72.74917,-44.07649
-7.538696,-32.514442,-16.01988,-1.0083517,63.85549,2.5741324,88.38843,-24.14755,49.12948,23.483278
-8.344717,-31.276825,3.905953,-6.856544,31.002436,-68.085594,28.794975,-61.55423,-40.01392,-6.9380813
-42.63009,-47.83796,-13.125088,-47.71973,-14.517649,-36.974346,-9.873994,-33.521667,-11.7612,10.809936
-17.328547,-51.30986,-14.652176,-0.2507852,19.514755,25.4999,54.060505,17.810545,67.89762,-30.198683
13.015933,-30.643707,-2.201382,7.1605673,24.057247,-66.73756,-8.282866,-39.71296,42.44957,-33.61559
-44.84087,-16.394922,-1.4363836,-27.06234,-25.09267,50.7744,22.990568,4.796547,4.070456,-24.749346
-14.487512,17.848648,-12.497329,-2.2883542,-3.047079,-27.215405,-5.855575,19.094564,28.64793,-71.82344
-21.670435,22.922726,-56.189228,-51.96593,-12.530025,39.473362,41.74079,6.624989,66.44483,-46.901703
-77.22196,-74.150024,-20.066143,-26.607473,36.507137,4.3568215,16.885443,-43.38523,87.08595,13.789035
-28.783173,14.061434,-36.308414,-55.725037,1.0414143,53.16764,37.452644,-28.767756,16.571436,-30.832119
-33.512146,-3.3537574,-31.219328,-40.307278,-30.612158,61.222927,51.164684,-31.697214,18.046608,-17.021843
-28.3773,34.05195,-39.239838,-90.86924,-22.132202,-1.6159079,-11.638492,23.322351,-75.64885,15.479623
-6.2337976,-63.606674,-37.426174,-26.347588,16.087908,3.94847,70.94909,-27.132309,50.526867,35.33724
39.89245,17.375196,16.965345,-19.165539,17.094938,-25.8112,-38.815952,36.258377,-32.541157,-93.33449
-27.226236,-19.6422,-48.622787,-38.657078,17.740772,19.687447,41.586716,-22.476082,67.197136,-28.513111
7.053117,30.260567,19.639584,-18.258648,9.423621,-13.185728,-17.002207,-11.99679,6.5519176,-67.317116
-51.684734,-32.9885,50.116432,10.068531,9.653063,-31.242905,73.602776,-44.568058,-48.202747,0.14709353
-13.861217,-78.87284,4.3304768,-30.509468,59.63543,4.653354,37.644695,-13.208182,61.55403,-4.479554
-52.380787,-2.6808567,-38.72129,-22.37108,10.155215,63.154705,61.941433,3.4245346,25.459274,-69.1738
-52.309196,24.69002,-57.50281,-39.980907,-29.110538,51.751118,43.784058,-15.859382,32.34821,-13.731233
-31.74497,-75.29147,2.9720483,-41.57658,47.325752,1.6682452,64.09411,-33.84436,62.344227,7.1604595
-20.834908,35.582554,-58.239582,-31.847637,-2.0868006,39.94941,24.449501,-8.393079,51.942093,5.9047165
-49.17728,2.8201833,-23.025135,-37.27664,3.6749809,87.062775,30.92598,29.998404,49.853825,-48.051388
-2.3448544,36.449368,0.68460476,-13.582399,-2.885898,32.37484,23.753944,5.8191476,39.250874,-34.222057
19.366768,-4.36161,39.190075,16.633196,4.5368047,-55.90232,-17.715439,3.8508525,13.416208,-56.03123
-13.413102,7.7065682,-8.203638,-98.28276,-17.84607,-19.76939,-43.267994,23.667772,-35.932518,27.239489
-11.313519,-65.572044,27.50226,3.114173,-0.7624548,-28.798254,97.00328,-31.98136,-31.844734,-10.197237
-27.144976,-11.80845,17.573418,19.732243,22.97768,-31.192408,53.29453,-38.157204,-27.797777,2.672673
-21.932018,-71.49368,-8.4837885,-27.304867,41.424686,0.7402643,39.306007,-22.973272,25.6028,-5.686707
-34.198967,-42.42741,-36.235233,-79.64994,-26.50618,-14.366492,-36.323277,6.894544,-35.544933,23.903952
3.0220265,-51.899727,-3.2512097,-32.86164,54.681923,6.589269,41.84897,6.8461533,102.00257,35.34598
-39.98681,31.189106,-36.076897,-65.79806,13.628179,74.530205,23.068193,30.720545,59.527054,-36.54888
-46.6315,-72.257195,-10.274984,-21.00238,13.984295,12.388353,51.6824,3.27159,65.86876,9.727282
-29.364388,-43.687584,-17.082973,-10.403301,18.16693,25.762852,64.88028,11.345477,62.67915,-35.29059
18.675837,20.734726,0.28308952,-87.92355,19.137772,-29.57143,-24.243599,31.671045,-26.798283,-16.596458
-32.22172,-17.083681,-39.493397,-13.500751,17.875517,17.001204,43.558197,-59.384354,94.56708,17.283695
-34.053394,43.932026,-69.52276,-49.04519,8.576975,57.381165,29.87991,18.701958,57.194214,-33.160034
-22.870718,3.6459625,23.60494,19.936642,50.682682,-18.152178,88.6065,-61.866943,-12.167749,6.357315
-24.16112,-7.6340895,-14.165467,-24.039948,-9.67975,-65.69981,37.691227,-28.190155,-17.567228,-53.82802
40.55019,-62.844086,-23.171427,-43.358902,-18.724043,4.341357,-18.281033,-59.532887,-70.329895,29.319067
-39.11886,-48.01523,20.3276,-36.398495,1.2112935,-68.37552,19.911371,-8.711336,-44.54612,-3.8411918
15.542225,-5.1942806,6.072357,15.921901,12.39662,-70.64761,-45.68186,-9.608573,0.36219898,-54.20253
18.356314,-40.760536,18.953568,-20.032154,61.18486,4.857479,45.234673,11.092336,63.48559,33.858326
-31.062998,-49.875835,-15.970137,-17.492142,-11.7679,-102.50428,29.75378,10.826596,-13.173765,0.8733752
-1.6275392,-11.083621,0.40363067,9.363674,3.642421,-64.145775,-3.3451614,4.572472,-9.355253,-33.50539
6.057092,-22.323097,18.709501,-9.753284,-9.037224,-13.0700865,8.257144,-11.413291,-10.8123,-74.16656
24.504099,10.627746,-79.23664,-31.508343,4.2699447,6.480862,7.525567,-12.401,-18.151257,31.931759
-8.928223,-39.531918,-57.67131,-53.92271,-5.034131,-5.0048695,-46.903477,-40.072803,5.248451,18.960659
39.570545,21.967386,39.737385,-33.32845,8.886204,-11.117371,-27.882862,24.780499,-22.092333,-74.62708
41.985466,17.94658,15.6414175,12.718212,6.8608212,-35.51437,-17.514982,25.351433,-4.983409,-67.26109
37.186775,11.408694,-2.7684872,-25.75555,-10.708485,-40.134823,-64.133156,-13.312662,4.7078853,-46.77147
-20.733889,-49.952404,-28.057556,-13.01425,23.909174,8.556471,51.682793,-32.348133,38.85694,23.746325
-6.27967,-6.0984793,21.60306,-21.064894,-6.425189,-34.612305,8.050227,34.42316,-44.75278,-27.245811
-17.209637,-18.417871,-37.54569,-62.025562,-26.350504,-13.720919,14.881855,3.2429075,-66.27617,8.702094
7.5018263,12.383834,-36.145435,-41.334805,-38.35279,-45.26579,6.2709312,2.8307586,-86.260605,46.13521
-44.88624,2.3677697,-8.010032,11.240716,5.793353,13.229876,35.84783,-38.49898,5.690352,-35.440502
0.35911813,-16.551628,29.436884,8.865851,10.011909,-8.792994,-12.516208,14.266764,22.362179,-59.50605
-25.80684,-76.06352,2.9944477,-27.467733,54.280037,8.585291,48.953667,-31.616137,94.06298,32.621
-18.217533,-50.351444,-22.529867,-30.43763,34.79678,28.48598,71.76308,-60.05329,75.037224,10.580697
-35.460487,-12.648617,3.9874773,-35.62156,18.010174,-12.336954,-1.8787874,-39.067867,-28.36032,11.696283
19.070473,-26.410522,73.4068,12.041289,13.667159,-52.59708,-15.720844,4.705474,18.576855,-55.94571
10.488093,4.6131907,-8.472315,38.522514,4.102883,-40.985462,-23.64028,10.716573,7.222985,-68.0914
-61.45468,4.7098956,8.048154,2.4631705,9.066015,4.1172504,71.92327,-47.546482,9.1365595,-25.662779
-8.512124,30.144556,39.035175,11.874876,-10.126802,-42.613876,-20.33429,-12.600986,22.164955,-53.438946
1.45222,2.5768545,-30.542969,35.298985,9.351749,-33.85279,56.080124,-23.345896,-16.310911,-55.608852
39.782883,13.774148,27.5024,-20.669453,18.438997,-5.4201345,-23.106983,5.69944,-15.314855,-84.98169
6.0882273,3.3504796,3.3759542,7.3764734,37.92093,-62.015038,-35.07225,12.0731535,-30.864885,-43.00812
-29.979963,-31.453201,-26.272842,-27.39445,18.277285,3.1850514,50.78002,15.205073,53.636307,6.688689
3.9219115,-29.4515,-7.9381943,-8.6217785,27.474897,-28.71927,19.219557,34.16261,48.62435,2.1586502
-18.001308,-37.151142,16.212095,6.008812,20.172873,-61.007328,30.973692,-62.142036,-43.940258,-6.8731294
5.402065,8.594481,3.8467908,-17.029291,-40.912296,-33.216923,-27.51076,8.881875,-4.3200855,-76.81642
22.864988,-10.89552,4.278536,-40.237206,15.021683,-39.31432,-47.6172,30.189888,-14.107331,-71.94502
-8.779456,-41.650883,-8.305172,0.49130476,29.930418,38.550907,41.42053,-5.3200207,62.292923,-24.08045
-27.795742,-13.308308,-37.743935,-2.7594256,-3.4959648,2.0963426,44.702442,-2.230622,-16.757301,-9.069245
25.736652,-8.958582,57.285355,-5.545251,11.865068,-42.076385,0.6462059,18.850096,-2.0644124,-65.593
-17.995573,-36.913654,-5.933852,1.2748221,67.46357,-2.114156,70.58788,-36.92927,59.45265,11.120596
-14.47582,-37.13797,-37.089684,-80.536804,-36.96725,-4.6784177,-33.757366,-45.271114,-17.313492,39.38651
10.824784,-16.11449,-44.142815,-54.02321,-5.5960655,9.334685,13.945532,-7.9284863,-63.504295,38.02096
-42.78471,16.991102,-34.8938,-62.2678,7.9029975,66.66874,27.836357,18.855436,68.9909,-38.255806
-3.216724,13.638202,-40.29043,-55.425392,6.5638137,45.440292,-3.5237153,69.93397,-31.750988,18.37575
-68.41549,-17.00003,-36.823357,3.6492105,36.50156,0.47762752,-0.79505014,-6.239921,16.299147,-55.231266
-41.11904,-35.229313,-27.248146,-13.032412,51.321987,20.023432,36.816925,-44.731,45.95899,-6.9115014
-23.000053,52.098034,-39.99191,-51.33278,5.6359487,48.121616,33.382515,6.283191,54.336834,-9.015418
-11.254627,-55.57527,19.073738,-3.0314503,7.114977,-56.187523,74.77062,-49.19692,-25.086775,-27.415401
-46.66786,38.41191,37.665165,16.04546,-36.194416,-38.103115,-21.495392,40.841263,-25.53308,-57.0258
-27.607014,-17.712233,-45.41698,-49.98958,1.2641742,-3.7985451,-44.774426,-24.987822,-80.508675,27.744883
29.156168,9.494261,22.728321,-31.250513,-22.476017,-30.868853,-19.5579,-5.992863,11.415359,-73.169075
19.582817,14.470468,-46.857952,-88.35055,-4.531371,0.69578826,33.11623,-11.480162,-51.25196,23.366552
-65.742744,-86.33617,-8.451956,-12.104757,12.398203,-15.087692,74.427025,-50.995552,67.699295,21.241465
-33.568398,-43.069427,-0.8785891,11.686245,10.0543785,-46.528786,75.31361,-61.417843,-25.487606,-37.24536
-32.664513,-15.042407,2.3167257,14.52657,38.954685,-47.038105,77.684494,-47.68902,-12.251399,-49.507336
-8.842184,-54.3239,-26.36549,-52.48271,26.18091,-2.22552,50.148567,-29.292664,101.46905,29.615107
2.8348677,-0.93253946,1.0326921,-0.7793006,32.792557,-34.363472,10.491962,-31.872814,-28.123857,-39.128376
-0.3892931,-5.955808,-53.810497,0.7441577,13.632634,-14.590939,14.106948,-51.448742,3.5468585,42.08723
-61.1821,-15.023175,-3.572102,-1.2230455,-0.3133773,18.514502,59.437904,-28.55358,9.923462,-18.406708
-57.356396,-22.535149,-25.893017,18.44883,-0.082483955,-40.614845,53.830624,-4.5970173,-18.281713,-38.235027
17.465279,-61.239727,-6.5967875,-24.244154,50.116962,-11.6982355,47.162636,-51.788223,62.840755,21.323479
-17.542892,-60.047703,-28.124193,-56.24503,21.905039,-25.55893,36.003456,-43.33911,80.24313,16.326237
-15.980958,-27.718302,5.4654794,-39.677513,-36.59028,1.6227597,2.041723,-22.852741,-15.731583,0.4467349
21.73638,7.6181207,-64.29039,-77.75594,-19.88457,-2.6624322,10.902759,-9.571901,-37.96445,30.39339
-20.787243,-47.261246,-15.264916,-28.417711,-18.549162,-54.82434,-25.839127,17.76685,-49.996063,41.529922
19.255667,-7.1230354,52.82999,-9.022148,-1.0417961,-32.934612,-8.510609,12.156619,0.31241575,-72.87231
-41.830585,-22.836603,8.795627,19.473976,24.052595,-56.88364,61.46009,-52.070835,-29.440641,-39.668777
-46.9171,-57.859596,-11.209307,6.4309754,-4.7396064,-42.64018,85.85147,-23.030502,-17.076233,-39.814186
14.44974,-60.852406,7.3533297,-28.285769,61.90856,17.195477,42.736576,-34.517395,62.93679,26.73595
-42.14512,10.506541,-36.501648,-34.748177,-6.4099417,94.48994,24.49484,11.372233,44.60253,-18.15526
8.809233,-49.653458,-22.77948,-17.797932,29.88503,8.693947,68.955795,-42.925617,78.58079,35.64977
-28.726393,-48.051445,15.871655,-20.027842,6.705717,-84.22916,62.18318,-14.681004,-28.110304,-18.023039
-0.13215177,-18.487566,-29.378817,-80.385475,-54.80627,7.5261846,4.185147,-60.629307,-33.352474,28.797356
26.128544,2.215115,10.855357,15.094193,12.129872,-50.583633,-97.031334,11.263579,6.865033,-25.491745
-15.6038065,-29.344246,-2.3600225,-6.9619784,24.26068,54.41679,87.81977,-28.686033,53.54647,-22.55223
23.411617,-25.373022,28.497234,-0.5868404,18.103432,-38.740097,-29.11009,69.899345,34.812614,-26.905014
-42.817852,18.032326,-30.996557,-63.37065,17.65163,62.790226,56.313217,6.1445103,63.75812,-48.55698
-19.309568,-66.49336,19.448921,-12.034144,-38.618084,-40.581787,89.04726,-10.734333,-48.063114,-10.650981
10.106077,-65.957756,35.496803,-47.658527,48.065952,5.1149535,27.162798,-41.45585,46.610878,7.230324
-9.718205,-5.480393,-12.623612,-21.236097,-24.910885,-68.77466,23.998129,-27.865679,-39.70769,-45.074024
-37.28285,-60.197857,-8.676583,-60.81836,36.754246,-0.41487283,35.442158,-25.485964,80.47024,20.55643
23.1085,13.555177,-73.888,-77.975266,-13.9615345,14.351941,34.343815,14.82701,-31.88791,20.416893
20.864643,-1.1621648,42.88657,-14.404184,-18.823416,-12.7038,-31.798405,12.12577,10.705032,-46.6127
-24.406845,-53.99807,34.759724,-9.487284,-22.978582,-46.168518,28.317287,-17.008093,-40.644566,-12.514141
-42.67965,-40.331646,29.880873,11.63588,26.469923,-40.792557,35.85913,-55.47386,-32.001297,-31.77404
8.082499,-57.377625,-50.805843,-22.391901,-3.8413637,-53.364788,5.2435455,-15.677633,-39.344215,27.797644
4.923595,9.630933,-66.897865,-12.743938,-27.183283,-18.154963,33.472652,5.478175,-46.015366,19.608067
-40.932983,-79.080025,-11.554227,-27.780807,22.350542,-15.20304,10.697425,-40.991257,18.423277,-11.731755
-7.198588,-86.7427,5.237442,-15.111281,67.43302,18.581854,43.990612,0.52882165,49.124023,1.5228512
-31.97745,-45.29643,1.0325621,-38.518585,22.02633,-42.865166,36.698406,-7.009556,27.977192,40.11775
-8.087236,-60.510567,-55.804596,-33.819946,49.377342,21.356544,7.683165,-27.665586,80.912125,6.781867
-62.255135,-98.2922,12.009445,-50.034164,53.13209,-11.380298,25.251802,-42.967125,74.14269,8.122438
-58.745636,-32.804344,37.997364,30.766323,10.892871,-9.472919,58.60675,-70.15677,-36.286892,-29.233803
-32.77379,39.15053,-53.677856,-31.966278,-10.844005,58.825428,9.5111,-25.321104,65.97494,-6.53154
-50.535923,-76.81996,-6.9558496,-21.85786,38.644356,-9.455735,33.361633,-19.465656,97.44741,10.658616
-15.611561,-13.271877,-27.253294,6.252337,53.970062,-37.79765,39.69796,-31.72197,11.816291,6.2142467
-31.163862,40.251503,-61.507404,-49.801292,0.877049,59.71305,46.89557,-0.801166,62.81636,-39.087616
-46.600372,-11.345024,4.215638,36.834244,31.971048,-35.676163,71.59706,-35.708218,-23.827314,-28.759657
-55.068382,13.285139,-54.630703,-27.889994,-28.70893,55.825253,18.386654,-6.7221217,5.5840793,-3.666016
-20.28484,-35.537434,-42.857105,-42.79949,-18.291704,-32.72174,-23.081755,23.735184,-47.790424,38.21271
-46.695705,-79.76051,-12.051344,-34.425957,74.67897,-8.040562,27.545946,2.6539366,81.07588,10.476687
-3.511714,-23.832973,-2.260888,13.10303,58.084126,-42.44606,74.97858,-57.29511,28.599037,-16.23027
-17.623045,-25.657991,9.031804,14.076798,46.19513,-69.89821,23.938454,-48.597095,-31.834538,-17.789635
-56.831642,-26.19388,-18.135178,12.341628,2.960891,-31.168558,78.35397,-14.631142,-17.61718,-24.478851
-34.954155,-62.404346,-4.9537206,-21.752628,64.384026,-5.978523,31.64827,-30.47401,63.70479,7.141782
-11.141269,20.716105,-13.325288,-19.8279,1.7263384,3.7404156,-19.540186,-18.617859,-3.766573,-37.781578
-15.12216,-52.675167,-15.536188,-30.058496,39.353813,-11.909088,61.66142,-39.66832,66.439384,7.9198084
-51.18519,-13.068698,-33.540943,-17.704802,9.986127,23.800827,66.044136,6.6234946,49.32163,-25.818666
11.096825,-15.14325,44.927002,9.829313,-1.5355704,-60.90288,-32.96537,-8.443111,28.00801,-48.957016
-18.602701,-75.119804,16.986015,-53.352615,58.419476,-15.7928915,34.99759,-47.185204,56.55298,0.513715
2.5225048,-19.961979,-23.305584,-38.762604,-2.304379,28.134605,48.522526,-21.622189,40.312378,-26.152834
-3.1322184,-43.346523,-46.487217,-38.24637,18.417616,-17.235378,30.497334,-23.767517,36.243614,15.149344
-1.4312361,-29.705608,-59.935364,-26.825796,12.058203,-5.5399933,-8.945688,-43.589386,-22.647331,16.327517
8.983552,-37.518593,-23.703238,-48.756393,15.282118,9.662083,51.981426,-7.616186,9.951632,28.067953
-18.684937,9.680501,-21.53261,-84.56761,-44.853077,7.5094485,-24.214432,15.791172,-59.943214,39.396206
-36.592865,6.3387237,-20.615322,16.99912,6.4865465,-37.81372,4.0157003,7.9865007,-19.038523,-61.79382
-2.128203,24.603083,35.31544,6.717144,-9.535867,-48.77096,-25.411758,-16.750425,27.637629,-44.358906
-29.88132,-38.801617,-8.91696,-3.3423522,29.807886,-1.6456249,45.856297,-41.141087,55.1909,32.53272
-7.3483195,-64.227516,-21.667484,-3.7102666,-6.386329,-18.943117,-7.2156243,-27.559978,-12.832629,27.41737
-39.1297,16.589182,-59.67024,-52.037373,24.721172,42.61193,45.18507,7.301591,36.73023,-52.008003
-42.058315,-3.5449,-47.154976,-48.62183,10.626671,68.63749,53.48212,16.667267,35.282185,-80.71553
-8.269647,11.047168,19.790867,-5.535271,7.152767,-50.752056,13.768457,-11.516604,-23.50558,-46.972218
-15.785748,-43.640583,10.435264,0.46339703,26.43407,-57.84336,42.66771,-57.404358,-18.59812,-34.680866
-7.284241,-42.34286,5.9767857,-0.32455465,68.92785,20.992064,47.526817,-37.109077,70.18058,8.296189
-39.55162,-33.89687,1.8836395,-4.99661,24.575462,-57.45572,1.3011305,9.80019,-8.267391,4.760689
-18.881226,-48.83545,-15.283695,-26.604181,57.242283,-24.393394,54.0626,-34.17915,64.48042,9.627177
-8.681253,-1.4450326,-37.201775,-39.699512,-41.278446,14.971748,6.2332845,-3.3975747,-50.69058,35.537693
3.3436708,-8.847958,-34.739914,-76.575195,-6.064787,14.673748,27.170464,15.603976,-72.602066,24.573515
22.296139,-60.0595,27.440363,-46.402275,10.254417,12.883538,69.73352,-34.21877,21.084984,39.57034
3.0057952,18.439804,21.687166,15.293351,18.373144,-63.065056,33.37683,32.35953,-42.22311,23.6666
-23.558659,-13.845848,-49.189487,-28.433681,41.26642,35.476166,46.07476,1.8233448,47.571186,-39.544754
47.776756,12.300295,-4.861652,-37.907112,0.24150473,-25.784346,-27.96008,21.002247,-32.853813,-89.2824
-42.96049,-6.0303736,3.0854936,25.64851,31.1052,-46.62202,77.48111,-29.81105,-28.160145,-9.594192
-38.814304,-7.5338225,-40.50081,-10.225933,15.217233,26.560999,41.49412,8.460479,62.492085,-46.50106
-34.516975,41.510773,-45.37942,-46.29658,0.85434026,40.287987,36.34426,13.4311495,58.536316,-7.1092386
-56.90314,-36.512035,35.14,17.092773,21.367022,-51.952385,70.75126,-51.99209,-48.6788,-15.640583
-26.098286,-5.364567,-21.894972,-74.46968,-47.167866,18.976015,-23.127949,-35.810917,-39.68658,21.37231
29.9122,-3.3220356,8.5119,-4.111464,-20.027542,-27.991598,-52.144035,9.275519,-5.3298326,-40.522686
9.787618,-68.855354,2.2422757,-43.230595,69.1207,16.338614,25.98149,-30.01336,76.343956,26.236118
24.801115,6.5159893,4.325789,13.856201,22.314096,-57.577938,-14.861532,2.23955,-13.965162,-58.10861
-25.881271,-43.77895,14.086531,-7.884306,-3.0544362,-16.703941,42.9194,-18.513163,-28.13381,-53.878334
-43.74079,-1.9997483,-47.767044,-26.592436,-16.379618,5.5483894,13.609124,3.3150246,39.995216,-30.200012
-33.450813,-5.137765,-38.378246,-56.808403,4.693072,42.966595,52.49835,-24.236729,58.5976,-33.630733
-16.518946,-37.28339,-8.771488,-51.548756,-8.711312,-39.11778,-1.5363333,21.141802,-16.86504,46.14619
-23.565708,-24.499771,5.9672046,6.3961496,-5.208307,-65.779945,88.247986,-19.07437,-41.083824,-9.36406
-27.29297,-34.130505,-36.639687,-14.948264,21.96692,-15.225899,29.734722,4.468781,85.47127,23.866304
-17.953518,11.7663765,-41.390766,-43.683163,-8.494495,46.58685,9.540993,-29.02376,-51.167797,22.518158
-21.540043,24.263485,-64.200005,-23.166971,18.3498,79.39105,56.28612,-28.708729,37.091496,-35.434708
-26.236702,-43.743637,-7.639653,-9.585234,17.103258,2.6799183,46.792282,-21.508434,43.17438,21.612885
-64.70515,29.479536,-39.7606,-50.9801,7.1495304,65.266426,41.354355,7.9688683,86.58289,-17.160004
3.1946535,7.4605384,-61.1478,-93.36847,2.1001399,-30.218727,9.343984,-19.305742,-51.06413,6.7111616
-21.287594,27.410547,-18.180792,10.976042,-23.435678,46.404255,18.175577,-29.232008,41.847267,-42.18441
31.054482,-1.836638,-0.14066537,2.867939,-41.97431,-29.904816,-54.76221,0.69352764,-18.579372,-27.416023
32.426796,-8.815359,17.944628,-30.868368,-34.869656,-13.328968,-14.06732,22.605701,-0.016522344,-63.522667
20.957466,-31.015759,-92.55089,-61.935177,1.5181196,-73.29692,-11.53872,-2.8934777,-27.494345,22.850681
10.389027,-15.718372,-49.94466,-86.60393,-38.463802,-36.956833,-4.196974,14.747105,-54.1978,66.555435
33.516323,22.409777,5.5925455,-22.297976,16.950916,-11.667704,-36.042683,24.288298,-28.177462,-66.57461
-4.652427,3.3187737,-43.267147,-103.1871,-6.5947566,-10.912655,-3.2322283,-4.4937463,-59.153442,1.764679
29.094055,51.69425,11.979659,-28.859081,-17.025545,-42.441963,-68.52699,-27.602291,-26.53895,-91.37444
-38.89446,37.6023,-59.144855,-38.031673,-14.762316,46.450867,46.933064,20.90719,71.6542,-40.367714
13.449805,10.99587,53.017677,4.5560026,-8.475431,-45.961124,2.9531934,39.681423,-6.9283442,-59.609962
-45.187572,-46.078396,14.862004,-3.5436685,-20.399826,6.1774373,32.330273,-26.809813,-20.513662,-29.11109
16.027927,34.377052,-16.505894,13.492623,-13.021199,-75.84003,-6.0923777,15.259671,-7.5459685,-42.48762
-50.065563,-12.268026,-38.153725,-74.48288,-12.232634,-11.0184355,-17.171051,-4.92909,-57.34811,-24.126474
53.08892,4.9196944,11.4697895,-29.286774,-8.582132,-0.6536907,-38.033115,7.1053085,-28.192755,-63.495636
-23.251762,27.588545,-31.035437,-32.86446,3.3495407,-7.570968,6.086365,21.789696,28.16336,-58.279976
