-14.62929,-46.184196
33.383205,-58.15535
-35.51145,17.091274
-78.35852,17.710272
47.110016,-0.99763346
-20.429615,32.973732
15.821263,45.08246
-6.769788,-2.97101
-25.666304,23.83305
15.508425,-17.382761
-58.9202,28.848913
-40.1429,6.7303615
-23.039427,-9.730718
4.685944,34.363953
-45.0778,13.274507
-46.303734,45.608727
1.804236,31.40259
-8.714979,27.422121
-43.50891,33.840733
38.20368,-22.969196
-24.997227,11.919059
-34.26733,12.275274
22.144464,35.787178
22.88512,44.818398
25.104256,-21.823742
31.409176,10.585898
82.03589,-18.230095
-70.29676,36.86194
-37.093155,-7.9203486
-29.309965,24.948668
-31.294561,78.09113
-25.978636,28.60855
6.150886,45.495377
43.120358,-67.010216
-69.26479,5.481235
32.638115,-54.400997
33.566273,-42.96362
26.24741,-25.113623
-65.55845,1.6814561
26.723562,-70.67378
44.18276,-21.884058
31.610907,-38.438114
125.46794,-68.502365
5.315785,-8.390845
-64.37454,58.93161
79.39171,-40.418373
-67.82504,55.414474
-20.010273,28.73295
-5.606739,-55.02526
-30.889957,36.55166
66.1188,-43.746387
46.43761,-40.10374
-51.505325,20.518873
-28.572397,12.586479
-49.675537,46.145775
-58.554806,1.9714284
22.622313,-39.174908
46.383663,-25.354094
10.320686,-8.525618
-31.205706,9.410025
67.77826,-25.591825
-37.30341,16.09628
-38.848312,63.439865
68.816925,-24.599108
-33.40573,22.126297
-36.539627,26.29907
11.036856,20.320467
54.331573,-27.841642
11.568514,-31.168423
2.7415218,25.45127
-77.14124,46.758408
28.7393,52.84958
19.963089,3.9860172
28.116665,-46.115147
-27.018503,18.477587
30.974407,-34.3239
29.078457,-35.665504
-39.71053,7.8913274
-38.33922,22.24319
-80.4879,33.24316
-3.641634,47.355278
-12.104176,26.047695
86.82767,-48.3398
6.240812,17.8938
12.653109,-47.178173
7.996363,-37.256744
-31.801542,13.718944
-31.865513,35.865776
-22.760595,24.258581
23.963871,30.139166
-14.359446,-11.683452
23.192974,-72.855774
-30.712437,-1.4506551
-20.624716,12.883728
-6.2133837,28.84397
-65.852516,32.35425
-6.98493,1.715481
-2.909909,57.928886
-38.11271,12.654863
-12.933609,27.668583
35.849552,-42.10873
3.8477771,24.93036
19.677204,43.35473
-6.7218523,1.9979508
41.563007,-49.52506
21.40985,24.662907
37.087452,-39.193184
-30.704357,13.498747
23.076014,-22.604593
-22.523306,38.03931
-35.32881,22.594255
15.332817,-52.674656
32.456528,35.89104
-38.873203,12.071417
-66.04388,51.01832
-48.225494,50.24932
56.54049,-14.3286085
-35.343224,-4.949455
44.999153,-68.01034
-38.76571,-1.5838231
47.50136,-26.382076
-33.529682,12.866844
31.057728,-14.098414
-34.94317,-1.3585957
-31.111464,51.118294
35.461834,-31.901947
52.79314,-44.61978
-16.404867,46.36592
34.462082,-76.93604
24.428694,-39.940136
31.830837,-33.576637
-51.275738,0.9631013
-33.445896,17.165192
39.640938,-57.995617
-5.458727,-6.646523
37.98463,-35.269573
-33.797256,56.69776
1.6671116,38.060135
3.8783436,-48.95277
37.224903,-32.43495
-54.708458,61.12351
0.59882224,37.797024
-3.0726922,25.847437
-1.9276006,53.853424
48.809895,-57.562946
16.010956,69.06655
-39.02826,15.739216
-39.346275,33.655296
10.274401,33.068024
-34.2101,41.796234
14.756259,-28.720564
39.56483,-34.08856
2.5337923,35.411682
7.265753,30.599634
22.103052,-39.628605
-35.966934,-12.040095
-32.636574,-1.3980755
-18.77987,54.051712
-29.142422,12.700771
-18.527603,80.750725
0.48681104,50.05011
-27.510672,67.17845
-27.030626,8.432053
34.113125,-34.408134
-17.154978,-47.18413
-33.625957,15.285909
28.905062,-22.094858
59.094887,-54.565975
-10.4401455,-40.64529
-20.652508,53.369316
24.791943,-58.01179
13.451784,-57.966785
-81.12906,33.571312
27.493332,-30.620796
-26.650246,-12.08839
-34.5628,24.337908
-40.526573,19.535967
-19.635702,-44.70549
-5.0080824,26.917265
41.42847,-29.354454
-27.909128,12.311289
-9.541388,-46.248528
-36.401688,-2.0376246
-46.838627,-48.914722
50.99831,-34.871204
9.246082,63.348866
55.29187,-27.883463
8.573743,33.718826
2.062881,43.429768
-53.860878,7.0148053
1.7352203,77.78643
46.72583,-54.558983
33.496304,-32.667236
44.30612,-0.121274225
-62.343555,41.07273
22.932972,-44.72826
23.516182,-26.168783
-12.476429,-42.74023
13.068229,-56.611874
-44.191948,24.610579
-9.348433,-14.031027
-57.94075,-16.887047
-3.964467,30.043571
39.25716,-22.030886
-3.412928,4.238338
26.671043,0.7886599
14.837379,-46.206535
10.266414,32.250546
51.48276,-32.853153
20.537333,-41.821228
-37.402985,14.14484
0.16953057,8.602557
-21.071978,-42.312286
21.56948,-29.219893
-63.64366,11.082756
-33.444454,-8.429324
12.201922,72.941986
86.91703,-35.920605
-20.898943,9.424609
20.095985,-43.732857
23.17498,-60.31246
68.920456,-47.564995
-43.35482,17.464102
-35.81791,19.053627
44.459625,-63.27897
27.569994,-3.845662
-27.000229,-8.196923
16.33113,40.094948
-32.910175,25.831266
8.480885,75.947334
-80.40969,36.79728
-37.606403,12.243935
-67.134155,42.710777
2.3399518,71.77994
58.609776,-43.439068
7.454176,38.40909
46.828037,-22.354994
-28.323746,12.358759
25.15533,-33.148552
21.801886,-21.493614
17.40474,46.251266
27.945904,-46.19585
19.582127,-59.001087
42.91286,-78.25435
-1.157652,-39.31315
0.87974834,31.94283
-81.44206,33.969543
21.653318,-19.303116
-43.03624,46.079052
32.713688,-29.128328
31.188135,-35.018993
19.247093,-58.792946
14.386931,-56.93685
60.70426,-29.406916
-32.98983,-13.354295
73.341675,-32.933384
-41.614727,59.31347
3.630031,34.985188
107.24814,-35.960728
23.411602,-13.191583
-51.396915,57.39998
6.2639155,37.482643
47.365147,-34.660557
31.08043,-64.60889
-47.024338,15.736316
0.5423547,34.421722
31.746416,-35.192116
-17.006578,24.738651
-34.566933,-13.118805
28.90585,-58.745262
38.21258,5.174154
-35.366627,32.87604
21.929754,44.27195
-50.96732,51.886845
-9.720614,-12.316718
-27.954807,12.322677
35.44866,-45.64542
17.22204,42.47468
-32.833927,18.60499
-18.366693,26.1262
-15.3165455,27.584354
22.28485,-35.976395
56.32636,-53.15996
44.82782,-43.38095
-53.836815,62.634552
-13.246677,31.303202
46.203144,2.2306972
-50.10747,54.786827
-30.174988,11.745857
86.133026,-48.575077
-17.564812,7.892786
35.040543,47.38404
46.08028,-26.43516
-28.301361,12.346724
61.721264,-97.89658
-11.845821,72.51534
-1.2319992,39.630196
69.49555,-59.525948
-73.88566,45.063263
-34.40149,31.594069
54.381367,-37.603745
-55.13724,58.199234
-3.286459,25.348139
15.3378525,35.45362
22.525688,67.17114
-3.376252,-14.1129055
10.416544,50.348053
18.327763,-33.659138
26.580772,57.04931
32.46804,43.711655
11.188399,24.913404
37.542336,-30.240076
-33.07706,12.881991
33.3394,-37.11482
-36.90096,22.509314
-50.580704,-35.220657
21.798681,62.033653
-39.127846,-14.642356
20.416882,-22.481363
-4.87109,45.12868
18.065044,32.716557
-29.166162,12.156092
13.87396,-20.212633
25.46996,48.83348
34.566658,-54.903225
42.891865,-43.87569
-2.4911351,-22.878359
-52.79866,79.520004
62.49754,-13.349031
-1.8400519,-5.8327723
14.71984,11.45802
5.254545,4.156804
3.8634305,39.719147
24.611877,44.285618
-70.69493,41.817005
-32.74459,21.424158
48.006474,-48.572296
9.722781,72.83339
51.982937,10.95248
24.799463,51.449055
-20.124306,27.684938
65.884094,-49.074062
-36.35632,10.593927
8.190089,28.361387
31.99844,-34.261044
-36.538914,15.972616
-37.71661,-55.767082
42.99075,-58.184174
-5.740813,-34.189266
-27.712158,35.52749
15.328927,-60.906525
15.555832,41.16147
-34.620632,20.219137
7.9847617,-12.336163
-33.74535,-9.188873
-59.001995,-1.2378969
5.336272,20.247564
27.340288,-28.793634
10.665977,-65.78889
38.049625,-52.18217
-57.98285,-30.215508
4.1527247,-14.254816
-64.37551,40.423634
61.101994,-32.51281
-58.729336,51.63517
-35.58784,18.67895
-62.924942,45.126373
31.808754,-65.254944
-36.353,22.69053
2.2489352,31.164259
-34.065838,9.138438
1.7926228,32.279926
30.803349,-29.552374
8.877255,-45.935978
7.49221,-1.2821723
-44.11719,1.7695141
-64.55665,-23.862553
35.90564,6.501724
-72.315796,62.72723
23.93883,-18.355465
-30.293678,28.920708
25.942331,78.060165
37.938732,-22.752695
-4.624424,28.80529
-12.214173,-31.01061
-32.688984,44.51491
18.926983,20.76056
-2.9262435,22.991014
20.254425,-40.66402
15.018353,46.974995
28.594582,-28.167448
-34.313866,12.768277
30.425198,-46.078655
5.423479,31.682112
-68.3668,13.60264
-31.234898,22.240747
37.132854,-37.948254
-35.050434,13.916417
-6.3801694,28.243126
-27.324022,27.290075
-21.001898,45.40159
19.275768,47.396072
-40.58462,-26.544048
-24.246847,-3.5134366
67.84958,-43.662205
-75.89022,11.24199
-62.249516,-2.4469635
14.392032,24.404642
-43.995754,0.30178064
-74.82492,45.243824
-30.672676,27.453728
-62.12702,41.223976
-56.570427,42.635143
-7.769207,7.522849
-0.645965,34.291504
-42.531693,0.006185472
-27.248747,30.26004
17.752916,-31.578396
6.1213026,30.247614
-3.9648836,-15.611613
41.4987,-65.630135
-29.718948,32.818764
-36.557426,16.472443
-77.94391,48.549538
9.559694,33.611073
-0.3908719,41.944923
-51.990253,-11.46036
-86.7936,14.665114
26.336788,-18.551346
27.478607,65.47539
-51.861732,50.410576
31.771133,-39.7194
7.5391407,48.373997
-33.860523,45.490158
31.885027,-45.475357
6.7404447,-5.30668
-46.766743,-33.32155
50.554462,1.558173
15.404238,65.74747
-11.048705,74.21628
41.37466,-73.49107
-72.355606,-8.086691
4.604149,-16.058998
-34.102547,45.833687
25.01783,-17.971117
-5.943783,-1.7907696
-36.25951,23.13394
46.73097,-46.599064
-15.339021,-6.188918
-42.84259,12.685593
77.48664,-30.485521
-38.67579,-10.528556
5.661369,-27.60567
25.572264,-37.74605
51.90559,-46.751816
15.660944,-16.403511
-5.9109216,46.643574
15.532773,73.192215
6.6481595,-11.086113
-70.484505,48.532974
-6.294379,4.5638003
-23.434387,9.77279
15.334214,23.718245
31.101484,-52.38906
24.951902,40.03691
-5.3597836,28.285889
-21.284054,30.69158
-16.102142,-36.637638
-33.378273,15.522839
2.8040066,32.31077
-36.135777,25.536798
6.593948,33.030624
46.485374,-59.1473
1.2051272,39.239376
50.256226,-54.39275
-58.51469,15.415452
-25.881878,11.368473
14.362045,-52.06255
-28.319841,12.24491
30.89602,-65.670784
-22.791496,9.450514
-30.428776,7.12719
-63.56418,44.526024
-31.696207,25.437872
37.496784,-64.65558
54.941357,-39.4294
43.5337,-39.75253
-7.846137,-29.047983
0.3053733,-39.782406
8.381843,40.353584
-33.63217,16.758764
-29.313574,34.727226
52.24272,-41.742607
57.01319,-33.99439
29.594215,-31.773708
36.890274,-16.465975
-26.74087,56.362385
7.257762,-31.334911
-24.096544,11.178474
-0.86317426,28.211847
-0.14844137,1.6847289
49.033634,-36.977028
-48.464874,47.963367
0.15598571,-60.502068
-22.024353,20.132868
-27.827707,26.817423
14.3654785,22.464123
-17.696291,26.065546
-31.093254,24.278738
-9.562665,38.535416
38.01081,-69.04834
29.649374,-25.727997
-26.835207,35.35671
-24.817682,33.82773
40.394863,-29.079319
23.853642,-71.497925
-34.574413,16.829725
66.97182,-14.449011
8.595408,44.572037
26.148726,-60.942516
-34.014977,21.957457
3.735254,8.27725
-15.388311,49.610535
28.552925,-69.86144
20.732327,-46.40095
-5.5857267,60.995827
-48.754543,9.224087
29.240446,-46.314617
10.726327,-33.204044
35.2796,-35.73191
10.196829,43.984833
-38.038177,23.642763
25.212349,9.33094
27.688597,-52.81302
-7.5904875,28.529161
-0.64734584,37.943203
28.63485,65.62739
41.27811,-30.61592
20.254143,-53.46652
-42.95668,-6.1354265
-35.985542,-13.517581
6.126129,54.06406
-17.057713,-32.005554
-24.397362,-35.72383
-49.92464,80.217995
52.866657,-47.164207
29.605362,-40.7249
26.985752,74.39049
2.736755,63.985523
37.130756,-57.26057
45.651726,-26.006577
49.599903,-72.15714
-27.602364,-32.16395
-33.502666,38.184418
-48.67481,37.51882
24.101433,-0.68914646
0.68345034,37.901333
-20.246407,7.850146
8.467564,42.1967
36.371944,-30.964691
-53.02155,26.396872
-24.210514,45.13179
20.342083,-47.860203
34.01987,-28.040648
1.4501156,-33.6718
21.646769,41.506447
-72.77401,35.132027
-60.265793,36.902977
15.389343,-10.042824
-16.41624,-46.39345
-69.742966,11.906463
44.851665,-35.45199
2.2390263,36.5432
-34.504128,16.676413
3.403571,-3.8225117
-37.229095,11.860878
29.396898,-24.459991
-43.723972,-47.130592
-30.245459,30.142859
-10.813031,30.547253
0.50599587,46.60932
21.36204,-26.48255
-1.797413,38.700703
-30.319794,52.532997
19.990345,-49.47796
-61.463505,66.16048
-30.04231,23.027357
25.990967,-26.848671
29.172863,-15.939794
3.670864,57.488316
-32.977577,15.554653
0.85651135,28.254164
-12.468403,-39.446297
-11.23845,-6.160278
8.973752,50.2602
13.363745,41.011395
25.784492,-20.932728
15.855345,42.342228
-76.32025,21.370722
12.880037,46.05154
-78.87082,32.5354
27.264454,-48.925423
-60.26526,39.21814
-0.6320448,38.125313
-19.756319,4.349759
27.381544,52.605362
22.534424,-55.476994
-36.541103,33.808136
-37.31306,2.505198
10.469739,-71.90107
-39.440807,36.602253
-57.606194,56.643913
-70.435196,-3.5082257
22.447472,74.26466
-14.425843,29.458956
28.740685,-5.3691435
11.397284,-16.40339
-69.578186,46.565063
-22.36786,10.713164
-25.166023,28.707146
-63.231686,37.218018
15.169963,-41.695538
-32.7979,33.302643
-14.295088,-10.438347
-0.52365744,49.799294
-20.317404,29.502184
-19.993383,80.11952
-56.773018,-1.3568292
3.7622094,35.55784
3.296821,67.28952
-3.253323,-9.044443
42.891323,-42.694103
27.848335,-25.086517
-3.210738,32.119728
1.7016405,33.497246
-69.087975,-16.165386
-32.173706,-26.026943
33.939335,-61.90977
48.028416,-51.177742
0.6208598,12.05183
42.222504,37.452988
27.321342,-72.77144
-78.99623,42.425148
27.985752,-46.906914
-8.300727,-0.021047313
36.915314,-25.968674
-30.778627,11.889914
57.573505,-30.417076
-4.889994,43.44608
-28.91427,12.755895
17.189745,-24.763947
-13.245127,-42.176857
12.272296,44.032715
27.625492,-15.126388
20.676243,-21.764982
16.713442,-84.91431
25.022936,63.84126
27.235249,44.579433
-15.2287,23.034218
-30.43806,12.582236
33.575993,-22.00968
17.438421,-53.256916
21.513777,24.690516
43.185757,-40.300488
10.71826,10.650143
-7.530044,38.324615
53.40073,-34.92186
21.14341,47.351868
71.631195,-29.519152
45.14114,-40.09043
43.845295,35.371002
96.72711,-41.427727
31.132107,33.45687
36.158436,-44.30062
15.900419,-54.941315
17.23374,-19.129377
3.3944888,27.960447
-30.565237,11.590979
11.447537,-9.715389
32.093113,-43.861206
-65.26522,36.11325
22.98177,36.511776
5.2285075,57.738617
17.015606,-52.27864
-57.65459,18.404709
3.1832497,-15.29543
-38.068096,-15.141627
28.20211,-30.84614
-14.460961,-50.92601
-15.658422,23.960075
-29.34843,-31.44992
3.553149,35.358925
23.812637,-48.46325
22.212326,-64.40949
7.2932105,27.830576
34.30852,28.418257
1.1135758,20.583475
2.9006805,33.201756
30.622896,-39.715794
25.447317,-47.09936
-25.971851,-36.15343
22.037836,25.799797
8.21757,31.295265
53.83487,6.079289
-38.649242,11.710831
-48.897804,63.543728
33.95811,-30.94626
25.383474,49.404045
4.4345527,32.593533
0.8307054,-16.177147
-33.094383,16.013037
1.802051,-59.424583
26.874775,40.771706
57.015274,-48.63398
38.650967,-30.075016
19.44408,3.5157413
-16.311913,32.82863
-50.137245,40.941757
-33.315926,30.388481
33.400745,-28.486382
-14.665223,3.9181027
-44.272316,30.411194
-14.771382,-47.536617
-41.130665,18.970903
13.56502,39.168304
43.606735,-58.18328
89.34324,-46.497368
5.673083,33.003876
11.716004,35.836456
-29.585106,12.524798
-12.864582,-9.259134
16.043959,44.530823
49.09322,-36.416515
27.069397,-46.137924
14.514067,36.54593
-20.856485,20.069956
52.58469,7.8857346
20.408388,47.916325
-33.65566,20.67159
16.760439,31.739658
-32.98287,25.71229
-53.3322,-7.478305
-61.466534,27.539938
-32.27224,31.778969
-31.53065,59.065063
1.3129536,5.4271436
52.01991,-12.826819
4.951514,24.693367
10.007695,27.55385
6.9376063,12.568963
-77.19213,39.061977
11.293317,46.095673
41.536434,-41.02955
3.3948548,29.805492
-18.460575,-61.270027
-30.742952,33.66714
16.968622,-32.15771
15.082042,-15.384579
-63.89929,25.30901
-10.629328,28.055029
59.926765,7.7531395
-31.067743,27.735083
-15.638447,27.79457
-34.90885,-1.1391705
-29.271715,-25.889252
36.54143,-50.426296
-36.505943,-39.01826
30.420551,-47.04292
-18.32783,23.938444
-31.571596,-2.9754007
10.342964,-8.763161
28.190163,56.73101
-36.590534,-12.436027
24.348598,-13.379011
-15.2786255,27.635286
-37.428436,-63.962578
-26.363329,37.21881
76.98793,-32.93919
28.124142,56.635483
-0.85467684,-43.722084
-2.656801,6.0101576
57.155296,-59.82039
25.856384,-45.232742
-35.93805,23.522078
23.305912,-33.98465
-22.290327,27.068895
-29.910992,43.230476
14.520301,46.91566
10.904522,20.44543
-14.909849,30.142872
-25.053902,18.81188
-32.507652,51.199776
-10.761555,70.01092
-29.145872,12.861362
-48.074635,45.36116
36.490417,-25.229416
-31.210255,8.590554
-15.752195,-10.171572
-16.434464,27.889181
-10.274275,28.819176
-8.359124,-8.050326
-11.323722,-38.892563
-47.543648,41.081562
-26.32514,34.10741
-30.37043,12.6834545
-12.4901,0.41383702
-31.775322,23.43981
21.780014,-59.74662
13.041315,-9.699959
5.3351297,44.405563
-37.272854,-9.883689
-59.08018,63.14818
28.72781,-28.275824
12.172418,33.024117
30.073833,-65.98216
-63.883465,16.819607
-5.9929852,-2.5448158
34.572308,-30.022066
-34.73008,-22.746883
28.936241,-28.418028
-20.720533,26.988375
-71.77795,56.206345
12.913761,69.50189
-11.143559,-29.492651
1.9669892,-44.257305
-4.8779798,-29.90965
59.647663,-48.03153
12.428376,-23.059017
41.85324,-63.293285
-1.9258302,46.805042
-10.18913,29.517345
32.54008,-38.22297
-82.60977,9.857809
1.5356568,37.852974
-33.063877,32.818443
9.20953,-8.279567
35.165485,-33.746384
-32.530495,-18.166859
-58.50406,-2.5346599
-43.927532,31.919464
41.021137,-26.940464
-5.3184814,33.171417
46.375484,-37.5684
16.473696,-4.377565
-2.9728684,26.008968
49.732105,-30.866907
-11.985615,-52.616043
8.269108,-33.93743
21.177036,-90.08535
49.02892,-60.03721
-36.34838,59.085556
-2.0364916,-42.465218
39.05565,-25.45389
6.9166994,-25.001026
53.3355,-28.059383
-65.29776,0.9420404
-25.029343,-23.620758
6.1718297,-12.339258
13.058657,41.08734
25.412169,-53.860172
48.758377,-28.214407
40.586086,-46.05999
-1.8434465,-39.088852
-23.650007,-39.722897
5.4821415,61.985916
40.992596,-69.44807
-30.705437,28.494213
36.74001,-31.691269
56.021275,-23.261703
-9.241017,-22.675318
-33.933292,41.468376
19.42406,-38.35918
35.684177,-51.37192
3.357242,-2.6278188
-15.073137,-42.710823
-30.645847,-29.367668
-10.0857115,41.106827
-42.144325,14.230118
-32.125637,-40.747158
-42.870403,70.54228
-51.95736,81.19127
20.150728,-17.748322
2.3292637,29.946232
71.59683,-52.070942
-0.86522895,23.640396
36.119022,-43.543575
-23.015179,-14.476346
61.934765,-70.7477
6.390987,7.3747325
-76.4756,1.1210141
-14.010961,-2.3213346
7.6307416,14.486832
41.90726,39.14931
-59.643154,1.8984661
-43.853184,7.6926875
-30.406178,42.68757
33.403847,-28.759373
11.246033,-5.8191457
7.3977532,-38.66823
-60.328945,14.906918
4.9665556,34.209274
-25.603344,-22.719967
-37.937695,-3.4579718
24.189955,-49.770954
-26.346645,54.250587
32.494465,-32.454395
-25.942553,12.309223
12.594233,75.87456
-19.926702,7.3146996
33.82545,-33.954227
35.371834,-22.307611
1.2231177,-57.22862
-57.900433,-17.46599
20.409773,-36.514965
-19.078453,27.174185
63.65452,-29.314482
-36.29674,-17.32445
19.81074,54.386196
38.87826,-44.94397
-62.51568,-2.6907735
-55.52528,44.81035
-36.157413,18.438581
0.071186066,29.725073
-10.014554,-40.496513
-19.384539,27.74575
0.73116744,35.536922
-22.260569,9.246035
3.4037826,33.357582
-38.480064,1.2444782
-2.425534,43.011482
-35.18055,24.600708
2.7418149,-50.834087
-85.17802,0.8593959
-39.105038,-4.838772
-41.44295,11.977101
19.72598,-53.335403
-35.297707,16.256
-4.03155,61.598022
-3.1940565,-11.634953
29.108902,-60.301216
-31.023346,13.584321
-0.19917679,52.172012
-33.124554,14.587791
-25.131935,27.492771
66.67583,-65.41039
0.80434656,32.213753
-42.03247,0.23794717
18.265448,-29.542192
-6.510755,29.780294
-59.468956,41.011986
56.93575,-59.152294
29.32535,1.9432669
-51.332417,35.175713
-69.78724,25.459455
-35.40424,23.701735
-34.579906,12.906146
27.877026,-24.570982
-46.53787,9.255461
25.258495,0.02134043
-0.9876658,27.141268
12.448713,-73.08967
-72.39275,36.16084
34.29804,-47.193134
-34.380005,-22.431007
38.56129,-31.232954
-53.967537,35.465126
45.165684,-24.187439
26.154861,-39.33864
-63.943935,29.023655
31.665161,-51.66355
39.989418,23.493475
-31.67675,1.0253916
-71.551476,16.318092
0.3610314,37.90029
-58.325638,-1.1443197
-2.1154962,27.507105
-2.2053769,48.28373
14.182409,6.7466035
-39.07571,16.974028
-37.985676,23.113642
-47.825825,-33.68827
15.191515,40.599915
0.4381945,32.76661
-33.158882,16.005842
47.33797,-73.409744
-16.085909,44.85253
-3.6875346,-64.61755
-42.540005,22.204971
-42.41069,-7.4310584
1.7144588,-63.637093
32.02766,56.626057
53.349243,-39.511585
0.15017915,27.08774
-0.74352974,49.670418
15.723233,39.336685
41.618233,-48.873318
-16.689453,-58.382225
-37.619255,21.558485
-67.311356,62.455437
3.5628724,-32.170513
-17.439035,7.0146384
-70.0902,51.68873
28.220764,-37.315292
-34.454815,24.615683
42.917965,-63.087364
-72.60644,20.077948
36.284977,-52.001213
-83.328636,28.710638
-38.958214,11.47355
-43.250793,48.03804
57.58236,-32.89876
53.469837,-4.1245866
43.47309,4.492773
9.919359,16.15275
47.73499,-20.76173
-70.242455,33.1351
34.79453,-26.674152
-0.19861647,-53.73087
-18.268414,53.82215
23.52535,-60.47646
-40.909134,-11.242897
-36.62764,3.0271814
43.166145,22.944838
35.99646,-38.495407
-68.32762,56.350376
24.219759,-50.874393
-76.285614,36.525238
-7.271241,-55.01937
38.31999,54.453926
4.918939,29.309605
-71.03454,-31.999506
-27.189135,11.432809
-32.890144,-14.411138
1.1245764,29.326918
46.893208,-36.626465
53.599358,-37.757725
-30.918797,3.6296759
-34.685863,11.967432
-16.676188,-34.690952
23.208164,64.39467
41.287388,-66.69175
25.152401,17.434546
16.619726,-40.490444
44.77551,-37.250156
-50.5319,20.319586
-30.035093,29.709982
69.289566,-45.632008
18.200079,16.14819
33.175293,-59.81253
-11.577574,-12.216778
28.831192,45.59957
23.22808,49.296993
-16.0487,16.103258
-6.4339795,24.170908
35.932167,20.565199
26.156652,51.46409
29.223392,26.449568
35.2964,-29.754375
20.295322,24.587507
-17.34109,9.389559
-21.670263,27.13325
-79.80589,35.362606
40.66546,-26.561068
-20.903193,-40.071243
60.220394,-58.05517
6.457613,17.485483
14.11716,40.18557
-35.78002,24.123693
14.219431,-48.904408
-32.264233,13.09272
-38.896713,16.056099
39.65105,-3.2798097
50.39341,-12.826396
-32.535854,31.654772
-10.226432,-18.93674
0.49210095,-3.9136095
-20.356855,32.248005
3.0663762,19.50989
32.61837,-36.868614
-71.63178,33.120575
-17.841276,8.3984375
24.117039,-35.766037
-36.604866,16.709692
-31.372608,1.3287585
-28.946623,47.378853
29.133787,-24.14269
32.0997,-48.206867
35.683964,-49.357914
-6.417169,-15.686464
-12.140907,53.948196
-3.63362,33.82786
-41.876938,19.545221
10.923889,36.844048
-22.465773,5.7580085
42.486485,-67.86057
-69.09835,5.9047375
18.43166,49.714172
-3.5979512,-5.66317
43.01949,-63.39695
50.686977,-47.650097
-6.5015707,39.796833
14.135841,-33.283318
68.23103,-30.345919
4.133177,-51.204395
31.961348,-7.7472167
-34.044914,20.661417
-47.009964,49.243805
64.80115,-22.755768
14.975476,-39.33081
-63.374287,45.991627
31.016996,-42.92891
4.4539237,44.166214
-60.097267,34.245544
47.880886,-24.254173
-76.486115,40.528473
33.2664,-30.996275
-38.751194,35.78453
-46.927074,-32.776653
13.239004,47.296318
35.96043,10.722037
-13.493119,-20.72301
-30.373869,57.634937
-7.2184696,46.287178
-19.50934,25.559404
59.530697,-31.732225
-78.54405,48.12722
17.64152,-37.397984
-55.352905,17.190128
1.1026216,40.90277
-29.993004,35.103615
12.672707,-5.062761
30.3773,41.987583
-32.024677,19.059048
-50.8709,-34.2684
-36.34641,7.431919
30.347187,3.5829017
-21.765274,29.093195
62.81427,-34.303406
48.327927,-62.141697
-2.2342434,5.2988
36.764927,-17.880373
19.774527,-15.582741
-24.48041,46.03907
-32.982227,18.84221
16.65648,50.067
-33.696102,21.308235
-5.8991075,6.1955237
16.502869,-51.176804
-23.984043,9.035511
37.621685,-24.591223
-33.407246,10.14102
-12.569677,7.0940948
-5.230258,28.443811
28.862003,-20.98654
-36.28059,-18.906155
31.890179,-60.63156
-31.440998,22.720026
-35.814182,-9.732002
-43.92052,4.0886803
32.723286,-26.636576
-40.56722,49.2819
-31.329477,24.50673
62.167973,-33.553394
1.4130718,36.84802
-65.726135,50.275803
16.644695,-42.002228
-9.199534,23.514666
-6.8428473,30.274845
-25.19563,11.1512985
-59.972317,-4.6157393
-44.672844,11.800072
-57.0282,42.783367
82.799805,-34.943935
-5.785666,26.161627
-28.506506,-12.000394
15.192842,6.7008705
-37.01923,20.474604
-35.784687,48.67667
-44.055553,-9.207643
-54.91555,49.437626
62.89508,-16.75569
-79.66214,17.831244
-40.476063,33.846443
28.402401,-92.891136
37.57755,-25.7648
33.57404,-55.76451
-63.760475,48.39771
43.577168,-39.55389
46.03336,-14.085264
16.565033,67.082466
-43.129868,29.5171
5.330248,39.746002
7.876162,72.248505
-5.764184,-16.943079
-33.362522,33.298424
23.865274,-49.87007
-67.18959,64.91243
-57.020706,20.872606
-2.205607,-19.552654
-11.952501,24.270426
23.260242,-65.06797
-80.0335,39.432663
40.922268,-29.528349
64.163574,-35.077183
38.34112,-35.46079
-17.168192,31.683699
0.52949417,74.428085
-24.970478,42.19346
-46.791122,-20.239855
1.9126233,50.435513
-24.717812,10.997729
-33.405987,15.057537
10.752284,-18.056932
24.609869,-19.835306
-63.84068,74.94733
-47.749428,21.06098
-74.62467,37.49364
-37.4714,11.952157
-1.3978254,-5.82595
21.144798,46.2547
-37.688812,-0.7628538
-37.473217,19.325598
-64.164314,44.55406
-40.44817,-16.132856
2.8163853,-24.19891
43.276653,-38.847824
21.852005,-39.09267
8.675993,37.145947
-22.237541,10.029626
-6.718615,-7.1522098
-26.110725,-71.30871
-17.224495,24.888973
43.28795,-21.860752
-0.6628848,-0.3633423
56.258526,-45.602474
10.388941,24.740713
-35.543434,35.884556
-40.54554,52.10578
36.134968,0.683366
-32.295635,17.768263
12.00403,48.06288
-26.790731,8.965755
-41.888477,-9.123003
-6.9717164,-58.808914
2.3113515,49.43676
5.062489,52.469322
56.754475,11.326926
46.97623,-32.304104
-13.724974,9.721015
38.63538,-62.000874
18.762703,-42.122753
-64.01389,51.533432
17.823307,-43.561592
-38.141758,-11.593414
-49.46558,38.69893
-2.657227,48.162884
-39.7755,43.562126
-30.237797,3.825271
-1.5691583,-6.6371207
-30.590313,29.812439
0.8170747,5.389031
20.434864,-31.214811
-43.452724,-5.1158648
-20.479174,-19.117662
26.07269,-33.639015
45.23846,-73.77909
-33.02169,11.5497
-22.378696,-21.14495
-33.225723,-25.361555
-47.103897,53.13371
37.939995,71.88925
14.869608,-53.458725
7.9187846,-26.51859
-21.393042,26.152176
21.262966,16.963137
-45.45389,17.961754
-0.34775895,41.568806
52.127167,-58.316517
-6.2585444,-47.385227
-3.127117,25.786116
-70.70967,-0.46313766
75.259186,-43.794945
7.101792,29.648085
38.624775,65.57318
90.12273,-34.21838
34.241344,-31.520903
47.20702,-33.901917
75.84457,-48.134212
-5.627155,41.18489
32.624622,-27.10143
-32.930492,20.257624
7.4573236,-4.5376806
-75.24174,9.531456
40.60078,-8.941837
16.439438,-26.755888
-15.428987,9.701057
-35.254578,31.99671
4.5780587,31.211699
76.87859,-51.79329
-66.04104,29.399208
10.384138,-29.325958
16.19653,-34.820984
-48.29198,36.835968
55.62229,-58.323727
51.243282,-38.640903
2.211166,44.330338
31.51461,-29.179674
21.724998,-48.549675
-16.507326,27.012323
14.5412445,-38.186867
-39.757217,-35.805496
22.864471,-44.241314
75.34667,-41.064594
41.71326,-75.71615
25.432003,-55.462513
9.556973,-73.99936
14.691616,-49.803257
-41.614563,47.623806
73.76418,-53.93276
1.9086674,-14.860945
-82.9539,32.64429
55.566807,-89.13303
-35.879803,54.330563
23.009817,-25.13623
-39.287205,20.738787
15.9067955,34.918934
39.798542,-44.500984
17.665195,-42.244232
-3.2568831,-47.825233
-17.492096,-16.27621
-4.904787,-3.585043
-40.495678,9.066607
34.00487,-42.46138
-33.599598,13.251942
-18.89695,29.464157
-9.637118,28.147799
39.124363,-1.0528738
4.757793,29.090912
-31.635971,12.136032
39.013638,-36.07606
-79.01121,43.93726
36.76724,49.401028
-15.65613,16.896147
-13.182421,24.867453
-52.164696,-17.633759
-35.378696,24.498621
-36.31877,12.10103
7.8583374,55.700172
-38.03336,-12.289354
37.98048,28.166151
-33.68882,5.8805127
42.6346,-32.724594
4.465106,48.918312
5.5369725,-45.00975
32.604534,-41.290497
-13.699853,27.912474
-10.438746,-53.359676
37.101894,-27.170275
10.8859825,-39.50434
-30.729416,46.47072
22.794027,-29.534952
-79.21735,46.058983
25.432861,50.44464
33.38931,-46.138058
26.828205,-42.06732
17.627583,26.848324
35.370502,16.939796
4.969203,41.61996
-25.71824,-28.192045
6.407008,-48.8709
-42.438995,14.641751
45.128048,-30.03692
27.656675,-51.04952
-2.7516577,-20.647278
76.40178,-56.34994
-42.932194,11.270426
-7.6116767,39.447426
12.441822,-7.900457
-43.94937,-0.012072902
12.1207485,-45.607716
-33.23198,-1.8485568
-10.145855,-35.869156
-46.36019,-35.463627
-31.70199,17.484772
11.965868,32.69287
40.904743,-64.04077
-2.0649412,36.949886
50.201756,-21.731583
-36.442524,-51.594196
-64.556335,0.118436754
25.318394,-20.160208
-32.84613,17.516855
34.397537,-35.89113
-24.625498,10.708091
9.348232,-60.91829
-39.379692,42.879166
63.333603,-28.000406
34.245617,-30.826748
-23.229635,25.964384
-27.646646,-52.3047
-7.2962036,-3.261863
60.20213,-33.768402
23.258602,-60.001064
-50.01408,38.643753
-40.058563,50.861965
-28.13085,8.67884
-42.125935,19.214622
31.1719,-76.39984
5.3188977,55.5505
-13.012505,23.725039
-8.6140785,30.099476
34.96813,-29.482582
8.58896,58.376656
28.211308,-56.269012
-6.620197,-16.129238
-29.439184,2.50863
-70.416046,61.492542
-33.95969,22.492687
-31.650148,18.564806
-15.251349,29.52315
-40.53988,36.585922
-0.8005751,-12.657695
11.642416,50.404182
-47.082268,30.221052
-36.72371,20.989847
-70.534676,23.250605
45.651127,-5.983328
-4.614497,37.1511
-69.141335,27.096025
41.742683,-66.68533
-1.0515567,35.114372
-36.650383,19.983423
39.079655,-24.618813
-28.45674,35.942913
-25.854445,11.465469
-48.07746,-21.639666
-18.133856,45.191143
-56.643265,33.724365
-9.375095,-16.944647
-40.653316,8.333874
36.27634,-42.520763
-59.43149,33.60601
-21.605064,-10.174266
-31.403116,25.094727
-3.1747246,25.268232
-14.571326,-13.680584
3.1034446,38.39675
-2.2307975,43.04576
-44.623734,4.4651675
-7.0545692,52.148834
-21.966383,-40.513996
47.731075,-40.751167
-38.292812,78.09742
2.8273895,-16.274538
30.054806,-33.008087
-38.49582,14.711964
-18.059177,25.003628
51.798706,-24.925634
-29.073631,46.42787
18.993927,-12.373629
-10.339755,-13.113592
-1.1859307,-54.813614
0.8604764,52.744675
29.093369,-48.296432
-33.069923,-31.682934
-38.147285,19.903414
40.754234,-68.02588
-33.00521,40.3167
4.7068815,43.730194
-53.138123,-33.552265
-78.10225,46.914192
20.741198,46.607437
11.401241,57.110474
-56.62219,13.0285015
90.33464,-75.29006
12.096169,31.990541
-35.082897,21.876759
-52.696117,41.68868
-11.67522,-50.626152
-44.27474,60.49964
-33.070778,50.58795
26.451553,-52.363323
-15.382334,27.08254
-4.7221093,-26.34028
1.3980087,-9.213568
-39.410973,20.255804
18.026766,46.74428
45.92181,-31.232193
56.01166,-28.150269
-34.146305,-49.070652
84.85673,-30.520605
18.647293,55.14852
42.660107,-28.011332
5.099172,31.297693
-11.314674,26.403467
61.91478,-43.847675
-5.476178,-0.37048736
30.477314,-67.71867
-7.0717635,19.333906
-44.70951,56.40556
10.169092,34.48342
32.367252,56.71045
-8.991516,24.320158
-6.4098883,2.1024055
11.651954,47.92025
-34.917297,-21.35667
-22.09493,9.9564295
42.914608,-26.154737
23.981627,-20.977512
48.533913,-28.504011
-20.290955,10.267225
-65.86355,23.37496
-4.015828,30.079666
28.691326,-31.505392
8.361095,57.204044
33.692173,-30.436138
30.143154,-41.69327
26.492874,-29.272106
-32.1159,3.0231724
3.6373897,29.631483
-46.60688,22.76285
-44.593952,-0.66312385
-40.614304,-27.227657
42.75616,-5.8162394
8.132194,39.133324
-41.657173,15.306938
42.37781,-33.303295
-28.756704,86.285255
18.081806,9.758804
37.71946,-21.476068
-76.33424,24.69015
-34.14203,14.490592
-39.085983,35.705162
44.989445,-71.24776
-33.457615,13.61625
-35.153294,24.483988
-13.107331,29.632177
98.181595,-49.39045
-61.837753,-11.379635
13.214308,31.610888
-25.279415,31.123423
12.193846,31.182266
-56.831177,34.251953
-10.819304,31.261
15.094262,35.47586
-25.149265,10.902702
31.740257,-40.875267
-6.8209314,19.33477
22.00644,56.99527
-17.32386,45.479393
19.263891,67.769554
25.862831,-65.79401
70.13003,-55.192947
37.765385,-48.3785
18.161043,57.877815
-28.002115,32.235794
-35.504265,34.56768
17.046682,-10.99795
15.386902,48.13514
-27.84251,12.15546
16.186079,-44.537083
-34.1843,20.356354
-3.7681906,68.49223
-41.199986,51.257454
-38.7506,-3.7065794
5.794521,-9.488574
13.957958,39.83322
-69.449425,27.603796
-34.774963,28.56118
1.8961924,77.445404
-19.113163,20.554098
-71.3099,40.92858
59.43413,-35.576843
-68.83533,45.266953
-56.265705,42.491264
-30.992268,27.298521
54.858353,17.668467
-0.47933868,28.924652
-27.384212,38.463547
28.42299,-49.57182
5.366805,-15.599119
-62.139507,29.078876
-15.799663,-49.077213
12.406452,31.793175
-36.75456,23.459646
5.425967,-61.645466
-16.733181,26.807909
-27.52341,11.565771
-0.522008,27.57166
-10.41448,-14.024797
-11.162047,-18.814545
5.3499575,-18.80325
24.544792,-37.219223
55.334385,-37.624348
36.41325,-20.612885
13.099736,42.010544
29.737982,24.60994
-27.728718,9.120926
-21.857525,30.298136
2.5706482,-47.144463
-34.20668,-5.2670336
25.515034,-21.761782
-33.965355,18.625273
24.120937,-30.118748
-30.524908,-54.757168
-58.166553,64.605736
30.354658,-39.885708
-1.9382535,25.52928
-15.612545,20.975664
-28.708878,12.486973
20.387714,27.280304
39.74138,-27.010578
-41.60354,-11.214057
-67.80579,16.097986
-72.08317,50.001945
-22.503729,-27.11733
-31.60641,-0.1477186
-12.045097,1.3930478
41.98511,-63.597748
9.41625,-37.746082
-30.923347,13.184157
-2.2518027,-49.832714
63.014084,-35.86462
12.628945,-21.530827
20.512375,-80.75247
47.06587,-74.351845
-18.14506,0.512844
51.508335,-39.45234
-67.948746,4.810362
65.350624,-10.122455
16.981691,57.021774
37.04228,-29.987928
-2.6084964,38.38491
-1.5548489,28.71721
24.6805,-32.7291
-4.3861284,42.710026
32.982365,12.376847
-16.356789,25.73998
-24.998657,-9.393674
-79.37067,44.85534
27.024696,6.085802
-46.364857,14.581009
-16.615286,-24.46113
-41.649036,12.106264
56.66061,-32.298496
-8.004646,24.161797
41.418472,-27.752121
-43.35844,18.327845
-30.460821,13.521905
10.421595,-19.258163
-17.933037,23.942888
25.095322,-19.665678
-49.680855,11.4257145
-50.40438,37.414867
-77.83099,21.381742
-35.93004,8.246252
23.548584,51.465885
4.2959733,8.523973
-6.4468555,63.712143
-22.031588,-5.6267433
-50.524914,13.268699
-33.00241,29.851583
-22.214218,26.005508
-62.340572,34.49362
-39.55323,7.497101
65.56374,-30.537687
-76.86051,52.421318
5.4807076,19.518547
31.892954,-72.2624
-0.654236,37.416817
-26.651775,30.73305
-76.27395,38.776455
14.480423,4.850816
19.346773,-45.238365
-26.874868,11.22078
16.780745,38.026005
4.323242,-16.798595
-0.60067654,40.814342
-14.617412,-21.420149
23.059418,-45.977985
36.4648,-32.87058
18.971344,33.29384
2.1324275,51.36133
51.091633,-32.3666
19.514067,48.199703
8.57824,-63.82494
-26.03636,32.714993
55.15288,-18.460955
-15.592226,31.012068
-9.534531,-64.66979
-68.03122,26.579088
-19.452002,25.116978
41.89146,-26.735865
43.65565,-55.663914
-39.193386,21.338047
11.630656,81.90245
-64.67606,-0.19502811
-43.32504,40.012672
-22.54103,10.081576
-75.000694,22.142702
14.308185,-62.683086
-30.230547,-9.826018
4.2832036,-14.837758
9.86228,45.245865
-5.549245,24.788507
35.70475,-18.160654
-4.6166906,66.31355
45.049545,-84.67621
24.941416,-36.29886
-3.0686114,-37.01184
5.3569875,33.70602
-28.179188,-10.703911
-44.985573,15.707499
12.755632,34.77053
32.05588,-25.627026
23.927229,-55.52815
-48.315876,47.143227
40.721104,-36.92828
6.4630895,-14.327316
16.431889,-62.437653
-32.91824,39.924217
-28.321962,3.8718033
54.26429,-20.972353
25.519726,-41.94532
19.438663,-20.280243
-1.2117666,-53.143505
15.945894,40.845932
-23.883297,-27.441607
-6.560671,25.76034
-62.413387,14.18589
-39.074394,33.008038
-0.855957,51.63636
-75.393135,47.357628
20.757515,-40.648125
17.137245,69.93962
10.928421,-41.437977
-17.125107,-19.998974
14.453943,53.576035
-69.2896,50.288647
13.899799,60.317894
-46.419075,26.891434
26.529333,-22.377913
5.614942,49.596924
4.5883,36.969467
12.30308,59.742844
-83.62341,-8.924137
22.103794,-59.12345
-40.353085,66.36358
29.296188,-63.826244
71.254654,-15.719289
-21.317137,26.836866
-12.96628,-14.9408455
3.5325127,-55.71047
-31.68175,12.247893
-34.167664,13.888816
-32.286263,21.326658
14.617048,-9.060466
-7.618102,13.458818
12.527633,-7.884182
3.3492832,65.80609
-34.313374,-7.299755
7.1811585,38.775616
-69.34174,5.1132083
-65.00368,-0.82713294
-1.749366,53.688896
-57.664764,59.089092
-26.283415,27.779974
13.221243,-12.598389
-28.77611,12.246261
4.959465,47.18203
-0.25122073,12.272781
28.355076,-50.994884
-18.683556,-28.465113
-2.4027116,47.805965
-61.24344,19.302814
-40.657932,43.391167
28.557446,-24.312151
-25.345543,31.413143
25.669964,-54.07321
31.843208,-37.35029
-40.16312,13.567618
1.039255,35.73652
12.043831,31.827553
15.328871,-33.311104
63.36478,-62.932556
-61.820026,36.872246
-35.56056,-21.56592
-28.345324,29.677368
-17.491232,-26.89438
22.245716,-59.63476
-34.718166,31.486746
55.520634,-37.640404
-21.724766,27.63574
-71.327,-3.9756093
13.871081,-46.270027
63.442432,-44.26478
-31.770926,26.829218
55.256184,-42.50837
-1.315786,34.30091
-6.478194,28.442068
-28.472878,11.896748
-7.0835404,29.967718
-43.705944,-3.3136158
2.0308688,-6.627785
50.39179,-69.57886
-48.725178,3.5266309
-35.62274,56.05894
13.268502,-16.789377
16.4897,45.6855
-41.320854,-2.2937245
10.386283,-10.848435
16.574299,-24.779146
2.1713724,-6.6043234
7.8259816,-65.46943
-62.214073,56.98619
-3.309031,-16.060415
-48.512985,-10.672076
-70.665375,47.419086
28.06652,-47.5466
-9.207092,0.36613625
42.213703,3.2178988
30.50712,-18.52596
-43.615307,40.783836
-16.919199,-14.297074
33.86025,-73.15209
87.87309,-50.75508
9.731522,41.736618
32.602505,-24.610075
15.677116,-15.62711
-25.884346,10.190319
-59.401,-32.24953
-43.66162,10.828483
-27.701674,12.20965
-37.68144,32.820557
5.84871,41.505276
31.876474,-20.244093
0.80837876,24.569304
5.3984084,-35.706993
43.399853,-53.63681
-34.39847,14.65545
34.884827,-36.52979
-23.233608,-70.71395
51.809563,16.567987
1.5788211,53.24897
78.0683,-60.622284
-32.57862,17.982176
-8.150701,-42.09778
-16.990244,20.05163
8.490555,25.035833
-34.781834,22.19661
28.402048,50.63912
-45.871063,13.485971
-12.929347,27.226862
30.456055,28.888754
8.062805,37.678993
-27.22709,-58.29096
-17.234539,-20.999662
14.044319,19.482615
-79.48857,39.97232
61.973164,-35.317295
6.8134427,20.949137
1.445164,30.40011
-50.358948,41.986465
-50.788055,-31.349247
-17.453928,65.6615
22.238583,-27.878248
-42.334442,16.095795
77.543304,-66.70439
-0.06224124,27.923182
39.302914,-26.449823
-63.956566,24.957298
19.094994,9.353321
-27.723831,-9.380832
10.562245,-40.35185
26.643528,43.78286
68.66158,-38.72699
-72.729774,53.513023
-31.03741,26.912916
32.12776,-30.31327
11.727944,10.796217
-51.52762,-30.262821
-34.438103,15.816416
48.7354,-40.27886
1.2113448,32.36256
-74.492,12.726232
23.53833,-39.975254
6.810988,40.002773
21.982468,-11.072422
-28.172895,-0.6680341
80.66165,-25.010853
-21.131115,-13.509042
54.782986,-39.362625
-68.27166,-4.0407295
15.473828,37.29502
-13.45622,-48.57489
-69.84412,-12.059729
-30.631891,13.558865
-19.72884,-25.522999
28.836979,52.913643
18.787594,-30.994425
43.38641,-25.78398
18.424711,51.505787
-34.85173,6.6787887
-0.5385514,38.556526
-72.29314,41.0869
4.298247,45.45326
-46.73183,43.637108
-37.33685,-1.6330227
-35.91081,6.8301454
1.9730581,62.543884
-22.470509,3.8838634
-20.47404,-34.421215
-31.908941,74.40816
61.51151,-1.9529009
-42.96999,30.442415
23.323013,-28.285265
32.969097,-55.960728
-30.65736,11.337172
31.99368,-32.87783
7.4424562,-62.453888
16.789904,5.6706643
4.179012,-20.152203
6.4790664,49.087955
37.244408,-61.321156
5.4858956,42.52371
-34.095387,78.62322
0.78042054,-22.300035
-50.94414,43.477734
-21.883314,25.438845
5.733071,40.78131
-81.48612,38.253098
14.643917,-24.287716
28.534494,-42.89213
-39.540806,19.400774
22.61013,-33.41541
-29.505514,26.616003
-1.6796052,59.737827
36.51387,-44.53386
-28.787283,25.409533
30.72269,22.025774
9.968224,74.38415
32.348694,-67.51978
45.47954,-59.486046
-44.456272,72.1021
-55.889675,45.737633
-53.186348,47.3255
-34.93135,17.846056
3.575316,66.23651
4.4222946,32.832413
36.07555,-65.25429
-32.41353,21.927246
6.8861175,58.581882
6.768966,29.593433
5.645949,29.657473
-23.218521,31.96524
14.761379,22.049864
29.472584,-23.813953
32.86698,-21.699316
-18.441383,3.6852388
-14.508857,5.1533785
-2.5840003,57.080963
-13.799227,23.53419
25.480421,-22.914865
45.99397,-32.26991
23.782064,-12.933591
14.087516,47.37713
-41.43698,19.372175
-0.60964864,34.224327
10.986111,28.013577
-35.403057,24.00643
6.0429397,49.54196
-57.950874,-36.785572
-9.698393,57.27144
36.83372,-45.12729
-39.969875,64.87596
21.000046,65.39426
6.5050797,-57.534687
-13.494867,0.77039963
-64.79063,17.65957
-36.257694,10.648796
26.232658,-29.828302
-62.78145,32.29003
-65.27402,61.37355
56.013668,-47.65865
-24.785143,82.35534
-58.968338,33.30127
27.135601,-48.652016
-1.9516501,37.25656
-11.298531,29.522715
64.35513,-57.58869
55.419567,-53.05594
36.99185,-33.159733
4.6750345,39.293343
9.1092415,11.405508
21.89157,25.774723
25.150103,-61.82619
13.115181,-27.53281
22.616917,-33.393627
-1.0098546,25.517433
16.782314,41.999207
-32.87367,18.952461
17.778584,-20.344742
76.94516,-48.870007
32.261044,49.297752
46.246986,-63.329517
-16.5727,44.14756
-52.48045,41.05992
90.71843,-56.71453
-6.4637003,-23.15477
-12.049656,7.973572
-83.51913,26.566715
22.068993,-34.85797
-37.00284,5.968434
74.95209,-16.913906
9.364426,49.11568
15.834401,-40.26225
-30.195126,29.025923
41.381474,16.677483
-32.718918,17.33062
-50.054512,-25.872593
-56.840225,9.808151
44.741734,-26.840685
38.17332,-15.853598
0.362543,54.367943
35.43145,-30.518755
-28.793127,-14.656103
-29.49806,10.588694
-35.27491,12.106611
24.642982,-53.490917
27.481976,7.7848473
37.977345,-77.40094
9.287656,-13.788819
3.527932,29.009598
0.6751329,40.504936
-7.5272326,34.93625
34.442142,-44.33312
14.920103,47.237007
-72.22343,37.31875
27.834995,-22.284952
-60.183197,20.677675
-12.697785,29.516806
-43.46817,-4.811081
33.13252,-67.013466
13.0828085,-41.20656
-19.76065,49.439796
45.383564,55.892963
-64.45651,60.67638
6.7741485,12.476124
12.75695,17.466856
3.1473062,60.28608
6.8145633,38.003666
60.2995,-37.233315
41.88603,-24.270609
-82.90653,12.171888
21.69577,56.008713
11.342182,53.029354
-5.7940073,40.33062
-20.041403,26.668184
-39.058064,11.548492
-8.905864,-22.200928
55.82548,-35.21192
-20.46618,11.503693
-34.283287,29.62393
9.797216,-44.240925
-26.308052,22.461493
5.358197,35.18264
-60.824112,48.87507
-62.629333,14.560208
34.288517,-20.121038
-72.67103,62.6214
-79.30515,43.08219
-62.67306,40.78328
36.250263,-29.33292
11.125257,-42.64201
-74.00807,6.9640126
-20.21342,-37.346294
-62.561813,30.467415
-18.07057,-46.22324
-5.911082,-40.347523
40.527416,-11.181123
-52.731182,62.156643
11.911234,39.950214
-63.75066,47.635944
27.667017,-21.154072
-8.056534,-5.573373
7.0617414,55.247154
6.5743814,9.884031
22.221256,-36.32179
35.224003,-26.610748
-2.1055315,27.636927
9.210629,42.378143
-14.236134,28.624128
-11.122265,26.08615
-30.24643,1.466505
27.15629,-30.01733
-72.68121,30.876383
-0.67048585,39.072533
18.543144,65.05708
-11.742218,25.815166
7.837136,57.36687
37.66054,-48.359306
-35.44935,26.033812
8.748902,50.582695
4.3973565,33.35326
-81.54421,38.804058
16.69338,48.95143
-24.144356,24.041933
40.649776,-51.8387
-32.61893,-25.676018
-43.281357,57.78587
-4.153979,26.71855
-62.655617,66.14549
29.575924,-26.020079
25.616032,-37.91918
-53.738224,47.791378
41.572712,-45.426113
5.388497,54.765457
-31.634459,13.221413
-58.580997,79.6317
0.437695,3.3596625
-4.7183676,51.448803
30.354424,-24.741137
23.770153,-62.81451
55.47421,65.47504
-5.0879636,35.84073
-65.75863,-13.629404
-2.0491397,-28.069397
12.073445,-39.86243
-37.196457,22.6795
-30.29958,-24.080994
3.9720068,-9.296154
-57.628555,30.415516
15.624933,6.838062
-31.697004,11.785212
-18.16003,66.70068
-42.346992,-37.123745
22.44017,57.086422
48.728275,-51.96463
31.15467,-66.41114
4.711566,58.910927
-9.046485,50.37683
-33.78026,-1.5275768
-83.509766,31.9603
-75.9633,44.5421
-28.41276,62.681458
-24.03349,49.000298
18.01587,28.62222
15.853941,-22.987617
-28.380903,12.554279
-32.05447,14.328047
-38.03031,20.069534
37.414326,-65.90564
53.00327,-44.821835
4.2139063,-14.016973
-39.282806,52.29662
-8.366797,32.53221
-8.093112,72.40666
25.76223,-31.225693
-27.12273,26.176157
41.75856,-23.047644
37.25239,-37.265507
26.30722,59.229023
32.0003,-54.5185
22.094358,-49.157024
-21.1502,41.159378
-56.20421,17.917042
6.917773,-6.1137166
5.8080606,36.505135
-17.554531,21.819117
-45.078995,26.558275
27.532545,28.463612
31.494612,-60.80303
-21.216063,7.6013923
-5.886524,-15.299601
47.338005,-29.339766
-36.93203,19.601442
-37.854454,-17.051243
-16.386272,88.663155
54.174976,-32.635826
13.960197,43.26337
23.581226,47.72506
-34.431225,23.529238
-23.22857,-61.142616
43.497105,-40.339188
2.919762,30.298737
3.0727978,81.37494
41.21899,-64.103065
-10.894967,-10.961831
-6.365658,34.83441
17.524048,-36.6315
-22.401836,-29.545574
6.7475047,-10.135011
16.052462,-42.209225
12.583058,37.299896
-34.358063,17.140493
9.885875,-52.777103
81.18084,-20.883877
14.726613,-11.796887
3.8353095,39.5738
23.341507,-47.657455
-8.443948,22.73485
-39.78447,10.427309
29.978947,-24.272081
-38.04755,16.274263
-0.88494873,4.118098
-30.589195,11.821113
53.298428,7.464766
37.181057,-42.733273
-35.519386,22.808739
29.243807,-69.46405
-0.9279282,-2.7499669
-38.46509,31.380474
30.22254,-4.159399
-31.291365,33.24094
27.357136,-45.427803
35.284855,27.184046
27.116135,-54.99822
22.78032,47.087357
-44.4487,16.15707
-33.598698,14.704416
49.40122,-47.11963
-39.504536,-0.74909025
14.156452,41.046394
18.416077,-13.488639
15.304024,25.059072
-3.6524198,-32.308254
16.211943,-34.407986
-22.623741,10.135831
-52.194683,29.530848
-40.797234,-2.5867112
26.422829,-65.21806
-23.552513,62.63346
-31.562307,14.022019
27.666153,-26.330557
8.221412,46.568268
78.7352,-40.116478
-41.631386,-9.93306
35.664383,62.60638
7.1602607,45.11278
12.233829,41.54336
8.109074,11.318586
-14.437643,-27.86956
-16.020075,-21.827545
9.516998,35.58458
28.519344,-29.126047
7.762078,-50.728794
16.14302,44.44722
-31.366663,20.31399
-2.8315008,44.11016
-36.57217,21.157661
-36.41946,16.035175
4.569802,12.178322
14.368025,-65.14797
-17.141031,4.3518763
-32.888863,2.1885033
-45.824245,13.938202
31.28438,-54.032833
-59.56525,8.183775
-13.799578,-6.735051
20.890488,30.084562
-12.465274,12.176207
9.172225,38.180386
26.160202,19.390627
51.41437,-23.001791
24.459036,-50.42324
1.0755739,36.954163
5.292514,34.049606
42.78938,-35.816196
-18.773802,-10.528026
-50.63344,39.733665
15.293642,60.122684
-52.49904,-5.021787
34.904423,-45.37188
6.549953,61.7389
-35.161373,11.777989
23.01588,-35.117737
-33.02962,15.414698
52.629696,-32.47753
7.5613985,39.43731
-20.532776,-18.291344
0.23222339,27.77634
30.394386,-25.9825
48.05167,-24.976994
6.497994,-7.977467
-34.690544,32.250305
6.743689,31.995388
-10.983006,-32.340538
-0.50930345,50.852158
33.957882,-63.595284
-50.760426,28.908575
39.6085,-23.920456
6.154108,39.06652
31.75595,-30.792183
-65.64711,44.790268
10.142543,51.436333
-42.355995,-1.3509625
16.247938,-16.763517
-44.601784,68.03173
-21.606297,24.090055
-22.40887,26.468906
-71.34795,22.350107
-34.863632,22.978167
17.29829,26.097532
-83.088646,33.331833
-36.611813,40.43126
-33.27549,19.53718
-38.41838,21.503029
1.0824128,-6.7372146
-23.615553,10.538116
-23.082594,-8.30272
9.48866,78.25703
-5.7585244,-37.929764
6.4403567,32.225433
6.4063964,49.783623
15.258567,44.878166
15.235144,43.90754
22.131882,20.025276
-54.88216,7.9114356
24.27509,-60.394566
-29.321337,22.815464
-25.412962,-1.5711305
37.449615,-27.40857
28.271505,-48.35021
36.879677,-55.367626
-2.4184914,4.2499633
30.967518,-62.215023
22.239496,53.65648
-16.183357,3.3321054
56.404053,35.218094
-0.38187107,-29.304405
36.025753,68.862724
-56.40131,36.503162
-6.549695,-49.21044
2.3252645,-55.351936
-40.529335,-7.465183
-32.671665,16.060587
6.8663635,-7.929493
50.881535,-82.05148
-7.125998,57.868126
-56.988956,-2.347963
34.137745,-28.432327
9.082956,34.272526
-31.541826,27.530485
4.3327746,46.481285
-30.479446,32.93606
-43.63332,15.285881
-53.861443,-0.30517834
29.157257,-19.323135
51.967274,-20.400188
16.24568,-13.573673
43.052227,-15.4605055
-18.061655,-5.870157
2.7865446,-12.307206
41.907642,-29.078213
11.297014,-24.30915
-2.4248643,-7.321342
9.903694,40.38208
-24.253887,-15.079064
55.12707,-30.578295
-39.797543,12.921879
-26.984488,51.937286
22.321106,-43.946575
13.116774,58.275887
24.598377,-27.35029
-12.312114,2.5177035
-0.02807809,-53.322933
-24.136646,-27.680458
44.373505,-92.29411
-0.37968025,33.203133
-75.54405,43.17978
-38.210205,16.202799
27.903225,-20.530548
-3.889767,28.332952
42.27052,-14.640223
0.20771825,55.471413
3.1417239,40.47505
0.83292043,39.752422
71.672745,-46.44198
-70.10238,47.565643
15.2290325,54.399292
-59.110344,63.56051
-66.187386,51.53692
36.099293,-30.73855
5.198931,-14.526741
-31.128881,13.126349
-66.41927,30.060444
-34.569763,43.34696
-77.7067,31.564379
-16.728624,-14.962514
-28.336813,-18.291426
2.6171389,46.655228
21.965029,76.37177
24.79342,-53.781227
22.63266,-45.59161
4.401332,38.290573
-47.976547,-42.188507
-26.317621,-0.8892509
29.34068,-64.03741
10.297752,-21.085491
0.34604168,28.77309
-27.476112,33.829926
18.56868,63.95659
-35.10705,18.894018
-84.039185,-3.6805558
-6.5085135,-48.029095
-37.30939,23.753382
44.220543,-47.203907
29.788857,-54.134853
-78.80943,40.47002
-41.24036,20.585474
35.743793,-42.138573
-7.2153015,-36.86062
69.72419,-50.102745
25.706476,-25.078709
44.31192,-26.669443
27.539434,-21.638636
3.8347733,31.67389
5.1614823,-1.2368047
30.752438,-1.8594688
-8.504014,2.0770025
14.656521,58.848236
-51.257103,29.135649
21.070412,-20.025183
41.498425,-35.1448
-32.285713,9.025464
-62.979813,44.566734
-77.37103,43.84729
5.1283097,-5.931049
-19.510479,8.797298
7.2711167,-34.11702
2.1922328,41.35214
23.022861,0.9303835
29.483349,-55.42766
36.31032,-48.881317
60.132305,-62.693172
-31.450788,17.932028
1.0055572,29.970453
-2.8063743,-39.106075
-8.560369,-22.832693
-68.06574,68.60224
-16.36433,29.406332
-43.806297,28.847143
-1.4730188,-4.164172
15.381265,11.478719
28.471703,-35.094383
-28.17872,-44.54338
16.599049,14.745262
30.619562,37.45394
-16.12627,37.74868
6.6048293,31.117594
34.198196,-63.541042
22.55972,68.150566
-18.020077,-6.504578
-24.27199,-59.03783
51.73333,-61.57921
-29.372953,12.490086
3.3041992,30.292732
-35.12397,13.392897
-59.78799,45.22375
80.41673,-24.854288
-7.2096734,-42.248447
24.522411,-53.817966
42.367706,-66.39676
28.94411,43.04827
37.230495,-19.302275
-78.31638,42.414055
-31.570858,21.511461
20.27555,-27.705969
-35.254536,28.72618
-31.657822,30.85937
37.11875,-24.136744
35.363457,-64.24887
-0.24828532,-9.989946
32.192997,24.073748
-31.953283,18.745508
-37.149822,-38.868996
-14.825438,-41.81529
-61.17515,43.677834
44.722404,-22.31907
-35.99154,23.286613
-48.06666,20.645948
-33.285435,13.2503395
23.065918,3.7999036
-18.980274,-30.522554
-10.797272,-15.25529
26.097982,-28.592926
-42.980988,15.478628
-77.31778,12.181413
-1.7092342,40.380318
-49.450615,88.023254
14.578072,-7.869524
-32.207954,26.013578
9.782188,44.032204
66.28708,-112.66462
-23.253277,12.653226
-33.816765,2.3574486
3.710236,14.963301
28.560345,-26.301239
16.204689,20.805273
-48.083843,72.23188
-19.994213,-37.632786
-75.151276,57.79626
38.564465,-55.022976
1.8304833,35.26217
-41.058598,66.15266
-38.835552,20.298439
-3.3856194,36.436054
-55.53276,8.397819
-60.13011,32.44076
12.080866,-1.2673453
-43.69433,46.04493
24.723557,-51.248287
-21.175661,9.593284
19.002537,6.0051394
-19.635468,-57.90593
32.208126,-27.84976
-82.36834,35.198303
6.958405,26.797415
31.877785,-56.22177
-36.486427,40.817764
-49.596584,55.098244
-26.937258,-16.809086
82.73602,-74.49982
25.807123,-13.637359
-45.546013,9.252281
-38.311253,33.31695
37.283993,-74.92647
31.43615,-29.772387
-66.69467,47.747917
-27.825672,10.262728
-6.123926,25.314352
40.39757,-29.14604
-56.18402,-30.803854
-32.374115,25.415117
-28.714092,25.236322
-30.526794,19.6368
-19.413994,31.151773
24.274475,-0.036420953
-62.568256,67.2148
17.098335,-17.286955
-28.932972,29.493631
32.739758,-52.203392
-28.706533,-19.905266
-15.4040785,25.178713
22.257677,-46.537838
0.6514958,45.82831
18.567013,-17.98671
48.616806,-28.195007
31.149818,-61.15382
36.627827,-56.70206
-9.858998,2.5177805
9.128665,-22.304916
3.963981,-34.36931
-67.723854,46.25492
11.389993,-17.26817
-74.29101,38.585182
-8.325953,-6.5343995
-35.37356,22.900816
48.578465,-54.001476
-35.945404,33.132584
6.686522,-55.522007
1.34661,30.134981
-56.151928,16.03585
-35.011105,34.29742
4.4495916,57.229748
-41.85989,15.710067
5.590626,0.037906587
31.699678,-33.460846
-65.22042,45.360786
-27.739243,12.374404
13.020193,36.137085
-19.21348,-16.155235
27.798038,-75.28276
1.6138185,51.590816
69.80366,-70.79712
53.18503,-6.9146256
6.5450845,-62.62269
1.9551573,35.383728
75.54994,-38.204514
41.72689,-28.332388
31.59244,-44.773342
-39.70745,36.381123
47.014866,-23.43236
23.115211,67.86586
-64.14114,65.516106
3.8497849,29.224257
-21.092123,32.586487
33.083355,0.49424833
5.9572716,39.833725
-79.71249,42.411583
3.9168,30.464014
19.050472,-30.18909
-1.4073783,-48.96434
-55.174965,29.26708
-43.168316,56.14941
-31.878998,7.2900963
-20.683823,51.894226
-17.113663,-28.44398
7.8962145,-13.196484
-35.78962,48.17916
-4.942432,1.5548121
11.006613,-3.597678
29.563427,-74.24169
21.46495,-41.193695
38.661366,-25.563065
-33.488827,25.007978
54.828594,-20.24209
-1.9798764,30.177359
10.680723,31.709196
-34.625698,13.577009
-7.286829,1.0517604
-31.264921,-50.60096
18.786554,-38.731102
-17.511627,6.089866
-10.963942,1.5367589
-78.685104,10.09491
-32.194572,26.818338
-5.437184,47.837303
-14.046602,28.65692
-32.739666,-2.2668917
-29.122492,27.869673
60.701477,-43.259052
31.278025,-46.03796
35.301365,-48.82552
40.917076,-52.655426
26.37709,-59.897068
42.900043,-25.900034
-12.46163,-16.639076
44.68827,-36.39744
3.9445708,34.62606
48.098175,-76.09601
-7.476824,-10.9473
-80.95531,34.902058
40.855015,-62.749935
50.494984,-53.70724
-24.332972,9.442411
-37.166447,48.475113
-36.881752,27.569868
22.354176,-64.43258
-32.57259,21.104624
23.077381,8.966859
36.973064,-27.646938
9.155332,-21.031446
45.319256,22.497082
-54.814747,57.901047
-35.230675,0.6205005
4.599422,34.43067
-0.031021588,41.45523
-4.6194754,28.330666
-8.843614,31.673847
-5.66115,28.690536
10.101896,41.337685
-36.67874,9.041601
-33.8433,60.962063
-1.4376581,42.127525
-52.236603,10.036052
-79.66815,43.488842
-66.243805,14.879343
-9.235969,-45.030552
0.41404164,38.264484
-47.73885,35.843777
-81.41541,34.340355
36.113186,-77.72327
-1.6431193,26.66051
-56.316975,19.018309
-21.838003,27.681803
-11.677425,40.26424
-25.128666,27.920025
65.24503,-42.27555
4.9408755,-61.30497
-29.404856,12.346138
-62.76878,-6.4234385
-53.710804,33.602898
13.174532,42.51609
5.23714,-11.392737
24.28886,41.215378
-11.541345,64.386955
30.852371,-23.597252
7.770846,-24.856739
10.017969,-15.163942
-58.30265,69.00517
18.13633,-28.882906
-16.23201,33.33152
23.398418,3.8487172
-3.409889,65.27095
-25.332449,-25.389454
1.8854747,22.927048
19.833004,24.615263
49.99235,-59.559105
-22.591204,10.091204
28.683846,-46.97989
31.278542,-29.900593
-49.772,11.084887
29.427715,-31.094736
-35.746567,21.169287
26.495596,-62.580627
25.19194,40.954205
0.97008955,28.93402
-40.11176,20.935566
48.152924,-41.13037
68.69971,-24.817343
-13.554612,-1.8536593
-33.77233,13.582869
-77.14952,35.267635
-15.5826,27.52233
-68.870804,33.80065
30.621681,-27.777308
10.860187,-10.174219
0.21835482,27.753485
65.66086,-44.192825
7.9294443,43.687958
-10.2959795,-8.796615
2.7910109,-9.475547
-1.721948,28.276262
-20.553356,8.024988
-31.861195,16.253378
28.70433,-30.553932
16.603447,-65.75431
2.188795,36.40325
-3.7857335,31.234669
4.422896,69.54018
43.776356,-21.510693
-60.771767,49.052216
-8.003095,69.65726
-35.823128,5.3776107
-57.61959,46.39603
16.426807,42.491234
73.42537,-38.097557
1.9984306,-37.781956
-50.51769,73.84401
-20.54274,27.473465
-0.020206552,-6.0762763
13.356194,-7.699319
34.714546,-34.098892
-23.915691,9.783718
-40.888813,51.240715
1.9922041,46.124313
12.512896,-16.242304
-6.2161965,25.784494
-24.72649,57.861153
25.811073,-28.585297
-25.032732,11.1256275
82.464096,-33.77922
16.64507,76.155716
41.653015,-30.56239
-53.779644,12.914069
-25.80223,11.279803
-17.76741,-36.718746
19.799675,49.25695
-39.53144,32.803055
-7.4183264,27.027142
-7.939432,3.4128215
-27.03172,11.816736
12.877609,27.484917
5.332993,20.824423
-31.782492,15.130885
-38.855976,41.04004
-17.537275,25.739313
-0.10362961,-14.048025
-31.820383,13.937832
31.926815,-39.099792
-43.363094,-5.0395083
-33.978043,23.303732
-56.45634,47.04513
-73.73759,49.56092
-31.397728,27.651766
-54.0964,-34.15155
21.910416,-53.399303
2.1967943,-8.299792
20.600586,51.962383
-42.8093,16.067003
-34.751102,14.277585
-0.9409418,72.62346
6.4231353,-56.149834
17.990688,38.83145
-63.57807,42.333725
-32.149372,12.014627
50.325165,-83.41866
36.804577,-80.772865
-7.9567685,36.43822
-18.244068,7.5711846
1.5569699,28.868376
-17.189837,-24.374994
23.781698,-26.129263
-22.698917,-23.925013
-37.082573,37.754997
6.4319205,-33.253094
85.946075,-50.090237
-28.686169,-64.23924
-19.170147,28.60436
-27.824625,31.290388
-35.6192,28.780762
-1.3472477,4.0411215
3.4522035,50.39633
56.626743,-76.26548
-69.34649,31.734339
21.968847,-19.09364
69.79186,-38.747963
12.777525,50.40861
-15.569851,-27.315191
2.0948613,47.438408
22.486446,-68.83068
-30.878878,27.58417
-81.5745,37.76271
5.696087,-34.346973
-81.42296,15.165258
1.1990029,39.96987
12.344172,38.642517
-76.10114,47.150345
-41.566994,-0.2903987
-5.7300315,-6.2344112
31.277794,36.249992
-61.14125,49.028458
-30.340595,11.201403
-35.66688,-43.044113
-34.09267,34.244747
44.327915,-16.442997
-7.96491,25.31454
-10.776525,43.509697
-33.60759,-19.16763
30.798424,45.43394
65.20694,-57.532276
48.643917,-87.864105
-2.7481267,53.012398
19.285042,-51.165943
35.702236,14.565423
18.410772,-40.05071
-29.458685,49.36407
19.200367,44.83294
3.0580592,11.681196
-66.105865,12.646353
1.5289589,28.530787
-42.661575,13.201632
17.983978,43.546124
61.423977,-64.3393
-32.808327,26.741362
48.6087,-67.37684
34.81147,-41.245327
78.70131,-56.05069
28.517456,-35.864662
-39.48871,-11.403428
17.427166,46.05667
45.81541,-23.999628
-72.390884,30.27507
-38.41308,6.218791
19.229046,-60.232944
56.245564,-9.800462
20.774305,-48.47167
27.668709,-29.66007
63.61817,-31.825294
5.7867928,57.90538
-66.011475,61.444344
17.984661,-25.369808
-55.84021,38.573517
-21.520681,56.099834
1.5217408,47.055714
32.85577,-24.76919
45.977276,-26.917171
-33.648876,67.01062
-41.3553,-31.368454
50.73582,-37.488483
32.234013,-41.921932
-57.281384,41.212723
-70.429955,7.6998167
57.897755,-51.198563
34.42284,-52.469006
27.454273,-6.684149
29.166191,5.9665217
54.653893,-35.171017
56.778214,-0.84269816
11.091364,-22.344418
-65.49784,37.02604
57.201275,-46.053288
-72.96976,26.796776
-58.85056,64.76198
-1.2281759,9.167694
-21.26504,43.997746
23.370941,37.355934
-37.693237,12.421129
19.597927,-37.077576
34.67149,-61.634716
-30.832336,27.25837
-64.302124,51.56952
7.4994845,29.743471
10.267109,40.995117
48.626675,-24.571598
22.407263,-61.551712
1.9920381,43.437096
-18.610744,6.715001
-72.66767,56.49775
35.12217,33.457897
24.584002,-66.99984
-22.463127,21.046167
40.67071,-46.30184
8.431074,-43.36957
-10.705647,7.7433105
-31.399752,11.386099
8.662912,-65.18787
7.637096,-37.46071
42.491158,-58.008526
-29.55096,27.56986
-15.249087,-55.585674
57.329517,-27.906828
-33.125698,0.017180622
-48.148666,29.85563
63.583256,-58.93856
6.2607994,-9.266454
-75.74851,47.683907
-57.935257,7.2104497
37.861813,3.082747
-66.12455,36.56575
-4.2316847,21.24701
-8.3089,67.39548
34.638798,-27.268358
36.04459,-18.632618
52.74941,11.193076
3.2575607,-50.906414
25.457335,18.250828
-22.722681,-28.315895
-48.518192,30.675726
3.5261512,-52.731724
-48.661224,43.103558
10.437311,34.498085
36.29777,34.8602
-33.33233,-2.4543576
29.164103,-16.625856
6.850295,-38.819897
-10.884401,23.852911
-20.919487,-3.7499902
-76.57888,38.2991
-22.90243,25.907894
54.86663,10.033844
-53.982353,-41.698544
60.82629,-31.105074
-69.46758,40.790543
-83.50248,31.49476
-24.71847,56.197746
-33.694195,39.48259
7.605349,55.312435
7.9549837,38.443733
67.942,-32.1816
-4.870528,27.236145
-6.9056296,-55.261604
58.61304,-55.14275
-6.685278,-45.399517
36.433918,-52.65233
0.24420178,-43.95145
-1.8578602,9.527058
1.3618304,-46.277744
-11.129147,4.26397
-27.804981,25.121672
29.222992,-42.169327
91.40791,-45.335297
-13.718675,-35.08486
66.591255,-24.001467
-32.879063,29.489576
-21.306393,27.769209
-21.660109,-14.28441
12.264006,47.48606
15.212393,-43.54926
-24.32034,-10.237093
-6.680335,-51.699665
10.16891,44.261272
24.949162,-48.127113
-8.8667755,28.623669
-70.91604,11.767107
-68.69171,8.333463
-33.057484,14.722634
26.031315,-22.17624
-41.764793,-9.660114
12.432178,-9.988331
-45.597225,3.3685467
0.744516,-30.182335
-9.225223,-40.492157
-35.867104,23.664093
-45.834003,6.351679
-20.317978,22.415747
5.5571785,-13.8162
-33.161873,12.453189
-34.29281,19.702034
-32.042774,22.433516
54.54199,-50.998257
42.037464,-36.767033
-27.272455,21.071817
36.66324,66.23094
-20.203104,29.414118
55.14098,-65.16523
1.633336,-9.148198
-12.757653,-15.5697155
-33.37028,12.654443
29.035713,-25.854656
-23.413446,-24.411222
-36.022118,31.139488
30.01577,24.797861
2.815413,30.354525
-3.4840608,-0.1702332
19.974918,66.67812
-20.892675,49.113754
-22.100323,37.1876
-44.732674,12.372439
4.9905396,36.73754
-34.108864,26.697601
23.248055,-71.50258
30.341978,-66.86711
42.937286,36.93361
-71.80381,28.549051
-4.2904024,-21.41502
-62.49466,51.249268
-28.636759,29.442898
-68.826256,24.454325
5.41279,49.15682
28.24345,-3.5843873
-29.524946,12.83581
44.99688,-89.11985
-28.62006,18.962587
-56.855865,-12.0213995
56.79034,-48.7643
-41.124897,3.8143616
8.8823805,-42.909843
28.191893,-40.17607
-67.5128,35.49686
1.9297901,35.406532
-75.0664,13.172449
3.8758454,29.49592
-24.62687,10.943407
1.781739,37.759163
-0.5331088,-40.529213
14.559448,-47.036613
-74.70558,45.89215
34.79359,-48.650795
54.678623,-51.86293
15.474685,37.33731
-44.969116,35.950768
-18.30117,0.8357503
-81.871605,37.23989
-46.42861,10.866005
6.9840646,31.669096
16.768501,2.1530068
36.345062,-50.15696
15.735098,-39.196136
-32.038303,15.268786
50.24589,-92.08405
-3.8622823,67.995766
16.602776,-34.77514
-33.832214,71.35008
15.488416,23.684372
0.8487056,-5.7836757
-58.59538,28.387667
4.43492,26.836779
-8.907973,-43.545532
47.05962,-31.527729
7.607699,-65.678185
21.042356,-28.433695
38.592854,-56.24291
-26.42467,-1.5733244
-0.49392068,-11.84639
-38.303623,33.888115
14.009535,-39.279808
-17.490225,40.43994
10.555347,-9.691649
-25.712852,21.854193
7.752592,33.307213
8.444342,58.546253
-19.755152,-11.540998
49.18343,-32.859043
-16.488228,-8.303493
-9.101987,5.90326
1.7618127,-11.8763895
-46.631973,-0.661204
12.190528,79.89165
-2.841557,42.028267
46.58431,-37.927498
24.691378,-28.416887
24.89758,-46.177795
-64.6699,31.60944
-34.67998,18.11963
-58.168343,7.3982368
45.048206,-8.857284
-36.543076,56.82654
-3.7040303,31.328693
33.639076,64.25981
-13.20726,50.82769
-19.402143,42.144722
-32.170525,26.770319
-49.690853,-26.80095
-8.458789,-32.49467
28.52858,-47.81105
71.39137,-30.864178
-45.065674,-2.005484
20.371565,-25.846159
66.37485,-62.390022
-19.182127,22.340834
-50.13475,36.592163
-1.0620158,37.69365
50.866066,-42.657375
-35.947903,-20.58371
29.855684,-28.54253
51.94506,-21.211315
50.017017,-99.834755
-37.89132,51.333794
40.570602,-24.741493
74.280304,-40.56297
-12.536702,-5.9382267
-72.55797,47.943176
-51.323746,-8.70912
5.024106,-3.329113
-5.2281966,29.037634
0.27655566,33.99566
-26.808022,26.995203
3.2339811,55.52704
1.3072454,26.953003
-10.305982,6.7220182
31.73857,-70.07826
-11.042145,55.729733
-26.742737,38.845398
-71.32842,45.96045
-41.772717,-15.487601
-82.20859,32.927784
61.109753,-32.14587
7.920306,38.2591
-7.8752537,-9.5674305
-21.720427,48.390144
23.114304,-56.102413
23.84595,-4.730605
-71.31068,52.145687
40.18592,-11.350254
-32.3168,14.825674
17.176311,-39.4299
-31.016506,42.20844
-14.25249,32.635925
-9.031765,59.65908
39.396366,-20.492756
-52.628063,36.264412
22.68557,-45.334568
16.554262,-24.46131
44.735615,-11.053833
-41.386127,-11.85062
-44.722145,39.52477
-82.02736,31.992348
-5.09334,62.789536
6.3242183,39.102654
-26.110315,-7.9452257
-12.25146,10.2262125
-31.478752,27.623104
-24.38863,-54.559593
-65.47592,50.343323
40.891933,2.7484667
2.1188197,29.006315
-44.09375,12.914845
35.881977,-22.16629
11.043326,-29.31997
-48.99216,43.565083
17.022701,43.327843
-63.246487,20.011992
-5.654811,-6.101319
-27.149483,-35.539906
5.7228727,-13.116593
52.126987,-76.66946
20.118528,-45.21735
-19.635775,43.087654
-72.002304,19.69491
14.027674,37.297966
75.977196,-39.937653
57.699978,-24.426016
18.024815,25.586637
-53.8938,34.04823
7.9331636,-6.1179028
15.111313,-10.047011
27.214767,-32.707718
-10.45435,-29.005495
-34.277752,57.2439
1.1633586,27.240763
52.928413,-47.922863
71.76077,-30.134474
5.3671894,45.402527
0.7591604,42.744957
3.8886485,-70.734
-23.425114,28.672777
59.270542,-33.41248
3.2006266,43.995403
-34.885487,23.447155
-24.072851,-13.185022
-21.121336,-26.951221
42.54533,2.924785
-40.444,-11.676154
30.092329,75.11537
51.749,-9.442784
-60.97428,23.818115
-43.51683,17.109905
63.127804,-45.1564
-83.69821,31.085869
28.191154,43.984245
-21.1768,9.604847
8.813994,-13.07334
6.49712,32.65539
23.429476,40.704834
37.3837,-45.083305
27.545752,-67.60403
15.270348,-17.274288
-40.91191,19.133085
-31.583437,16.090508
8.312692,102.97653
-31.678854,27.412073
-22.39276,-41.87011
33.403225,-27.99904
44.971905,-31.376467
13.6014595,34.63456
10.344781,45.92449
59.26115,-44.310417
-46.830177,49.44897
-77.12065,23.36775
-33.01176,12.323765
-0.41968915,65.323654
-40.5116,35.4756
18.672937,-9.915732
3.5771575,60.28813
40.1115,-63.58087
18.084274,-47.82097
3.8668427,38.7809
10.725763,-13.6281595
-10.359624,8.4749365
15.275188,-53.199356
54.04734,-33.209885
-16.13607,26.885262
-1.9340781,-30.784903
-29.111319,61.08969
-1.3206347,-32.367317
24.481573,41.228565
14.605554,32.976395
17.385275,-5.645527
3.5174565,9.561704
-54.919403,41.210896
35.591434,-26.42155
27.897802,-1.1530199
-19.81804,-14.746992
-78.35761,41.29078
61.02378,0.94863313
27.49609,57.063858
-23.445131,11.963542
-6.916659,57.738647
9.813311,28.287476
-39.083252,20.526342
14.252034,55.25937
11.146984,18.546259
-51.252213,0.34761757
3.8452625,-30.904501
23.38932,-18.371222
7.4934053,38.713478
-22.627045,17.253742
0.035536766,-8.788103
-23.20665,2.9492717
-63.63394,4.6514173
-2.3099425,30.601957
39.450573,-49.689125
42.558086,-35.840668
29.040129,67.53766
-36.540672,17.22663
3.7020984,-44.570892
31.903421,-73.78027
36.441387,8.777192
59.10565,-21.617077
-50.217476,54.733543
14.168547,-42.381775
75.73326,-45.58773
47.910866,-108.83288
-26.90402,11.951519
11.275193,39.47393
-21.929808,-40.997623
17.026917,-3.68922
28.95016,-37.887108
-45.338737,45.90226
20.80177,-45.151035
24.471294,-89.626305
-37.790943,9.198784
29.50018,-31.765314
61.55116,-22.056242
-28.851004,28.712587
-31.81136,25.102932
-71.75301,48.412655
-8.763288,-15.602033
4.3842607,-17.30949
-10.275142,15.654812
-7.7588134,62.423843
60.365597,-33.156284
32.520046,-44.868958
2.2396622,-4.9005613
0.23512304,24.94171
-21.44247,11.244615
98.75987,-76.22528
-20.124199,-42.43603
-39.005527,-4.069152
4.8688807,18.869112
-37.358025,15.530495
-18.93631,-13.762127
-31.009003,28.001837
-35.12647,-13.263757
69.798874,-78.23686
-17.290663,6.3648753
-41.771626,-6.72817
-32.27565,23.113516
28.333805,-20.062637
-46.78048,47.494312
25.848995,-25.239117
-23.176132,10.389146
12.608374,-66.47897
43.87911,-47.134872
11.439234,26.251955
-65.32123,45.21454
-30.571413,12.103586
21.44152,18.557936
-32.45738,22.192673
1.4743402,-26.053127
-28.648382,11.27832
15.532889,43.762093
12.978405,-21.098278
-37.828075,22.937155
24.783741,27.00704
16.74907,-30.886625
-5.1406045,41.705837
-59.639046,42.686623
34.711823,9.992326
36.818287,-62.8278
-32.19618,50.772648
-15.330187,22.524366
39.859867,-33.635292
-35.097553,11.562919
-41.255825,51.177536
-82.1925,9.402133
-38.8414,28.630915
1.4203984,-0.33287907
2.1884432,16.090538
-50.493652,71.17542
9.103557,31.299925
-32.803894,23.851099
-44.958916,50.637177
-37.86653,34.020535
-28.74553,61.421333
-28.294025,12.328396
-10.587263,-33.45592
16.811024,33.83295
70.476814,-32.83289
-21.843002,-31.995644
-66.180695,7.772596
-52.28672,69.995514
57.426655,-34.700493
40.593452,-62.023685
-30.518337,51.608856
-14.787951,30.499056
-22.721346,8.158847
10.1249695,25.694197
8.788547,-13.316014
26.59696,-43.18377
-66.54465,0.66810554
-34.452984,22.173008
-15.415899,-32.27256
2.447328,-15.648139
14.070581,44.047565
-37.10426,-18.53853
-9.98364,-55.296238
28.635017,42.2294
61.955154,-28.564741
-9.443308,24.475027
36.743336,-38.55948
-19.179554,-45.84383
4.3234706,41.91908
14.794951,-10.690372
-36.719975,13.904818
27.338192,-38.78
-14.224081,10.140765
-32.860203,54.77334
-20.253428,33.213154
9.407291,-28.959658
-19.980698,-2.9865224
-23.162943,10.349582
68.3268,-39.649345
-1.9133453,26.084116
44.463108,-0.78168005
-9.535164,1.9016368
46.51525,-27.050539
-20.024975,25.60846
-29.324224,25.669695
46.485775,-44.704266
42.053776,-28.495935
-13.207287,36.54584
6.102409,-5.515798
-41.56369,-6.30867
21.61916,-42.537754
-0.7289494,32.358986
18.714117,-38.018707
19.237518,-18.750832
-30.74865,46.159954
-9.630249,2.4674911
0.14797604,36.31009
3.2119927,-33.72123
-38.002815,41.656616
-21.050419,23.738142
-2.9052975,-8.882571
-61.744663,6.265674
-29.354477,26.438768
-63.57872,-17.53733
30.058338,37.055443
13.490551,52.10212
-53.398342,8.344094
38.122116,2.2373962
-18.355833,26.630075
-41.658737,18.497282
34.294094,-55.788418
-29.926878,28.16989
33.84149,-41.987614
20.949665,-7.326406
-34.187157,17.167757
-59.950924,52.462738
32.065125,-27.445911
-66.95316,5.0269065
30.958664,-9.479658
14.196353,-42.157494
-47.628254,48.331696
42.519444,-44.491253
-24.866276,11.00405
4.270949,31.139946
5.2113175,34.01004
17.40593,-62.45672
-34.75693,11.5569315
53.85557,-64.61326
-45.311134,15.632997
-28.57151,12.606548
-48.706425,42.605667
-1.4032166,26.226822
-21.897213,-42.431274
-2.1047118,18.129364
-17.547304,-15.627734
12.245413,-47.5233
43.39641,57.985306
45.7766,-51.022068
-23.788574,-14.334658
-20.08724,8.382774
22.17276,-24.629633
1.7482604,29.450602
-76.16422,32.89362
43.938877,-62.10037
-29.386383,27.62985
35.036915,-34.00225
-32.700108,14.320414
-11.204985,23.178354
-39.6042,11.285783
-34.23147,15.437221
-27.823193,17.785582
21.471039,-58.86056
-23.786575,11.645819
51.828636,-30.384594
-68.401505,32.46019
53.745724,11.544336
26.509018,80.26662
40.515102,-19.24305
-32.23221,12.246527
-39.00014,-4.594094
8.331238,-5.751904
-2.881367,-15.456172
6.607281,-39.1511
-36.88,-18.605097
35.754215,-23.307373
-62.720734,53.08558
-31.94387,24.422209
-26.293575,-33.2406
-0.39532995,55.77606
-35.547276,11.456804
-33.158146,24.278662
-30.592953,28.582077
-47.621586,11.537315
-69.976326,45.373787
23.818794,39.81111
4.709331,-5.828497
-28.763971,43.073402
78.95669,-66.27211
45.96765,-24.998468
-42.552567,28.737259
-43.831493,17.626825
-37.570625,53.710686
-2.0876708,-58.690033
-23.210625,-10.429716
-51.397697,24.142046
34.963886,-28.561571
-48.849297,10.626291
25.942894,58.44354
18.981655,0.06430805
-67.19116,61.384277
19.783121,-19.086712
-80.680855,33.197124
-1.5347413,70.35393
-28.330948,58.244984
1.5065697,-1.3964343
-15.525953,-46.411793
-24.584484,31.842663
27.001884,-33.578995
-30.756386,-12.456782
-30.947533,13.113955
-14.239902,70.727005
13.689121,50.05771
-72.58496,16.474386
1.1719135,10.423146
1.294477,37.5186
-22.450424,25.393032
1.0838486,46.42273
47.814636,-14.39908
9.816669,63.036022
-33.287987,-1.6360862
18.383144,13.055301
32.865322,-30.980556
7.721552,-5.963004
-30.805769,-2.3797693
7.062663,-28.927786
-3.9174767,13.2970295
33.8495,-27.062822
41.63384,31.324348
-77.07717,35.0942
20.583076,-11.766459
50.448757,-46.515778
-75.77586,-7.311912
-67.668846,23.15227
-34.234318,-6.216241
23.43736,47.09138
36.87227,-70.32698
-35.26499,13.002998
16.653181,-46.955204
-5.2967305,47.39955
12.6305,30.105593
1.7568747,31.527988
34.503895,-20.244139
0.53687453,31.194527
0.16422594,-8.897883
-29.193148,12.595258
-30.579523,11.950232
58.84454,-21.435509
18.447208,62.120407
27.319427,-24.69805
-0.79882705,-51.540417
-31.945347,14.575139
22.206863,19.91668
6.009524,73.36127
-59.17137,47.80735
40.5371,-39.12768
33.368122,-38.956665
-37.922146,53.500256
-18.451769,-31.70502
34.99058,-57.13408
-13.387847,47.92621
47.58741,-15.918847
6.5937157,47.976006
60.13573,-71.305595
-19.850245,-55.9625
-70.74621,65.44028
14.357949,-44.433716
-37.539154,22.86468
59.514874,-37.69076
-32.16511,25.45457
31.798973,-68.91387
10.191681,62.936077
36.65552,-47.55537
50.244118,-91.67496
54.67271,-43.927135
-67.88863,10.40344
47.46768,-21.848892
2.006061,31.219275
-13.893819,38.153244
-38.214935,-9.97069
39.677933,67.3671
-0.5344,81.10853
30.240936,-33.42719
6.0168815,-3.0262818
-4.2007527,26.652452
-7.421418,-4.979872
-8.155437,2.3886683
3.6555293,-28.037619
42.771572,-27.12862
39.759956,-52.712975
25.118675,48.244534
-37.32566,18.895151
-16.568167,38.34653
-4.8288536,13.72072
-35.864674,76.176636
-38.976208,-16.709751
69.168015,-73.29209
-11.638322,23.67556
-46.260788,22.007765
-29.343433,30.656769
-2.1691046,19.604582
-38.46829,-5.74685
39.724957,-40.713932
-24.346355,-1.9659619
-39.784176,-54.7719
12.648855,65.27068
-34.683247,28.314777
-16.011919,23.893026
19.941486,44.167553
35.604023,-69.957985
66.93332,-42.358517
60.756474,-30.552801
10.376274,33.57592
37.876385,0.15360206
-74.798965,36.654873
6.9783773,-18.730408
-31.205265,25.039797
7.022277,-9.9656725
-34.693943,48.255497
-41.17062,46.32453
30.933245,-40.70523
31.79107,58.86782
-14.889958,5.720348
33.949417,-17.80987
-22.792841,-40.774574
-62.035015,43.18734
55.159786,8.512178
99.07631,-3.2617908
-2.282297,-17.073778
-1.9110383,28.512411
-29.410336,31.755466
2.181724,57.57831
-17.862965,-40.652863
-3.677572,31.718592
-40.872574,-11.611335
-34.6712,4.0885267
36.135166,-12.354287
-47.834488,32.920486
-8.098789,54.047028
3.986177,28.718153
-35.031242,12.423494
8.57366,-10.819722
50.04516,-22.874407
49.540092,-34.85363
-58.624138,-17.155634
34.399754,-39.38826
0.5016335,70.489174
20.280699,-26.244555
-10.767882,7.076615
3.654652,-32.613228
-33.376545,30.4688
-42.578506,77.163376
-34.050766,12.820072
-80.41509,10.546883
73.25354,-29.769962
-2.187864,27.777538
-0.4066338,28.482553
59.39755,-86.34276
9.1727295,-27.585846
-19.108519,32.11936
12.874365,3.3532553
3.2877645,32.63864
-33.594162,16.76824
24.127934,-37.45446
22.566195,-55.582855
4.043197,23.133585
-39.97452,-6.994791
12.685881,-21.517681
53.726135,-56.762638
-18.704636,-34.10377
-35.045963,11.877633
-21.66377,25.612993
-42.90164,-0.102923006
-60.40589,-25.1316
6.880092,47.33252
3.2569456,42.168705
48.314693,-76.514885
19.19822,-30.19192
-17.88428,27.23924
5.470863,-2.2307234
28.486795,-32.14065
7.7072496,-44.517086
-41.79529,4.0307336
0.16608751,35.282757
-77.44441,29.54548
32.432606,-34.250618
-47.813713,57.419952
-21.20355,9.0825615
-38.541992,36.62834
5.6574664,-43.064156
3.2666054,32.558132
-80.56029,6.324246
-14.096285,7.5461082
-30.955673,27.269466
-36.07937,32.81391
-16.68375,76.43197
-79.48882,17.61683
-45.910667,26.196115
12.419174,-22.496773
40.711185,-59.6983
0.82285964,-12.921919
1.671304,37.870903
39.24809,-34.72503
-7.0839615,1.9316278
5.0552382,-34.545227
-80.8812,9.200178
-25.3272,28.924337
-49.230507,37.25815
2.1594634,30.768858
-40.353935,20.935667
-27.69828,30.356182
19.989594,-16.60035
11.662515,14.999418
19.57439,35.615547
5.700641,-31.80706
1.1783327,28.744696
12.776749,17.661285
37.945934,-24.265917
20.517122,28.923273
-46.202885,45.176792
24.350822,-66.42087
13.659056,18.339033
-64.88783,3.484863
-62.337933,48.081215
82.261215,47.90136
-9.610504,8.222876
-13.039065,7.047899
27.771408,-34.39509
21.367382,-48.277042
1.9837276,42.860004
-20.734663,-49.624058
-2.116758,50.841373
27.448679,-54.722538
-31.898643,-27.365139
-58.51919,51.548138
-7.7319303,-61.247623
-46.56468,22.731047
-14.738273,28.294348
30.155571,-50.51314
-31.233002,12.328457
18.462536,-47.083508
-35.994495,24.031813
-44.25131,1.7095032
44.78859,-33.481525
3.393541,54.024548
-61.54813,25.882153
-38.354347,34.460426
14.651677,-42.092735
17.452703,47.420006
15.356208,-36.77027
0.90514314,-40.923782
-54.375065,45.883835
33.885708,67.7028
-9.24533,7.5408626
2.6992419,40.98758
-32.19567,23.175419
-32.672585,13.195759
-61.412632,51.432602
60.87397,-27.700258
-50.60072,60.01904
-30.094454,-29.88487
-1.3973778,-55.248806
-13.820458,6.0176997
2.7335105,-28.387589
-63.282272,55.23504
27.006111,-70.1667
58.181805,-70.24759
54.83038,-37.901802
39.164623,-25.202394
-21.664146,9.723308
-2.7775269,26.920284
-24.058868,37.29358
35.43034,-27.976534
-59.73997,23.549105
34.04268,-26.601313
30.051857,41.662315
30.871002,7.8221703
-4.224542,-72.12127
-42.192127,31.990448
32.844727,-83.004555
-10.265865,45.74029
9.671441,35.796204
-40.57394,37.916763
-30.12955,6.0034294
4.809751,35.407784
28.399237,-49.482563
6.1022043,31.705431
8.870762,45.545837
57.903286,-20.012964
9.565994,-9.125942
-70.09983,-11.245867
-20.198654,8.891585
-77.92933,-30.265995
-5.0637364,28.835297
-39.74524,6.4754395
17.708979,51.67968
-68.351524,-15.061619
10.268523,47.00233
-32.89571,19.427221
7.9256706,49.488007
35.837406,-32.08117
-55.269787,-36.31888
-19.988342,38.021458
-26.113684,73.880035
11.893255,46.281418
14.26801,48.901474
71.86035,-57.406254
-7.6280947,-23.909359
1.5259757,34.795662
-21.70229,-20.928492
13.227024,34.099426
34.88599,75.427216
-50.34449,58.040775
-36.121086,21.432638
-26.04528,3.5539095
61.846203,-81.22732
11.613153,32.960373
-2.2377174,33.550117
2.533206,45.456467
-4.8304973,28.136473
23.278313,-36.55318
4.852479,6.5658355
19.289581,56.455624
-21.219658,27.85932
-33.428898,-6.5737305
35.996994,-24.945692
49.02204,-21.8792
41.25947,-36.169643
-53.328896,17.51033
38.417168,-71.10922
31.05804,5.680585
17.060812,40.184143
11.913781,32.76467
-51.90075,23.224527
4.009844,64.87463
49.475582,-55.155388
-37.312717,22.162334
2.9454374,28.899866
-47.417465,54.15316
13.759612,47.933266
-45.46755,15.254465
-29.958973,13.251696
2.7994614,33.620083
-30.070997,-57.89006
46.019783,-56.31611
-22.777393,10.254339
45.316486,-15.078497
0.9523245,41.10511
-13.098514,-51.62495
10.900532,41.606133
68.2398,-33.00911
8.894619,6.8708205
7.5381365,56.498528
-17.596924,-2.2389233
39.60803,-37.753178
39.98321,-53.63519
4.019804,48.1786
13.623312,53.8304
-17.280123,31.234652
5.383985,3.430801
4.1808534,66.908966
-17.036755,-49.84905
37.824112,-19.944725
-18.29958,19.82711
-32.850956,-12.281283
1.766666,25.183285
-48.280426,7.9353213
-29.639414,-28.203148
24.873735,-61.72623
-18.223682,-20.191782
-65.51112,50.955917
-28.89258,-30.64172
-3.2632713,26.49432
92.33931,-63.413223
47.742683,-49.938904
28.86537,-25.623915
29.670158,-40.87236
-32.166348,11.5046215
-5.363611,37.206123
-33.599922,32.27113
-43.008488,21.389502
28.828663,30.038382
-27.797106,10.0534
-31.63022,11.383469
-28.321432,11.9296
-9.432374,-20.659954
-68.7059,61.34634
37.997585,-27.121222
14.217941,45.08203
-23.995956,48.351162
-34.51572,85.54115
33.291042,-28.17287
-39.11436,21.669764
-42.68113,18.324442
-31.922993,11.936319
-40.698467,-17.916096
27.858593,47.16836
16.398888,-56.100407
22.230408,-24.072914
33.202705,11.840982
70.62068,-28.776464
2.1059315,32.03828
34.650322,-58.81043
35.71497,18.187183
31.69855,-19.19072
34.512493,-47.589848
37.25051,15.90631
-32.12846,-22.808409
8.615051,41.89628
49.35524,-33.17362
3.7888582,46.62509
-36.44081,14.328613
20.658684,47.87952
29.8693,16.987799
-46.61482,36.09748
31.222643,-25.003641
-39.965206,14.363888
-43.586823,43.459953
-17.321121,33.61106
-26.404617,12.684135
0.22486973,-11.673423
-28.608557,25.57599
42.431034,-87.66903
7.165913,51.932213
13.906841,-31.912613
-9.178248,-28.729553
-27.022087,25.661133
-17.779299,32.2771
-32.327972,26.442682
19.485996,53.097145
16.673685,-12.293368
-22.570337,46.095524
-1.3948619,41.135387
2.7882204,-3.8120742
-33.744835,22.196516
29.065453,2.3742986
41.725426,-51.50183
-10.931857,-44.39261
19.051744,35.7146
57.59234,-56.732094
-39.746548,10.983297
41.52001,-70.43233
-27.241402,55.443096
-49.235954,-21.066778
3.1043413,30.253475
-36.240765,22.208227
-32.304066,18.3384
19.443953,-68.95972
-38.401146,61.431725
-86.13897,22.100605
-7.80264,29.427872
6.2510834,38.458626
34.165615,-37.896618
2.217306,35.348198
-29.360527,29.712063
0.7640461,45.827892
-3.9937856,39.550682
-24.970158,-26.489124
13.163373,37.20939
47.049545,18.370543
32.361607,64.600685
-16.2325,0.31766886
-28.350727,-7.405487
21.337257,-18.575289
-40.28428,32.110817
39.519535,-29.804459
-58.026897,65.620026
0.9897965,42.400345
52.432766,-32.093414
1.508269,38.54077
23.671608,-22.973852
53.045395,-38.849464
-53.330452,63.711662
20.605095,-39.252052
16.613731,53.17714
43.131367,6.987136
-17.42419,7.9286456
14.5623865,26.099787
-19.365076,11.258827
22.179096,46.576363
-31.236708,-22.46939
-20.958147,-30.63119
-10.191489,-26.662554
4.635048,40.216362
-40.7619,-5.2577343
-20.030127,69.90027
9.467981,62.774616
-30.391623,11.800286
-34.753662,34.192184
8.497516,-14.985215
22.531427,17.69325
12.9907255,25.025663
16.127668,-39.82055
8.353838,18.053865
21.72833,45.122078
-22.553394,28.164206
-75.280136,13.128156
60.60057,-27.7299
29.355911,-67.09926
-17.030743,24.52565
72.46956,-20.448166
41.32525,-25.928558
39.195293,-56.308674
13.987136,38.73359
5.6965632,-31.860313
-62.800545,38.777836
36.88872,-73.82182
-37.262962,37.482395
-30.825768,36.162952
17.974491,45.190056
21.59425,-51.57436
0.5061979,33.126774
-68.44635,29.743683
16.873041,-32.95812
29.380802,-17.853245
-38.79354,51.122707
-33.859623,15.616196
26.866272,-28.648733
-15.406986,-17.352524
34.626804,-29.0319
1.0427788,69.86172
-8.412677,25.877325
-41.987156,61.540745
18.488487,-76.02767
-64.44421,39.934315
5.910684,-55.611015
-0.023655036,8.75522
38.645885,-45.03759
23.050043,66.83795
-20.824228,19.122038
-83.10194,31.94408
1.8852755,-47.20182
0.3955921,45.073475
24.55489,-25.80297
33.229206,-24.694548
33.220333,19.337618
-47.536846,-8.5375185
-68.0104,62.78296
-3.262312,30.789572
46.88002,-76.4914
0.87291324,43.61499
-19.579296,23.3211
35.052357,-29.460993
-26.70214,-34.22994
-72.32428,61.246758
-7.080497,0.9321241
-26.644585,51.58255
-0.0008264031,29.775852
26.404198,-33.523975
19.48331,-2.6790037
25.3689,54.469078
9.340104,42.12882
-44.408173,11.711981
27.415995,-60.13131
-63.239925,19.726093
-17.388693,-23.377079
26.688192,-5.0262604
-48.225086,13.590464
-31.778753,21.835768
95.90792,-58.75411
29.703878,10.03329
43.56175,-78.83788
-2.3719735,47.36846
20.221874,31.050928
-81.83732,29.33771
-31.726036,18.342678
54.96365,33.666084
-31.7731,13.612366
-2.9045427,88.378525
-5.9547887,28.790884
45.432465,-16.847307
-21.7186,34.94884
11.092824,-10.422501
46.767918,-82.81604
24.023872,-42.50677
39.46934,-70.073814
-72.57305,36.310642
44.840607,-71.4279
31.040266,-28.442366
-38.34969,44.65884
73.156204,-15.822881
16.973003,-17.325848
27.954891,-16.393106
8.255873,-11.71221
-7.7490354,3.207801
-31.52322,20.662579
27.762999,-31.651314
36.873417,-38.573055
16.15162,-43.033226
-17.485233,25.24859
-54.818634,45.43872
10.6942005,-23.45669
50.406895,-18.11225
35.595337,-40.52526
22.659204,-46.392864
51.620457,-34.30521
5.6386714,63.5922
-6.7111893,37.39692
-5.06639,29.215414
51.096287,-52.53378
-3.0369694,-63.097248
46.94999,-36.41885
40.92483,-3.4988778
21.985044,52.00364
1.7767891,29.643053
-37.4088,12.689055
6.8164487,13.215252
-19.807318,-11.293719
38.40087,-31.64193
22.401539,-58.823204
2.823056,-47.816856
-35.031578,12.37745
-23.005867,10.344938
1.3470024,33.33365
-32.070305,24.520632
6.3449597,68.11414
-27.655396,70.61618
-63.048847,35.859497
-81.52287,37.686913
42.045444,-11.771497
8.118496,-52.97125
73.121414,-54.890083
72.10303,-52.63464
-10.023677,24.576124
15.4771385,27.60768
17.086998,41.239006
-28.176802,5.085652
43.33102,-52.595093
-31.457737,12.445183
-30.025915,12.464386
70.16169,-0.3707047
16.620085,5.122569
14.620913,35.481857
33.256607,-21.958647
-33.235054,45.627693
-6.937156,1.0134695
34.0909,-23.608448
3.5321565,40.546486
-33.824158,11.772905
40.183613,-31.229712
-44.557228,2.830597
-13.163248,46.66445
32.787094,-34.328712
4.74996,-52.796516
-32.401245,17.823118
41.502754,-35.723663
-28.926882,38.188377
-81.08607,34.776184
-44.57942,38.588856
-1.5554347,56.880913
44.902172,-33.82745
-2.3216715,48.526688
-9.674582,16.973475
11.768415,43.802856
5.5871153,29.734655
-46.95536,-50.45625
37.120476,-27.52029
49.115807,-50.162075
4.6990566,18.611927
1.3298794,47.704887
-31.07458,27.873327
45.52486,-44.07355
63.49693,-8.842668
-32.730907,-16.345587
-50.884308,-15.835187
-1.8485912,30.82612
22.9318,-25.653477
31.113007,-4.441683
24.78262,-37.04794
15.402633,-12.080101
-28.832655,11.8079405
45.857464,-45.862717
-7.397187,8.611359
-30.457922,-14.527792
-1.3407916,-3.0261457
43.299572,-33.163322
-33.010315,32.118893
-23.360935,35.460983
-40.0641,-12.745961
20.357729,-15.94574
32.267803,-29.090485
-40.86927,-13.680262
-16.310928,-0.3516393
-5.0947495,45.388626
-44.662357,12.003283
2.8799498,49.027786
41.784893,-27.367472
4.5039954,9.279785
-79.64272,41.675674
-31.330517,21.022657
2.5941713,52.118744
-23.226694,28.316156
20.857758,65.342155
-46.188187,4.810796
-13.496512,0.2893123
5.190449,48.52742
-42.438423,12.091162
34.641216,-48.554466
-30.90777,13.446629
8.363518,-40.946804
20.164753,-35.9671
-75.92789,-11.805036
-44.87723,65.83513
23.89782,-42.826164
-44.066563,46.893417
-31.821207,24.622337
11.966786,47.21927
-75.609535,30.650717
6.3170295,59.505867
-52.546032,57.568527
-32.14876,21.616644
42.74647,-26.982439
-36.467846,17.133223
26.428204,-38.24935
13.27968,-27.752157
-5.4482894,45.87385
1.3174356,33.71035
60.970234,-83.86192
1.5763187,32.39982
-16.301125,18.292723
-22.03297,5.324295
77.882515,-56.216755
-1.4429227,27.055801
59.04546,-40.247272
-10.718396,16.472977
15.175219,-12.675326
-36.646088,12.974863
2.2803683,-21.438917
-5.000023,-42.753498
-50.995045,31.812014
12.668758,-19.500557
-16.718967,-29.892653
11.770503,-6.291038
23.814308,-38.507633
-63.64943,56.168243
-38.589546,23.868889
-7.3316865,-20.203709
-40.745155,11.961291
32.12355,-34.311348
42.57649,17.405245
32.185642,-28.124454
2.824584,28.398977
-27.249151,-11.034852
35.740154,-35.185333
55.909348,-39.804314
35.033833,-29.997375
32.873775,-29.566732
11.977495,32.571705
-11.754906,-9.349727
24.38858,-42.822243
30.720789,-7.8277164
-4.143539,13.858834
38.880505,-31.620739
57.518005,-49.34781
-7.8781304,-72.07155
-46.067272,13.394498
62.430206,-31.614023
31.355757,58.86094
-50.47188,-11.47301
-5.3103957,25.886911
-8.582468,7.7051635
36.59155,-1.7880766
6.6569304,-35.857063
48.796047,-47.89379
-26.74616,38.28006
51.73214,-35.62886
-24.59373,10.926535
46.89581,-31.366611
26.152205,58.04416
-38.7407,39.751778
-1.9472773,-20.66822
0.1177336,32.688866
-25.248405,-72.5166
29.270824,-64.18164
53.461433,-28.524673
-22.626755,-41.535355
-33.667297,21.003027
6.636604,83.31407
1.8352548,32.36081
32.597702,-10.061558
-45.52807,15.218525
-49.827175,56.881596
31.926537,-59.427143
-58.400597,61.721306
2.5420163,49.673954
0.48444808,-41.922718
-22.547136,-13.694136
7.527126,47.514824
-7.1427274,-40.21879
-73.22286,-0.7340878
-26.4177,-35.563316
7.750513,-15.118367
-74.612206,46.87568
66.18436,56.83205
-72.32824,62.52324
3.921081,49.985703
10.232986,17.364449
29.646591,-28.575045
-34.22853,8.76815
-22.860044,23.686964
3.587309,39.254578
-31.43494,-16.634064
-40.08653,20.831293
-26.731592,27.742052
34.828075,-23.137518
0.8426465,-66.04589
54.26238,-43.99337
-66.968544,49.612694
-7.794635,24.125277
-7.999381,-12.02058
18.357174,37.188538
10.482378,-45.506577
-4.7400064,35.11335
-1.9303397,-27.100433
61.742367,-56.889053
-42.70991,18.73069
10.183617,25.21262
22.87001,-33.2809
-68.62032,24.417406
-0.9434822,38.066105
10.216913,-7.7213783
-34.454536,19.56177
24.126724,49.181995
-61.46928,69.020935
10.887032,32.34574
42.540573,-36.332
-21.943943,-41.91402
100.265594,-26.82168
-5.924654,-44.142006
29.723648,-40.629856
-42.71603,-5.471772
36.596172,-67.17279
-24.433477,29.887491
76.45634,-26.697784
-44.135323,-43.80373
10.055624,7.9635544
-41.03663,38.28286
-27.829763,34.378582
29.457884,-66.8689
-38.85777,-44.930172
-75.46287,47.638607
-24.928728,-36.675293
-31.616318,23.24014
13.878055,-38.426888
23.933,-30.799583
2.7713923,37.912052
36.42731,-40.43093
8.029625,46.541973
-36.068115,14.0067625
39.296627,-25.906101
-77.17305,49.26183
-32.269737,17.030252
-20.223671,7.9276013
67.92611,-30.176317
17.590675,-28.582138
40.61925,-15.060722
25.012957,-18.591526
-43.496338,-38.44805
51.65255,-82.17378
-80.7227,39.69602
-11.691317,25.3546
34.160152,-64.33015
-22.90443,9.929998
48.01984,-34.563236
-51.444126,-27.165796
17.90279,43.58065
20.307686,-82.548996
21.580355,-43.993477
-14.848168,44.965256
34.061954,31.812265
-6.5266395,29.45027
-30.080961,-24.487793
-81.28769,39.513847
-65.74533,48.59922
-30.730194,28.471178
31.786442,-72.7988
10.828328,-22.043953
-4.9403496,45.88578
-40.214725,-11.013383
-4.28151,3.7723486
28.80378,-50.581257
-4.1638417,35.433945
6.5384946,49.358658
-50.07874,58.819046
34.197926,-17.62061
-28.764006,-31.150967
32.709583,-38.490105
25.948025,-30.395548
33.21807,-23.351336
5.4344053,-55.196224
22.948898,-0.0117888395
10.742379,-27.847084
46.017788,-58.229725
-53.773087,26.308485
34.539646,-30.530254
13.698092,29.665464
8.668242,30.979155
26.068493,-27.814823
4.705568,27.573744
-69.59861,64.286385
81.312996,-26.564878
0.51303136,33.93025
-21.74327,-0.35354355
0.8569629,-5.3859315
4.5984344,40.190254
-33.538136,29.294569
55.83982,-36.953453
0.47666705,38.180603
-49.86623,-30.708681
18.050257,-25.521109
-33.782246,46.19552
-16.306955,27.600342
-67.97031,42.612576
-3.0262194,38.875656
-28.759071,-19.141792
-38.23358,39.050346
3.8757253,11.892313
35.93017,-42.924362
5.6643724,-3.3280113
-66.982216,26.550217
30.231018,-32.796032
13.013517,-23.361403
21.013672,-60.66033
-23.005531,41.573563
48.275562,-30.590508
-3.9525812,26.065905
-11.732629,-13.882333
24.31197,-58.027946
-41.992035,15.460764
20.190836,59.28489
0.7281602,2.9573617
63.230213,-42.233536
11.69894,58.337532
-41.921917,33.6914
-40.942463,11.8324795
30.229504,-72.320015
4.433056,30.95886
65.78731,-84.86573
-43.131428,27.094233
13.329927,16.270998
28.632685,-24.497103
22.581457,11.094645
20.293957,-28.208773
47.858685,-53.43438
-60.548573,64.00212
7.0040436,-74.01694
4.4167933,-34.92731
-4.5120597,44.132305
46.660275,-35.095066
-33.206795,20.400866
6.7695746,-9.885617
39.199677,-42.554962
43.912273,-26.56332
9.496077,0.14853257
-38.36405,19.132887
56.031857,-45.086998
-0.8005847,4.9445295
14.082322,46.51673
-32.041084,61.979424
-18.891674,-26.359339
-62.926548,46.364822
28.549961,-24.581886
-34.522217,24.925295
37.96703,-24.160088
52.983616,-27.257816
0.270023,42.38546
-26.20946,11.60392
22.577179,-39.95397
-33.733215,56.623444
-29.917662,-32.078045
24.658192,-34.535282
1.4763956,13.249673
-52.88155,61.268723
3.2035966,37.269302
-27.66258,12.077513
-37.567448,-5.054617
24.00032,-34.154556
-36.88478,34.541748
34.057438,74.79677
-8.100275,-36.93545
-24.964945,50.88292
21.104996,-32.164913
-75.30868,52.187733
7.2699885,44.74422
64.157196,-34.300694
-75.20204,57.37669
22.01283,-35.991673
-9.2582035,-1.4188999
5.307139,31.037298
-22.419008,-25.720125
-32.943336,11.526743
40.378635,-42.14368
-1.4551293,34.995857
-23.543903,10.524441
-4.4615674,41.292603
20.296082,-34.981785
18.02403,-35.94635
-80.01076,43.68622
33.0009,-54.74848
32.28902,-48.555653
45.094997,-53.994553
-45.92716,22.986876
-44.80817,13.90848
-29.055603,-12.348847
-77.833725,49.29986
-53.151646,0.60742086
-33.110332,19.170113
-78.02597,42.57659
51.17281,-80.494705
2.2074285,27.83579
-60.535595,52.415947
-15.44596,3.1778996
33.519993,-28.403128
56.347866,-72.67741
16.81184,-11.449243
7.3148675,33.26327
-45.318092,5.147353
-16.727657,-35.551735
10.816918,37.886295
-25.24638,12.850873
27.637829,-46.526848
21.826391,78.58086
-44.63189,49.590267
32.032856,-24.11756
18.009125,-40.716965
-31.56867,25.40782
44.019474,-36.090694
42.71534,-31.705193
50.607254,-46.305218
65.01905,-56.604027
-7.282136,42.797768
-8.251145,-52.858234
-82.07263,36.461113
16.565273,43.06505
38.952824,-26.967192
-39.758038,8.670921
52.83871,-76.828545
-23.227625,28.043844
-17.499119,37.27059
1.8746654,-5.4916162
25.663963,51.599503
-49.167706,39.56984
-12.552307,38.41455
-40.46344,-47.333916
-0.74723566,-27.183115
-32.1894,12.091269
-34.47284,30.28612
-72.94396,53.062088
-76.84276,49.06588
3.7889295,-40.29903
-50.48648,-15.30595
3.8084493,28.960592
-8.072729,28.901747
63.942387,-23.873203
3.8122642,35.63478
10.769908,46.14283
-36.74106,12.718887
-29.626413,61.369698
39.954704,16.361439
2.7906914,-4.8704243
68.549545,-54.966076
-9.871266,13.850775
-28.881258,43.086784
-18.325066,10.690546
-58.44483,37.627373
33.01322,-21.704762
36.8074,-26.501013
29.076672,-55.75701
-12.051112,56.080307
66.27565,-67.88734
-42.3684,-1.989661
13.418151,72.11548
19.561502,4.112347
-36.217995,-7.9849277
0.6264156,52.24269
-14.809754,-1.4404954
23.15646,29.274984
49.765755,-66.81236
15.913049,42.452805
30.36734,-20.302435
23.059196,-30.325787
25.252357,-60.51252
2.9272866,-47.20664
32.262245,49.68642
-33.193947,-22.321486
-45.479733,-45.546883
37.118984,-14.798438
-42.06374,38.32244
29.521278,-32.63332
33.265575,-24.467447
-0.6167661,35.07934
23.527187,-27.194721
-18.764128,26.008755
-9.374883,0.74196833
4.3956213,29.611263
18.384277,48.333015
16.058243,-0.23065151
-4.337003,-43.6507
25.79482,-28.999277
-29.116058,28.964539
-28.294016,12.41833
0.5580329,31.078135
9.904337,-67.16978
-57.87958,53.849373
26.763546,-29.05965
18.985682,-12.764851
-61.135094,36.65372
-20.871986,-16.96663
51.300114,-27.30986
6.9208884,84.771454
0.016853213,-55.370014
-53.74521,57.527096
37.998898,-54.00634
47.426426,-77.24109
49.526596,-7.247251
-25.820139,-12.27394
8.160413,45.440063
50.499485,-41.949497
-27.235355,11.782589
-58.67735,-2.5444021
0.12525964,33.20288
-20.794174,-23.689157
28.33383,-29.871286
-6.105268,40.059723
-47.535053,57.611897
77.46628,-14.087671
-59.90628,73.50897
-32.84671,16.706766
1.1950294,48.446617
98.46882,-36.034325
-25.041256,10.545856
-36.46224,34.35266
-18.915447,-60.989735
26.280342,-52.2596
45.045094,-87.859985
8.893921,30.678488
-29.17568,-9.144653
27.577328,-44.0141
-53.23682,54.496796
-27.241638,-30.208029
2.3240736,39.183525
-10.480599,63.403584
2.6193068,53.557976
-60.129684,-0.18419914
78.04965,-46.736652
-38.16968,25.910492
-25.002155,12.323284
-5.0069227,26.41789
54.24897,-35.120056
-28.983782,-7.232254
9.155805,41.072666
24.103817,-21.22243
8.419803,-34.67694
-43.283688,16.849348
-68.21092,16.061598
0.7534596,32.94158
15.782184,-13.553306
4.574716,43.795773
3.1725338,-24.660425
10.02075,35.511276
36.520798,-41.357563
-9.5625105,48.614414
61.73233,-27.821455
23.297325,37.12745
12.860294,-14.16721
2.1805375,45.467674
-13.190545,23.378742
-37.42571,44.41194
-44.452946,-11.029647
21.552984,-48.474064
58.74916,-13.244293
-38.411625,9.6942835
-33.539433,24.107622
-13.47476,49.685936
-32.936935,20.52273
57.011158,-51.28643
-33.887615,32.97847
11.146347,50.185516
-1.73809,32.586388
-2.566877,70.02121
-32.013958,25.844143
45.040947,-34.782944
78.579956,-73.664185
-10.006011,2.441699
-55.779102,22.91648
-26.150751,11.575079
20.744207,-68.71472
20.472324,-44.762104
24.017021,43.97165
-25.241817,-1.2550993
18.626831,55.480335
-26.17192,1.4456754
-62.710064,35.80568
-31.61822,1.4046578
-46.306744,-10.408959
7.45388,-28.331942
-29.055216,11.705763
-56.397385,32.470276
-70.35663,42.531624
-5.4023657,59.526123
48.26762,-36.50756
0.5210533,-5.2612376
-34.635532,11.8379135
-44.47223,37.01351
22.78556,49.53943
12.857865,63.695393
28.224285,-61.843876
-24.92403,6.082423
-34.255917,18.963064
-58.368797,56.92182
-19.873991,16.39397
57.531937,-30.770483
3.4208038,-55.092278
-62.464237,70.12961
-43.525166,33.313156
-15.215834,29.42817
28.790339,-23.909023
7.5349383,42.48692
24.16528,-46.675934
-40.53568,44.40045
-77.32481,44.09606
9.383252,62.02312
79.87527,-45.464813
-31.391983,22.601278
2.5971882,23.673565
-39.451775,56.04859
-10.383754,-35.097507
19.40757,-36.816547
-42.579872,12.32297
-37.346916,-0.19036713
-43.70859,34.719803
-4.0842047,-54.899754
-50.845055,14.813355
-53.849052,41.15049
-11.702048,4.6971736
-46.798893,12.998941
-31.633875,12.484067
31.242302,-18.48163
24.124195,-43.932068
-28.313604,26.218935
-6.6381245,-1.2168467
-2.6318352,-32.28976
-54.942135,52.460068
25.829391,-43.26955
1.3504195,27.257324
11.491558,85.47633
-30.118729,25.346651
39.324055,-30.6396
17.130095,37.85051
-43.27973,39.320595
39.176266,-37.170883
-27.150507,-34.60893
-8.481833,-55.09753
52.671463,-9.803814
-31.6217,26.493303
-44.71715,16.16071
-41.701706,19.469648
-1.5943977,29.842264
-45.754536,14.743998
-25.4714,8.727478
-69.24661,45.979523
-3.962645,36.936783
2.8540614,27.560553
-33.975315,17.979948
16.634161,-64.99132
1.1647114,61.583267
6.512259,-16.429684
-2.7894964,45.52765
-6.2315464,77.28383
-16.916748,28.414171
20.597895,-3.2902815
44.070168,-28.206306
31.996822,-24.683693
-2.5808442,48.044
-60.53866,29.854694
-45.703854,14.994534
40.06429,-33.147434
36.40424,-60.603306
41.994972,5.440125
-31.893635,18.013845
10.206545,-19.202362
-59.897644,-33.898308
31.295938,-3.4016383
-24.021624,11.192758
43.156208,37.82534
30.695934,-28.832584
-20.481995,40.76228
30.23964,-44.07709
-24.65282,-1.5994486
-35.09455,43.585754
11.72734,-20.997686
8.557883,17.40185
19.446226,10.499495
1.4603201,39.568336
-74.31697,23.45405
-7.564255,5.3457146
-38.230152,14.207384
22.926456,-37.235683
-36.593296,15.854528
-51.873825,-5.8283315
24.79876,-13.755897
8.788706,18.728117
46.922268,-76.4412
-1.269188,52.472305
15.804201,31.151632
-39.329914,22.947695
-64.85577,50.44142
-10.033798,-1.2661688
17.5317,-40.033073
-29.883217,29.96479
-66.70726,2.0051446
-8.620192,-25.944326
-43.19862,3.352971
11.53814,14.14208
-4.4758425,-5.4335155
15.052494,32.709095
-68.19553,49.804142
-65.078926,55.818333
29.699907,-59.090984
-37.806065,8.920465
-41.384926,21.369131
54.668797,-23.640589
-32.65907,2.0103183
4.1618667,31.178375
-3.2332344,18.827017
10.341658,-66.2495
-29.930542,-4.271773
-50.03452,37.532677
-24.801344,2.403311
-4.4250693,43.50943
45.526276,-48.8522
18.187689,43.3246
-44.202908,7.8314824
-7.568257,92.47473
11.038979,-50.574997
38.080357,33.105453
0.38185298,65.11809
-45.777546,14.730058
27.188637,-25.657316
1.5709443,41.59384
19.891006,-31.711536
-15.09019,8.208691
-43.889965,44.10047
-40.221397,69.73012
-3.7533178,42.955986
-7.526465,43.277058
28.29441,-43.110332
40.739826,-72.59018
19.500566,-55.56968
-37.467834,-18.013285
-9.296313,-4.6195436
33.850117,-35.837013
-39.85217,33.64444
-2.6932251,29.206343
-50.75895,22.625807
32.776623,-25.121918
17.91193,17.737726
10.142988,39.522057
17.506386,64.671715
65.654594,-41.46913
32.578312,-40.080585
-44.447186,16.722448
49.909035,-51.781097
-15.819896,68.91751
8.295135,18.64116
4.226167,1.790951
5.6913705,65.94005
-10.598642,30.472666
3.478459,43.093887
-31.88763,20.681751
9.405318,67.44267
19.667683,26.850275
2.3460526,43.127026
43.092506,-50.977127
45.319084,-30.601452
37.947567,-39.182297
26.791908,1.1209145
-28.8729,41.799843
60.792797,-30.878279
-70.81376,29.953892
-55.90167,-27.815247
-64.5004,-4.405516
-22.055681,28.004313
-47.920624,67.02733
-20.462078,12.537896
47.07609,-39.49492
5.6721087,48.616734
-15.404526,12.803745
-46.262764,9.953545
-32.623993,25.273373
-83.60196,31.841389
45.564007,3.277517
-10.075596,26.454344
62.17967,-64.383354
-31.500341,18.982147
31.499985,38.289097
54.64019,-41.812042
0.42093503,42.118393
-8.778354,71.2848
-18.197725,26.735188
40.69582,-44.49942
1.8765001,29.9638
19.401798,-32.893013
-9.093306,56.949738
-6.6917853,30.812777
1.447425,35.89245
33.753178,-29.680403
-1.7627274,-0.30131257
-1.585982,73.1288
-0.47505614,95.08682
54.591015,12.086659
-8.82352,-49.067757
22.762798,34.60262
60.130524,-28.604626
37.928753,96.88421
8.163236,39.822
-10.376467,-21.316208
-3.985827,42.562557
89.48494,-71.6853
28.244534,-40.38341
-36.98795,-19.015732
-29.355389,11.726894
-34.860218,20.160452
25.843227,-42.637733
-62.916813,-37.325012
10.206975,-23.638714
-0.75282663,74.61163
-27.793537,25.695692
1.9523841,-39.14785
-33.556995,21.973211
-26.788431,-36.36896
-35.323772,31.544317
-36.17444,17.103233
-59.419464,14.278751
86.98039,-52.02362
2.323207,35.96736
2.3596632,59.71488
-25.179886,31.569609
-31.123966,23.412863
-1.127653,39.299355
-28.612295,12.623677
0.09943125,2.2152915
36.789207,-82.19455
7.0231376,43.487785
36.29842,-35.98996
-30.694681,11.906867
-32.622158,25.518997
21.363844,-61.363754
5.0388103,-45.463734
42.449398,-30.92097
36.713924,-62.874115
-7.710514,7.220863
17.46339,-14.882227
-50.091805,40.984432
104.94713,-51.170948
31.556414,-40.80512
35.38033,-28.344288
23.068424,47.950745
-21.08253,-17.453106
43.36687,-75.92254
71.59661,-33.35949
-76.614075,50.945385
-2.361678,32.607212
44.32145,-49.2393
-16.246449,-8.74701
51.07273,-31.6761
-17.074476,5.8669095
-14.2421055,-5.6458097
-10.451762,-4.351161
19.645473,45.653503
-17.159237,8.015297
-17.012064,-21.66947
47.753155,-34.701027
-25.034832,36.197643
-16.509293,5.9437
18.393284,-14.302926
35.0211,-71.837395
-13.042671,5.891647
-30.897312,31.668407
-76.50078,47.63346
41.780823,-4.0897336
0.30660808,-35.424488
37.860756,-35.855522
-15.017215,-47.51898
55.577785,-61.067696
15.066221,-6.838241
10.129746,38.199516
24.49873,48.827484
-31.444143,18.22542
-41.056328,12.746878
-8.330955,-56.29229
-15.86653,-42.792316
60.562263,-36.237667
39.73727,-30.81369
-14.418333,2.3641067
56.209484,-45.632626
6.330026,-38.575188
-49.12814,44.038406
2.9273171,-33.307156
-4.536171,-1.3862783
7.618591,-41.80306
39.68605,-33.206726
-34.48523,11.901009
-50.21089,12.21196
-9.706919,-88.69929
-26.783875,25.458014
-32.016716,18.629847
74.8836,96.10359
20.136482,-30.965412
-30.35758,12.834069
-6.534349,59.353455
4.0335217,-3.2518575
-32.507942,25.104288
30.329815,41.476696
-69.14656,47.014
