epoch,w2_loss_train_samples,g_OT_train_loss,g_constraints_train_loss,remaining_f_train_loss,mu_2moment_train_loss,miu_mean_train,miu_var_train
1,13918.183131043543,"[-3601.1304796346044, -8420.647743496362, -2179.5375549867426, -4228.639981053671, -3602.123742277356, -452.1962883641984, -379.79839785046045, -555.4902939605713, -418.23536432001305, -368.10441375838377]",3.9669367515709677,"[-2707.608365489049, -4282.617939253127, -1745.1838668867697, -2880.780578035947, -2761.4611096936214, -526.3136113410629, -469.2670373008416, -580.2052498910654, -470.4834664052973, -412.11843391049655]",807.6674058804514,"[-4.37376594543457, -5.991520404815674, -3.7141454219818115, -3.876934051513672, 4.5123186111450195, 1.8469040393829346, 5.895731449127197, -4.859331130981445, 6.399654865264893, -4.951842308044434]","[[96.3400917298495, 78.39070179789543, 106.115951128527, 99.53026361787069, -36.48787108743093, -107.39722258802223, -112.77509177689346, 74.09755427624654, -95.7198355585123, 1.9745511148301882], [78.39070179789543, 139.62834345123233, 74.93008150337012, 73.2037432529551, -68.50071613758573, -53.81400993445379, -114.6342664285061, 124.0825225729995, -102.16072159319755, -23.8948183277921], [106.115951128527, 74.93008150337012, 133.74457297528278, 122.89933894727105, -19.54910878214478, -136.3917953785911, -124.56812964748912, 67.62302736735278, -89.35906755075248, -36.95223031133994], [99.53026361787069, 73.2037432529551, 122.89933894727105, 114.00062651529882, -19.854233379853767, -123.36756824842884, -117.00197658896819, 65.92816019033758, -83.5298487428297, -31.17698513040745], [-36.48787108743093, -68.50071613758573, -19.54910878214478, -19.854233379853767, 57.18531108584433, 16.09285062226465, 50.93407544323859, -67.21167886145814, 73.48136149082715, -38.683141405802864], [-107.39722258802223, -53.81400993445379, -136.3917953785911, -123.36756824842884, 16.09285062226465, 159.01091300495446, 125.36765691983398, -54.74174820694463, 98.32545136801164, 28.70638108408896], [-112.77509177689346, -114.6342664285061, -124.56812964748912, -117.00197658896819, 50.93407544323859, 125.36765691983398, 146.25063283845464, -107.19772979000061, 121.69790194973226, 18.607585109872172], [74.09755427624654, 124.0825225729995, 67.62302736735278, 65.92816019033758, -67.21167886145814, -54.74174820694463, -107.19772979000061, 113.87724191068659, -102.60692027205664, -7.215389544908433], [-95.7198355585123, -102.16072159319755, -89.35906755075248, -83.5298487428297, 73.48136149082715, 98.32545136801164, 121.69790194973226, -102.60692027205664, 135.69119513846337, -38.93411988405565], [1.9745511148301882, -23.8948183277921, -36.95223031133994, -31.17698513040745, -38.683141405802864, 28.70638108408896, 18.607585109872172, -7.215389544908433, -38.93411988405565, 166.96198967111215]]"
2,9421.122774810792,"[-7691.922369045684, -11758.672481079117, -4891.950896996394, -7981.608935953772, -7765.562414279521, -1558.603063659668, -1402.8558929358587, -1953.880069529217, -1567.5593806033676, -1357.0094333563916]",2.51222622733977,"[-8169.239784342448, -12700.783481445313, -5280.0673963419595, -8689.42860168457, -8313.055204874674, -1553.0977905782063, -1408.5527282714843, -1840.7628313700359, -1547.9295239512126, -1252.7820455169679]",4323.475291341144,"[-15.257950782775879, -17.42928695678711, -11.159576416015625, -18.101404190063477, 6.138094902038574, -5.770929336547852, 12.692652702331543, -10.867356300354004, 4.174112319946289, -17.034008026123047]","[[385.16973061509213, 111.19660890561904, 260.45838108221596, 118.29101017781431, -29.151282254116197, -250.69382243093546, -354.52770970487194, 149.57922099972893, -171.999409427944, -94.50416116375445], [111.19660890561904, 788.0780608652983, 35.40210273462512, 96.59371672118509, -323.54905656856636, 103.23753671234743, -415.1059941662914, 422.8890217416846, -244.24841387857126, -578.4873198995664], [260.45838108221596, 35.40210273462512, 603.6686179379105, 420.29650118769706, 137.89438197947777, -540.0837051727451, -233.39741360966607, -4.449107483523869, -106.57656802834977, -414.25345595515523], [118.29101017781431, 96.59371672118509, 420.29650118769706, 504.7572301101326, 55.95396972754838, -415.6414839666285, -172.46455880977283, -9.993691927836357, -65.78271885753453, -370.1108323535517], [-29.151282254116197, -323.54905656856636, 137.89438197947777, 55.95396972754838, 336.6789151469144, 57.29131871512326, 238.3091591098532, -212.2345795754107, 454.2329706139227, -40.62132840517346], [-250.69382243093546, 103.23753671234743, -540.0837051727451, -415.6414839666285, 57.29131871512326, 1020.5595915626999, 325.5881131130415, 50.02112669736527, 649.7208348350332, 202.95590768541652], [-354.52770970487194, -415.1059941662914, -233.39741360966607, -172.46455880977283, 238.3091591098532, 325.5881131130415, 554.4817817448519, -364.28402084979155, 411.61508439698605, 292.3709959745819], [149.57922099972893, 422.8890217416846, -4.449107483523869, -9.993691927836357, -212.2345795754107, 50.02112669736527, -364.28402084979155, 461.86644796493937, -189.1670454760721, -229.0676617163802], [-171.999409427944, -244.24841387857126, -106.57656802834977, -65.78271885753453, 454.2329706139227, 649.7208348350332, 411.61508439698605, -189.1670454760721, 1171.4739108112367, -138.87519351345384], [-94.50416116375445, -578.4873198995664, -414.25345595515523, -370.1108323535517, -40.62132840517346, 202.95590768541652, 292.3709959745819, -229.0676617163802, -138.87519351345384, 1213.1567071890217]]"
