-71.78,40.404526
-84.45168,10.211872
64.80255,-11.603852
-31.99419,7.325956
36.50883,-24.223886
-4.2310257,-29.971342
-21.696756,-16.843159
38.781086,6.3572054
28.11012,-50.18733
26.792755,-60.17768
22.372355,-44.883816
22.634115,-3.1861973
-43.258644,12.451145
-13.465728,41.529724
0.47369856,-51.03319
-27.965952,4.6599483
-10.965748,-20.016523
-32.710644,33.11892
-8.577376,-6.030786
38.558502,-27.962542
-33.695168,36.761696
-43.54262,0.060239196
15.25981,60.025795
13.1363735,27.456789
-79.22832,21.054504
53.122555,-14.70752
-60.39055,21.608631
44.330017,-8.753338
-35.000942,22.489176
50.93266,-42.173763
39.43682,-55.41162
36.040546,-47.698597
2.3039277,40.338993
4.28593,65.62477
-1.2393447,57.660156
-17.532654,-20.752237
-27.872925,-6.903804
-10.281251,28.692785
-43.57131,8.037507
-8.28924,11.938444
44.764915,-11.962216
6.1414495,37.895123
8.705581,37.392624
-24.440859,39.95858
38.945606,-37.375427
37.137024,-28.605335
43.336525,-59.26184
5.387713,-42.980263
-34.022415,56.633507
-29.076239,3.5047154
-21.62625,1.3295518
-18.199532,-11.450192
24.028826,-28.203758
-27.231352,26.355804
-89.762596,45.56017
-63.413795,-3.2737103
-72.432365,9.354109
-29.902784,-7.5494475
-5.203966,29.901182
12.46317,27.860823
33.18916,-39.75426
17.244465,26.124796
-19.368994,-34.55777
12.691084,2.9486313
-16.050257,68.87001
24.836573,-50.701336
17.911943,48.69401
-33.636204,26.326414
-4.042291,-10.197724
1.9182136,34.77436
-23.050034,45.627586
3.5486076,87.26967
4.9657326,92.39395
2.028849,-35.67596
-29.889433,-43.514244
51.454315,-68.19389
11.870617,3.959159
3.6364512,35.541767
3.4909842,-22.269585
3.9261055,51.099174
-5.086376,-43.28246
37.452145,-45.495045
-26.16109,-15.067676
32.27747,-46.399197
12.300404,60.658028
34.949467,-32.070045
-14.095993,37.754623
-14.073096,-20.942257
-25.327532,-3.4203892
16.754858,-17.141148
25.920038,42.39568
64.079834,-43.405376
57.906063,-19.620068
-65.03904,9.267221
-26.070791,28.183348
-40.94171,18.083178
1.3071593,35.0813
38.0848,-38.04422
34.595295,-62.297176
7.0784817,34.189278
-36.92465,29.74182
59.601948,-17.585453
-17.491447,17.722666
74.83411,-64.296524
45.32757,-44.964138
57.88426,-22.06729
-44.35187,0.88401735
12.539769,-2.2483168
-45.79733,38.228584
45.57942,-29.557251
-26.240044,-0.6451532
34.76363,-39.193233
12.750789,24.190928
-26.729698,26.47156
9.691825,65.35089
20.456963,-59.87932
18.339367,23.641373
-32.642292,28.467499
-33.85269,26.157507
-69.84166,50.05593
-11.536187,27.474167
45.743793,-51.56765
26.77876,60.89022
-2.681918,-44.819637
-64.482864,26.773582
1.9234886,41.192696
72.82466,-60.323296
30.339695,-52.923767
58.086807,-50.08456
-5.2494435,59.505867
38.887768,-56.514835
-8.885047,32.970947
38.243546,-38.61177
23.662607,-41.69158
26.385698,-59.42509
7.8571463,18.806143
-32.620323,38.41155
-65.78798,44.172306
62.505802,-55.068165
32.08527,-28.004856
-6.645486,21.993578
7.1996875,38.163857
-1.6525621,24.738466
-42.679447,-6.2546573
54.183117,-25.648832
-33.31843,7.675869
-3.5949724,34.52073
-44.448463,38.916893
-60.653076,12.933918
-50.16444,21.880518
34.815853,-60.266335
-43.991894,35.023945
40.872417,-50.949837
-39.51194,23.516897
-62.329838,80.24303
53.93382,-1.5498639
14.764713,-52.117912
1.8363241,16.235125
-14.131163,24.944033
-46.19201,40.619637
32.791485,-24.775211
-63.65674,42.210308
-40.735546,10.223968
-15.500578,-4.010409
-30.070992,32.398136
60.01994,-28.420317
2.4423928,34.07717
-34.54933,-40.116585
-1.9653442,-69.059525
54.660828,-62.305054
68.52367,-46.4105
11.121683,52.645508
1.8701622,46.18773
25.128242,-36.364925
12.348192,21.911425
-20.971994,-34.49297
-1.121917,41.1362
-59.480072,-0.94360185
61.74598,26.391893
4.1200857,-29.239546
-41.976234,10.105628
-12.819952,23.597223
-27.968548,97.88829
13.104656,54.776344
77.80836,-59.500984
-30.348965,7.708607
-66.93687,75.82417
-82.310974,41.76616
10.793401,38.469116
-37.23685,-23.644617
-44.8444,4.501325
-39.37234,56.598324
-35.202034,23.994772
-31.841763,29.660173
7.5696507,39.350304
18.732895,1.5750484
32.937077,-44.36305
-0.5706076,58.348633
76.54984,-44.26714
-31.26138,22.228416
-7.690895,29.468718
33.117798,-35.235527
45.544147,-49.56286
-63.88288,14.156408
-23.271292,40.710594
-34.486725,9.255277
24.459019,-33.689587
-33.138054,5.1398635
-19.677374,27.789454
-49.370148,5.9157176
-21.519415,21.577715
-8.23916,-39.200386
-1.3784343,18.549095
-57.21974,43.654434
-35.73016,48.62246
-54.808956,1.1280662
33.13927,-45.72065
-68.73511,36.510452
8.863357,18.02027
-33.39393,17.644442
24.332418,-41.23967
-53.878983,49.103737
-46.11137,10.1267
16.548489,43.470154
-18.556065,-34.832863
-33.13134,-4.0857315
75.13774,-34.6311
66.58332,-1.9620975
9.238675,-23.743092
28.056543,-68.77554
79.576126,-74.01543
-20.971819,19.886442
-26.288532,-29.396658
-47.024097,-2.3535395
34.853848,-24.899286
14.069307,31.562456
19.268782,-35.614456
-21.22463,29.357977
8.102488,46.586197
44.007034,-25.218163
-64.942535,8.548625
25.945517,-81.74927
100.930725,-10.783809
34.245884,-38.28786
2.194667,20.364475
-7.359982,-46.424683
15.325901,31.665058
-43.224052,32.37971
-31.977434,-34.90641
-58.805122,-0.17679425
31.590883,-35.99043
56.896446,-46.415333
45.307148,-22.762989
-24.691587,-23.45671
23.713121,-43.39511
41.796318,-17.30112
-41.376102,23.010687
9.472533,-71.21455
36.22515,-34.781322
52.944298,-30.443321
7.949609,-33.549866
-37.797287,32.921967
-29.987482,-5.8615217
60.859142,-25.852316
6.689227,7.880291
-47.84551,12.702296
-4.8994412,17.960238
5.0055423,-33.302216
-19.211807,-7.4859476
-7.967357,17.557459
-8.398071,29.751673
11.45936,42.839348
36.34927,-62.2383
11.169849,24.287085
11.198937,-32.33362
28.235146,-42.47478
-17.642654,50.314796
42.034195,-65.7253
-50.357986,42.37188
-36.61655,19.339014
-42.45016,17.12227
53.47249,-60.007824
-54.306786,22.023973
-46.967186,7.0373683
27.194216,-12.3837385
-44.246674,0.92234147
-47.57732,-33.44586
9.384272,43.74119
-35.50648,33.175156
18.673693,-29.312965
-39.60169,19.21654
10.586178,-39.692215
28.479795,-26.239504
66.79092,-102.58387
-30.242495,42.614872
12.158029,73.93559
33.588985,49.53123
0.9467624,27.9628
-38.741917,71.76625
-54.157738,27.403425
-33.60447,21.487759
-12.225287,21.236357
-2.728816,-24.925436
45.473377,-23.599506
-10.411039,66.29912
10.802874,53.765717
0.35525495,-15.117832
-23.573658,29.481127
-22.921736,-0.82285637
32.600803,-35.137615
5.128709,42.810226
-13.618604,24.197313
-12.979705,-43.109756
-74.73158,42.193645
-53.763916,27.159952
6.402445,24.802315
-16.039665,18.407438
8.690677,-43.226433
-53.30632,55.15531
58.549942,-10.462906
-37.38883,21.440374
37.09357,-71.675514
15.701218,-24.886816
-16.062902,26.698402
2.801275,39.43816
36.05908,-40.4897
41.51646,-34.65843
-47.18943,12.2158785
57.836506,-65.57298
8.6032295,-15.357479
35.77034,-24.975183
29.60524,-24.586922
-36.273853,-13.686241
57.46185,-57.358208
-19.741827,24.59765
-3.9283261,-26.525135
36.183052,-49.001736
4.8841567,35.439384
3.7139733,38.505894
9.536176,31.6408
45.20947,-25.98879
-0.12924221,42.6627
11.992933,58.308655
-6.5269547,-32.808407
-21.925953,56.219692
15.7138,-9.699593
-45.29609,-5.0760818
46.337475,-21.785955
-6.805076,-26.239523
-34.166428,27.435827
-2.7074082,-18.530516
25.890633,-56.62425
-0.8871635,28.197962
-19.459324,29.788092
-28.805832,-22.57824
-75.43903,-29.602757
-38.467705,35.74647
28.652834,53.244614
-13.346152,35.663666
-23.190388,-39.75077
-30.053173,59.9807
0.96950454,-18.146238
-25.918694,31.800478
15.952803,61.05867
27.033777,-34.569088
65.915436,-54.273067
35.275837,-43.94229
-36.37043,21.07469
-0.17956151,59.20328
-48.979862,7.830719
7.5541277,7.322352
-32.106716,-16.0239
41.093468,-10.242151
45.47122,-35.46396
11.648485,-31.27434
60.654736,-54.781807
4.5727386,49.819256
-0.63063794,35.066193
-39.305244,6.9931064
-7.3598576,20.981024
3.0855944,32.33768
-46.339806,-9.074867
-54.856033,39.05571
-9.66317,30.27162
-34.55054,-3.1902387
-95.48229,40.05091
10.05743,28.347828
-19.901417,40.34951
10.03723,23.011908
-15.739421,-13.399013
41.927814,-38.32004
4.53168,-19.318201
1.1681812,-23.735138
20.866488,-39.31203
-60.12654,33.21498
16.896456,-19.738895
-62.808018,46.10206
76.07035,-49.533226
-41.941246,-12.865448
28.902243,-9.790162
2.286301,51.407356
28.343811,-67.79825
15.962408,29.351484
-40.803635,18.202034
13.927782,55.1177
7.2324314,17.158056
-45.773956,27.865938
42.19714,-16.64808
16.783274,28.900301
20.032772,-40.2762
-24.700865,-14.420518
-20.75082,18.715624
-5.376133,39.347775
8.175693,35.332012
-28.342144,30.476313
-59.50805,46.74643
33.790974,-43.73845
-24.13395,56.67771
-25.397562,12.539011
-27.936474,-28.388702
9.977407,-45.09611
18.909956,-30.09373
-56.08082,33.444405
67.90519,-21.46064
42.366535,-60.418648
13.945013,-61.180534
8.395037,38.196342
-35.740997,65.960846
-46.793125,34.8046
0.98904985,39.40519
-62.802032,31.949171
36.6041,-43.9995
25.779413,98.682816
-19.168797,-27.71224
-32.175255,-27.851183
41.146748,-43.725628
-47.014275,24.803411
-41.445084,9.233525
11.524025,33.487137
-81.81349,8.055518
-9.475321,11.958906
74.53426,-62.5302
-46.201893,8.812572
27.548677,41.26606
53.472427,-64.857956
-18.097046,16.247244
-17.916975,-17.278572
-48.554073,-42.38824
-8.076461,5.7860026
33.50928,-36.78077
28.988035,60.363274
-93.098724,38.836052
-10.76291,-5.3837233
-74.73844,41.6075
-43.796112,-17.53932
-43.90878,44.453194
33.581448,5.1565804
1.2561276,45.955437
54.574665,-31.182367
-17.89993,-1.4279099
-37.869312,-3.257246
21.229239,-18.086502
-8.3260145,-34.678032
-28.797363,27.011492
-68.62777,73.51618
-11.621658,19.329863
78.706436,-3.9053812
-2.2213087,55.05062
-56.673145,-8.234817
29.74115,-58.79492
-43.171803,26.039045
-16.797571,-40.54191
-76.26443,44.918022
5.6758885,-54.583363
43.133923,-14.1588125
-83.095535,46.5595
33.118687,-24.119143
9.778364,28.716871
-10.0050125,-8.870514
23.680538,44.29582
-22.455008,-8.984869
-28.72344,28.039442
6.860772,19.04018
-79.674736,20.916552
36.391132,-34.849724
14.323599,-43.340527
13.338606,63.023884
-43.613094,36.79842
-36.54995,22.571457
43.408062,-23.462742
-42.743587,53.843193
-39.88664,64.19951
3.9900892,-63.06888
39.18407,-5.4924946
37.019466,-46.979794
22.282156,-27.760725
-43.94376,-31.610273
31.855053,-50.763443
-10.756187,19.9122
-23.839226,-49.13361
-12.574329,-31.369106
50.676937,-44.214462
-24.640469,30.631588
56.51833,-60.941967
-104.36293,13.53199
16.98757,-23.622128
-3.6651375,40.437904
5.3314176,61.06614
21.944239,-45.9453
-73.12667,52.366074
-1.6088871,56.751503
-92.68085,30.16241
-15.280797,-2.813706
-35.259922,24.359755
14.93428,36.514244
33.490086,-19.408775
17.758896,-19.410698
49.019653,-71.591606
-42.74026,-24.683945
21.051832,-37.44484
-77.12307,39.366646
13.263568,-0.16903292
49.312946,10.45543
-17.032948,18.36309
21.860353,60.289246
47.31135,-9.346075
26.039595,-26.960958
91.71382,-78.00276
-71.3755,37.89248
-9.505857,51.803963
26.104681,-34.708103
-39.07766,17.84978
-40.3464,22.011568
43.653934,-79.58847
-1.0657686,-19.916311
-34.964752,25.609228
-0.11377147,-14.827244
-37.579403,28.33729
-62.20561,40.51401
-33.858425,-13.081407
-43.874546,14.798689
-15.731895,-18.803816
-43.25478,23.367748
7.7868466,-34.34986
31.326729,-33.113373
-9.995128,5.1636605
4.4170737,28.578756
-25.592314,2.236137
-15.076709,32.3075
40.41396,-46.755512
-31.515133,8.570353
-19.167093,25.729095
2.3908904,23.056135
53.582596,43.278343
42.32677,-56.393253
-67.04405,41.566025
3.8078473,-4.095517
5.7506256,76.02597
-33.751656,-0.8058432
8.280226,93.23763
2.1300893,-17.186626
-32.499214,54.284904
-59.863712,-18.266626
10.464791,-11.795357
-5.938224,-31.690687
57.880806,-33.30735
-28.15127,-21.9868
22.941488,-32.97859
-31.824379,-5.9553194
-5.0986595,19.865616
53.887966,-23.667093
-40.368076,18.12047
-11.607018,17.600473
-5.653608,-28.264166
22.839867,-22.297052
10.830406,44.52277
-44.838417,17.776396
-40.972157,-6.507209
-31.008114,-23.79742
-37.98796,11.606675
4.695576,25.951529
5.1640053,-18.426342
22.808872,-5.840976
0.75192374,35.974174
-60.52327,16.51776
-47.24817,34.212517
-26.456146,50.043884
57.34642,8.9885025
8.811229,6.547288
4.983218,20.74557
18.12485,54.03494
25.507772,54.275837
-35.81455,17.933012
34.94662,-59.84205
-37.840015,13.286067
-1.9407122,17.391079
-22.48153,36.22869
7.824456,-7.868722
-4.7632666,17.900717
44.846355,0.6037148
35.727867,-55.15253
2.8376515,52.391144
-26.998081,40.48191
-22.5328,26.436134
24.428118,-42.212986
17.510893,43.049606
-3.1240342,45.226448
8.751202,-14.501184
-1.9468944,49.92479
16.25967,45.48242
-38.016968,24.246033
-43.693645,12.273754
-55.879654,41.015274
-39.910194,22.64534
2.5124412,16.462627
50.805428,-33.982025
-33.94873,-7.788119
50.223545,-21.83277
6.4773273,-48.703793
-17.451286,-36.117817
-47.569103,4.5706525
-67.728386,54.80059
-25.967913,2.2037404
-11.846289,19.996552
32.855717,-53.463303
-13.870517,-38.302208
-26.334026,-15.807771
4.3171105,16.754122
-29.430464,-11.978539
-37.734978,16.350922
36.916786,-23.078978
2.2510362,18.062462
-1.1545126,34.84164
-54.362576,22.000046
29.276112,-47.470394
-52.46247,6.4402366
20.046247,-61.226776
-1.9097397,23.002638
-77.05712,30.138937
31.715952,30.467138
36.978306,-22.993767
40.972736,-39.02624
-3.82236,-14.819267
35.18446,-25.777863
-41.749153,23.955309
53.26126,-45.55751
-22.863958,41.845886
-22.874693,-15.641995
6.6138835,13.908262
-38.184868,17.203156
-57.576534,2.6908998
45.329327,-52.43833
50.072353,-45.604492
31.413782,-55.474827
6.2792478,20.50594
-64.80246,43.879353
7.0264664,-25.297869
11.314442,4.8532467
21.477455,77.047714
48.361393,-37.17236
-24.507788,-52.911377
-60.796555,40.419792
10.799235,-60.95117
-41.115322,3.533369
63.088673,-43.791767
-34.21186,24.707129
-19.21088,18.255943
-8.950307,39.939743
51.13191,-39.96853
23.16205,-48.31578
-28.50015,-21.570057
73.096306,-13.489298
-80.65391,39.682785
56.911674,-46.855934
5.1773853,47.18885
33.93533,-56.656246
-19.328455,-7.404862
-6.467991,24.016394
-39.48649,13.34984
6.0930166,17.666273
-8.843606,61.88354
1.016958,23.904783
1.9626406,-35.9746
65.4814,-22.74082
34.895443,-31.783052
2.7650774,33.52363
-30.280874,38.115837
-30.175383,4.041725
-4.362966,-47.429935
32.54403,-65.61874
-21.824936,29.3404
-40.40993,21.135958
-71.95106,-9.77503
-33.07389,29.441515
-33.782845,9.75722
33.56021,56.71112
20.727411,61.744167
-18.360151,-88.56518
32.243755,-25.053709
6.3804417,65.85702
-48.65073,52.822987
-0.37942815,42.399483
4.0536175,50.49865
12.6003895,48.710297
-38.508705,8.048661
49.238377,-12.508943
19.291616,-0.7471659
8.752687,59.678833
-42.931694,16.174543
-37.574905,35.22898
-22.413786,19.177734
-30.552088,7.3857236
-52.51993,17.19016
-99.900246,25.695726
31.91231,-66.928764
-11.581087,22.846601
30.71309,-40.42489
4.1786337,20.902197
29.917812,-25.833914
-27.624222,29.891844
-54.44332,-6.040998
2.0466595,25.138424
-37.078213,29.05357
-45.947693,8.3570595
-10.22281,37.40858
-41.744286,12.295999
31.268106,-22.881296
24.50279,-59.113506
-79.12784,37.49562
-52.683727,-1.6083055
-20.234463,26.089338
14.027275,-38.67442
-0.4106706,15.677128
-11.092758,-24.096746
-34.977604,25.17475
29.665224,-29.475826
20.272932,30.923235
0.4137699,-30.90132
29.214117,12.281027
36.865837,-36.933193
32.922775,-93.52004
25.972555,-27.588646
32.817917,-28.296545
11.32139,31.362944
-26.973545,23.302652
-35.89188,53.541298
36.670776,-18.70185
-44.807346,43.55726
-8.081366,83.2834
-40.903435,9.541464
-45.19815,3.2266126
-34.067997,27.56617
40.657017,-16.415667
-21.500399,-14.109155
11.716275,23.648117
-39.750557,10.174837
-37.16011,6.8326855
44.099964,-43.443363
-7.4521627,52.839134
-41.989788,1.8535889
16.460913,-43.414116
13.472673,34.157745
-12.849033,36.32671
14.660444,-20.498755
30.508532,-38.61794
4.2891855,39.17472
4.8686547,40.912346
-68.82017,41.83828
29.538326,-57.930695
9.997991,103.9066
-11.80557,18.115181
-3.6953223,61.42688
15.765949,37.301292
2.0011666,33.21242
35.387302,-47.741524
10.100091,-50.941193
-29.577364,29.094088
-27.84473,2.654368
-27.912941,-35.568512
37.017124,-60.90153
13.491866,48.984966
-46.437344,14.657024
4.4030843,-37.99467
36.564323,-36.87469
-67.77401,2.893734
-29.269836,28.603159
-0.1783427,27.961521
49.153904,-61.892242
54.963856,-11.235729
-37.03718,18.46836
-32.243465,29.689837
-31.474463,-69.92307
31.706766,-34.66208
49.314625,-66.12138
-47.041737,24.503664
1.3239677,12.138277
-25.44302,-30.132483
0.93523103,30.830523
-32.64919,47.997246
16.641184,0.64078176
-25.471544,30.4216
-13.01048,49.975616
-43.82396,-1.1603096
82.96397,-22.082233
19.74153,31.66594
64.02891,-21.56754
23.625513,-53.43052
81.2497,-5.2516823
-26.683256,-20.12198
21.827023,38.406914
42.29144,-69.7136
24.351072,17.57597
8.992331,47.398552
10.167616,-13.491743
-42.483624,8.3407345
0.7966847,43.0038
36.54532,76.05446
2.045195,22.784998
50.951218,-29.414505
1.4591095,27.976538
13.7854805,59.902023
-85.31191,68.414894
25.679792,-35.96158
-38.51979,-12.468736
41.4493,-69.95144
36.497322,-1.6621515
-4.1402254,-12.741561
0.9449394,26.232565
7.1191535,21.24214
1.503824,72.71861
-74.70371,43.98952
42.104122,-42.657986
5.40309,36.582184
72.479164,-54.62172
-28.783152,20.927652
-3.1608143,52.421806
-33.12248,28.10021
28.105848,-50.405888
-38.85624,58.095154
-42.662357,1.3511926
2.9815981,72.837456
-29.047127,31.239147
-40.94225,7.811754
16.060177,28.660887
3.4362855,19.47045
-46.939323,14.335826
45.054867,-17.891184
-12.20303,22.050524
7.023466,27.454222
19.456938,32.147213
-41.26604,13.136154
-38.7334,44.375343
23.303946,63.15552
31.28584,-23.554743
26.040674,-51.395664
38.74133,-28.156073
-27.170101,30.75818
72.561516,-47.663364
20.747736,53.98533
5.4182,-75.03434
54.393192,-48.627716
-56.299,33.906532
4.0570235,-38.106995
-35.872025,-29.681486
24.419672,-44.693142
4.099885,-41.822716
29.43063,-39.602978
-68.999725,40.04743
22.563704,47.470375
-39.810722,7.141126
-60.989784,-16.462465
-24.93616,-1.371946
-40.01861,7.589533
25.140797,79.79678
-38.098736,-1.1337656
-32.458393,19.638905
-41.64506,-0.18267371
-43.789062,1.2847689
-45.507797,55.50354
18.896177,-36.756474
24.885181,-93.20728
42.242878,-44.265457
77.418785,-80.429085
66.266136,-69.67331
-3.1794777,22.012094
24.196007,-21.290552
12.008016,26.106546
22.852835,38.154793
-56.150692,-20.875858
-29.344755,46.40284
-86.84965,-28.745657
72.01181,-45.094784
-50.73548,44.205765
-9.118298,29.748621
-28.880436,40.39395
24.161629,42.91044
4.020774,-31.809727
-26.915411,-10.963964
-3.561875,18.289
-38.609573,38.07082
0.20969792,25.67727
49.637054,-74.06253
-33.697483,27.849535
61.98495,-39.375706
-4.998701,23.89818
-9.12188,-24.577639
-48.51572,10.88393
-42.118095,34.8071
-93.40199,2.5678592
-62.522003,39.92341
25.385483,-40.465626
15.4435625,-49.39133
-37.728252,24.877832
-38.568295,13.1221285
-33.586605,26.570793
10.105289,-42.932617
-32.725227,15.128804
30.140078,-49.531113
16.92688,-26.715693
-3.1523116,-42.1224
1.1820495,-82.651955
37.92439,-32.005516
-60.59502,36.778584
8.851039,18.202013
2.2015061,41.412605
-37.63651,-4.1917806
-31.036587,28.166859
73.32452,-41.040527
30.325552,-16.995005
17.426277,-54.45132
15.765209,40.88429
-28.774206,30.28971
-0.53313917,78.39302
-45.08325,74.50438
-5.356305,-11.46835
-58.720894,14.201992
-6.9665146,-46.6719
4.973399,45.858967
-68.004326,25.789854
-3.7931638,28.078234
15.014133,10.092648
-68.2121,50.850136
-73.10749,27.185518
41.33328,-55.62977
-26.368505,20.74404
-65.99826,44.55176
-55.35951,55.394726
-1.7815796,19.255997
31.507416,4.583607
-32.22139,1.1892413
-11.993688,-40.105133
4.9840713,69.8454
43.36227,-60.336338
-37.09995,35.88176
-28.621925,34.15474
-58.834442,22.880398
59.978535,-21.586031
-39.357018,5.1529417
9.909633,46.887627
13.775162,31.786964
76.61556,-49.38205
9.317369,79.85658
73.64419,-71.94344
-42.270638,-24.055126
-45.59667,-4.720832
9.212256,47.617405
38.743374,-46.17005
38.438404,-60.897015
86.248856,4.758575
7.2969894,27.188795
24.814428,-55.190826
59.00602,-75.55459
8.130892,67.893
-34.51042,-10.483732
-1.000527,-48.16975
-24.628092,33.097656
21.523043,67.02791
-18.13999,-58.5789
19.31059,56.63066
-3.5116885,57.682106
-57.56284,50.94166
-27.15121,40.467625
2.9906626,26.822813
-17.399935,-40.30294
-13.708026,19.400488
46.75859,-6.641328
-26.845253,-19.532814
-15.925663,53.047466
50.117886,-64.941376
-18.623198,-22.362328
-65.81656,54.021782
-39.48058,7.1906295
-12.600193,27.980825
-38.5356,48.08995
-61.855007,41.98416
-3.5855415,29.2378
50.81576,3.265737
-16.57979,23.574911
-39.83042,8.79195
-29.346178,31.835913
6.9721985,26.383986
2.7296064,50.75181
-17.198112,37.93983
-50.7937,74.357735
39.67327,-57.951054
34.910637,-7.2844415
-36.261337,27.442698
-23.895008,-7.281341
-74.98516,-5.15801
-21.12139,35.124195
23.19962,70.94966
-29.745245,-19.161274
22.781786,-47.38025
-56.804886,41.113075
45.52267,-36.862564
41.103977,-33.66726
-14.81967,-37.60055
8.093743,41.02902
21.359444,-21.685112
31.32089,-25.157946
7.6601205,45.20788
29.809126,-39.344864
13.92119,55.80362
-32.95976,5.33666
-34.680813,10.704372
14.158306,-39.01059
20.007143,-43.703373
4.796029,30.651175
-34.28093,24.75884
-1.3451276,33.616898
22.624247,-43.59617
29.574224,-24.224043
-19.223562,-37.271286
26.132387,85.35341
49.315773,-23.310457
37.57211,-33.944717
82.09304,-68.91754
83.77443,-100.90487
-12.247293,35.60219
-34.543556,30.857847
-9.518966,63.280838
-18.475105,-10.398045
41.16898,-22.283092
-32.706272,33.047924
3.7634988,-40.680984
15.070538,16.814291
15.643149,-24.69649
34.46799,-29.417515
0.39766616,67.47435
30.688166,51.25115
-32.555298,8.531865
-30.47031,-3.4373696
74.29637,-14.90119
-52.922077,36.70118
-16.631475,70.68171
20.663385,-42.972843
10.316972,-19.076084
47.169537,-77.97318
-29.766851,38.33233
-27.296093,42.995968
6.321972,-38.512035
9.246665,47.35678
6.7999973,26.41874
-59.02334,49.37043
-2.6648984,56.13987
-12.532754,-29.00769
39.978436,-29.835873
35.11114,-61.138386
-41.212646,10.126333
0.2245719,11.039201
36.774,-24.002584
-1.4669625,35.49041
-45.18573,39.929996
34.212627,72.80856
13.728327,-34.528656
-0.78935295,29.525957
-40.024788,16.320518
5.38571,16.964487
-37.413315,17.375446
-43.141327,-8.213308
5.5097575,-17.764074
42.702305,-37.114788
-2.199584,33.99995
-0.8316345,53.935997
-42.35363,26.937237
-36.914417,19.389618
27.884195,-60.877155
37.53256,-62.658676
5.1669455,4.793064
-21.126774,-3.7184672
-48.584595,46.34881
40.203114,-23.487883
-28.027422,-18.42777
40.52544,49.992043
4.2408953,-10.851699
37.941883,-49.855328
30.509975,-53.609295
-4.7632494,39.81929
12.421226,-24.643805
33.70521,2.7248726
29.99338,-39.433292
-39.199383,35.53694
29.629007,-10.969188
-33.076263,30.644981
0.59578913,37.136017
30.788153,-53.125893
2.6269228,-51.874237
4.2495027,26.13342
0.14641233,35.61995
39.1955,-38.00978
-36.166653,35.296886
-51.61327,3.0626397
-52.679558,-10.050525
16.206896,-17.039146
24.189384,-41.857555
30.618937,-59.378983
-65.46329,0.562745
4.428147,24.15904
-37.9172,23.585733
31.3034,80.0333
-34.42112,-2.095391
21.567366,-43.47843
0.34940946,16.763292
-50.632507,41.32219
-17.075972,25.066544
15.350525,76.39988
-32.638573,42.970192
5.739852,13.841583
-14.642236,-28.840755
-62.53172,40.148132
-56.8716,-34.505844
21.914455,-40.29591
-8.407272,-50.07643
4.120733,-32.267094
-1.5235803,34.10518
-86.55012,47.920555
4.6321635,-52.071037
23.945335,-52.625946
-62.5925,42.81652
33.476467,-31.149033
-28.618765,44.154274
-41.367317,10.13415
-29.81725,29.571156
5.411492,17.682821
-79.551895,43.195885
48.034786,-27.975754
-15.880066,-37.479736
19.429144,-41.290066
-16.628435,93.128174
-61.056885,13.083587
-38.240864,16.623564
6.694898,36.84301
32.06738,-26.470224
1.9332016,23.244013
3.8740675,16.932562
4.370275,71.13391
-61.52594,36.087234
-3.5308814,-41.19663
-0.50863034,31.729668
-29.74108,32.27391
35.898273,-27.33143
-19.18891,31.615128
17.80216,-43.37242
5.735607,16.271875
-31.60973,-13.456482
-30.660221,25.75297
-24.123524,37.442303
10.603315,1.2108796
-10.2831135,18.934397
37.33646,-50.121433
29.830774,-67.06524
78.89225,-5.4372272
26.097372,-29.899662
-46.69689,44.118
4.2938538,16.75886
23.36556,-40.50883
-0.92106783,36.91122
55.534473,-28.40371
28.58853,83.564835
3.4652288,15.607058
13.034076,21.418661
-10.711595,32.951237
32.488285,-46.335777
-2.1816545,14.580686
23.663239,47.02071
-20.44372,-0.13611512
72.783035,-20.9758
-37.473225,12.374393
-49.528713,6.183437
-4.9930305,30.440363
-49.700325,-0.33396688
-67.968254,25.121435
-36.891262,12.45402
-47.322548,7.432208
-30.351913,29.418299
-3.9447591,91.11719
41.706882,-30.476418
1.4901043,19.057802
14.291335,22.863596
28.702312,-35.016125
-60.63968,55.29426
82.08599,-50.296516
-29.93346,27.730103
-44.518875,17.073769
0.097466186,22.93693
-81.469505,33.325226
-6.9044003,-42.324825
-33.641727,29.292908
61.7614,-87.59912
38.448315,-58.766594
31.37903,-44.94194
43.65782,-10.544447
31.842268,-56.633663
38.993336,-20.871384
7.7623386,-38.17413
2.4669275,30.343382
28.646887,-46.51381
68.385376,-31.338009
42.83638,-37.06564
43.269867,-24.169584
22.223257,-13.2029705
-38.78754,23.472954
27.166138,-43.766193
-43.569454,3.5276556
-33.181797,27.886309
39.184505,-35.74515
-23.031332,26.982317
26.916094,43.602936
-85.5975,38.810146
47.78134,-31.379885
-38.44049,-5.690413
41.843784,-20.427244
-6.8835926,-19.289421
25.024643,-34.326237
48.803276,-49.586918
-45.624622,22.465727
-36.896187,-13.05551
-10.841641,-10.176036
60.196304,-17.593357
8.703232,41.304108
-47.436714,-22.746971
-61.83901,43.711445
-53.653786,39.429993
-14.344831,22.03128
-61.090908,-11.001487
1.7623794,-37.881382
17.849691,30.803059
54.59582,-9.241855
11.171319,-6.0207086
-39.238255,14.962122
6.935855,42.25126
-45.454506,15.580238
15.441211,-30.403423
31.365408,-33.867023
57.24506,-76.98982
-0.35238266,16.899715
4.216328,-46.11075
-21.716488,6.490289
37.95331,-2.6227455
5.8678703,35.38262
28.482973,-34.18621
-48.629936,1.5422114
-21.444279,32.188038
-26.471376,31.126448
-92.27373,42.403248
-39.158054,23.686232
2.4574602,-7.144822
36.936806,26.2908
-5.6105165,-8.035058
16.123173,20.086632
22.892023,-49.991596
56.79708,-69.23355
-0.905981,31.485243
-41.794632,30.750492
-36.645473,24.797598
-53.293068,-16.989231
-50.608288,-18.657682
-33.7575,1.2928485
35.134396,-27.197428
-1.418847,29.578444
-30.779009,4.5600986
-36.838856,42.57766
-6.3693852,-27.323694
30.394085,-6.1528325
-35.567368,26.50834
-5.304981,32.042965
-37.206715,-35.0379
18.153135,-44.086063
-24.398026,-6.459997
-38.482258,14.450193
-8.57411,-14.963095
-4.735172,63.34262
53.344704,-30.173489
4.3289204,25.861254
46.36801,-42.63547
-16.26596,-48.48988
53.723454,-41.57663
-6.32088,36.57599
10.371176,55.6599
-39.448116,46.60176
38.533367,-12.828397
22.988089,89.5184
67.69428,-86.75807
-83.74233,45.45658
2.0762413,-11.292524
-82.15522,60.50955
-52.37125,12.9247
18.659998,-31.55834
13.163507,58.10596
2.7319334,8.445941
-37.18465,17.992197
-51.971313,49.19403
-12.868864,22.826456
-41.179638,-11.303178
13.914125,-65.25398
-32.59233,9.279009
21.715479,24.159899
24.835642,-36.925884
66.558876,-51.929665
-46.9744,21.679995
58.315197,-24.460716
8.350937,25.269884
21.06419,-53.643024
-57.06509,63.037678
36.480892,-41.530205
5.2185836,43.935844
33.664364,-59.593586
-37.590305,-6.258107
-12.960646,-41.648075
20.433435,-45.693165
97.07293,-31.976078
-43.04005,32.931656
-13.926498,39.23473
-13.125485,37.018074
16.043924,63.8151
46.72035,-52.200443
29.627092,-70.52946
11.388865,29.25194
-55.01273,49.29837
-34.395874,25.057955
17.778269,34.114456
0.5519821,42.055267
-46.22561,15.003475
30.12773,-62.195194
6.898855,24.754469
55.856495,-50.83797
-11.56763,-7.7220993
54.631386,-36.326866
30.05395,58.726498
-17.758093,-19.235044
-66.36653,44.91897
-38.662506,29.327211
14.609536,-27.663752
3.0428526,28.766191
-3.917225,-56.687645
-38.292084,15.759651
-43.24565,-13.318986
3.6418583,24.943485
-5.6408424,25.822737
69.66781,-45.71935
-22.552706,40.70491
-5.4055476,31.924143
-20.181707,-34.97796
18.862017,46.50274
-84.567696,40.74574
38.158115,-21.675507
21.31726,0.13936913
12.145843,-33.88779
-43.12376,2.8045678
-12.387885,34.594284
-7.2598,-21.524738
46.634113,-12.66194
-30.108612,32.67642
-27.294237,24.094414
45.555096,-38.27295
1.551373,50.92102
-37.497036,35.53028
74.07601,-39.77715
-67.75704,39.870106
46.668583,-19.439568
12.147705,-1.047928
38.187473,-25.133514
35.929432,-27.035755
-62.876717,-5.4577603
-35.50717,2.533894
-2.301159,43.014072
-2.0871792,28.603683
9.159074,13.3459835
-41.538055,13.49461
28.14967,-98.02024
12.772812,22.96126
-31.204264,-7.90295
-8.855863,-6.0978007
-10.6668825,37.1104
20.99186,-20.939587
0.5171794,-47.592686
1.6870372,20.037737
29.114563,-35.93938
-50.13129,39.1638
17.847399,28.56337
-74.81431,30.075617
-70.859184,6.3209515
10.632963,28.435987
38.63974,-38.072376
-48.76633,27.46714
-44.272854,7.6740084
-10.146029,22.637634
70.933876,-45.52476
5.679699,-57.143223
-63.556435,-21.02927
-25.801083,21.337955
50.923405,-47.415268
-89.66999,26.72607
-14.492568,-35.684875
-30.064184,32.033855
20.850847,-64.881195
-2.516966,34.420174
16.20608,-61.53467
-41.05354,12.040642
33.244083,-63.542526
-58.459274,-22.861244
-35.16538,39.016617
-25.138756,-19.625742
-33.150463,67.59261
-38.755733,10.350076
-77.744026,17.176846
26.320261,15.838776
-33.966812,48.138416
25.972467,61.47746
-55.07952,33.57874
-49.928265,57.477005
30.16173,-40.123928
6.8604574,13.3824005
-46.24824,40.648895
0.06533261,51.257202
-5.250074,-34.346836
1.0766423,46.352806
10.249441,31.669123
47.991566,-53.919144
14.641502,-25.649515
-72.559296,30.594276
-31.383654,-23.987768
-85.12699,41.238007
-4.7942696,-48.006683
-29.197632,-27.665922
-25.532713,60.423244
-32.318863,4.3325343
-50.056103,50.91447
-47.928307,40.58361
-2.8981397,30.170298
-12.581578,-4.220408
-29.274416,-5.215553
-8.720279,-19.892403
28.684528,-54.097347
54.299473,-14.554267
-36.42048,19.313562
-28.723156,26.04162
-0.9974843,-25.666224
-31.482391,29.840658
1.8912497,17.078976
-2.5257788,-45.76669
-16.501389,29.061453
3.595698,25.064363
6.487774,15.814833
34.367157,-46.138577
-51.837532,53.640087
-9.756522,47.732414
-15.723308,38.45681
-49.623543,48.687454
-11.789796,-5.913869
65.16501,-32.03566
22.173317,-27.331884
-37.736767,22.512857
-52.47449,57.509785
52.67114,-47.94723
-45.99461,44.422215
-76.46166,38.113235
-38.204483,-1.5946689
-25.360329,-31.661064
-5.720247,28.589663
-33.889538,5.4943275
-34.87893,41.919647
41.833927,-22.592312
-53.956284,-6.4198055
59.642162,-65.948296
-68.01237,-23.120544
-4.1648774,13.368242
20.319868,-11.91485
-27.622849,-4.244933
-64.759476,40.954357
2.428375,18.59941
-69.87933,24.594522
0.27689475,41.056206
-10.310415,-32.66449
-29.861889,39.69989
-11.236617,11.730778
-28.354597,48.571472
15.558812,44.61866
21.574625,59.77842
-19.1101,31.837648
4.9081364,-23.77507
44.475876,-51.030853
-51.292023,53.772762
25.798355,-39.805668
-97.604,22.425705
42.15032,-39.48892
-15.334784,-30.239588
-42.7869,38.028004
27.46776,-28.027943
27.060238,-41.086365
-32.413555,-20.584303
-7.6632485,39.341564
9.567879,53.102215
27.995329,26.053297
-23.462784,25.292189
-6.463318,42.940006
-36.921562,24.477999
-14.253283,-2.945681
-32.45927,33.4449
-39.1241,25.629368
-22.014908,35.09613
14.330334,0.97908497
16.115965,-4.7164145
-46.136234,9.421433
-19.3018,25.674871
20.552584,-50.22214
-25.896433,4.3387766
-35.86712,-23.643589
-36.71682,25.599667
-28.420834,25.853601
6.9092875,22.781073
46.789318,-66.94299
-29.772017,52.287758
-34.105442,7.13953
-35.02096,42.45383
40.039143,-41.955944
-0.27717975,16.296368
4.0274982,18.580704
19.347666,43.499638
8.787945,-40.01947
-61.790077,63.976463
32.234753,-37.28149
-29.990313,3.6825786
-33.0046,12.507218
-47.477512,43.153946
0.7886997,-15.4000225
49.04604,-22.10326
42.849293,-60.756405
-38.479973,14.984745
32.58535,-25.910076
22.167906,-4.6538167
-28.53242,41.29547
29.754137,-36.23108
-29.789652,44.913853
9.005473,19.1251
-5.8202815,27.791317
-46.400414,12.222641
65.12806,-19.460516
32.229145,-36.65864
-42.608047,26.85901
-52.969673,40.460556
-48.66475,9.706411
-33.396473,27.622427
3.5572069,45.57419
-38.131817,21.200203
-42.084972,-10.430565
-10.320317,-36.689587
30.139158,104.25664
28.422115,-48.285847
-2.8005466,40.722744
10.0009365,21.961267
-33.61767,36.733704
32.704605,-46.63262
33.920376,-57.228764
-46.16893,39.72992
31.251722,-26.396322
26.770788,32.227512
12.269943,30.98537
5.4102497,19.877356
38.429363,-60.308216
-14.54214,22.500397
27.397253,-56.386486
16.10456,38.772057
-7.8729005,-33.20533
2.1853092,-56.054337
-27.909594,-47.23855
31.429663,-29.34999
44.39486,-59.828857
9.994706,-30.238806
1.4942803,-21.174576
-44.595158,11.539844
21.62888,62.09118
20.396557,-10.149703
39.013752,-38.409184
-55.562508,42.5839
-14.902527,30.446304
17.660967,31.816849
8.13088,21.426813
-14.634145,16.266792
7.5236735,-30.894142
11.915477,40.04294
14.396692,37.716034
-43.333458,28.497381
34.922787,-37.800297
-25.96467,22.633894
-8.572353,27.823065
46.65167,-31.742159
7.2290173,-40.64811
39.41919,-45.75911
-11.623509,-55.345104
-60.09641,36.246887
-28.698267,-11.254936
-3.6480014,21.816092
-49.476746,24.772114
54.61628,-62.540432
-20.014975,36.111565
-30.729794,-21.894205
-28.715036,-16.135178
-28.015013,-16.40166
53.44857,-15.988636
21.048233,57.394024
31.797167,-14.046308
-16.845581,-40.42679
14.661095,-50.341576
-54.901077,36.837288
7.1486177,46.31882
4.7467732,47.53672
1.6730933,38.91237
27.797422,62.126667
4.664943,40.7949
-31.907635,-42.51494
34.57581,-45.918232
-7.298034,-14.915432
-39.436142,31.365995
24.297693,81.47438
-13.805882,-6.784282
30.315361,-25.424383
35.45561,-54.584282
79.6001,-78.48273
31.445377,-0.853176
-52.34349,30.234451
66.72677,-15.472789
44.70446,-27.156868
-21.169418,23.040667
16.40004,50.152573
-3.6248477,43.997765
-4.342435,-20.523024
-70.44614,45.293705
-67.497765,-31.84714
74.911446,-32.444977
-31.394722,45.842735
-41.621597,-3.5209966
24.404896,21.98392
-69.96708,45.715897
-8.407988,21.13349
-20.98791,-10.719769
14.793484,-22.760227
-69.83531,44.30655
3.368276,26.32637
-85.94033,44.675407
36.742023,-30.217735
45.13515,-30.317024
30.82859,-32.689896
38.325466,-27.15562
12.643547,40.834625
15.216245,41.507088
-7.9124875,-26.4153
-40.49982,21.616583
36.706703,-30.969967
-39.311985,3.7005792
34.005604,-29.868853
15.296032,73.10655
53.251663,-46.67134
-88.08176,31.029863
-33.665035,21.06338
28.293886,-21.744883
-17.607937,-32.763493
1.1024072,-21.634579
-26.765844,18.1572
-36.227375,-81.04613
15.475315,37.722565
-24.336065,-7.8554397
-88.89907,33.588074
22.338545,18.810974
-43.32948,38.97665
20.215338,16.653934
8.105976,78.27715
37.864063,-21.983221
-35.252594,56.52758
38.98495,-47.842743
41.483982,-19.983263
-29.004562,-14.22286
-33.063736,40.5029
-5.310494,65.278984
-34.258358,-10.885443
-44.40845,40.749134
16.253035,34.93435
43.263454,-69.76674
36.442036,-24.689583
-13.874111,20.855864
-51.281944,15.385885
53.966076,-7.673008
-42.9794,39.749214
50.5354,-23.185446
31.159687,-43.971962
-50.152138,24.535185
-2.4259138,42.140526
-14.580055,-40.607025
13.75626,26.590841
14.585709,33.223797
-4.900669,16.566322
14.770009,-16.831373
-80.12871,28.021038
9.890124,50.03347
7.0370197,45.712093
18.98633,-26.616081
46.93207,-37.951324
-43.37568,14.3432
-34.959152,43.649612
28.77696,-42.913574
2.2610905,49.894295
17.92244,26.50625
13.899808,-39.07769
-47.658066,23.648424
-54.372166,42.70532
-5.9135056,17.72191
-30.785412,30.566463
44.892155,-8.444246
-37.297794,41.757217
31.899212,-53.736977
34.50788,-43.558945
24.621984,-35.66715
-0.14237547,-54.80103
-66.59512,47.266785
-65.75695,38.966766
-44.61756,45.370502
23.210371,-81.74173
10.087173,-44.436222
-2.5686657,-9.704917
69.5907,-2.8871133
-0.09776784,33.382004
52.46198,-43.200554
-70.53219,36.59568
39.939274,84.92547
-45.1449,10.293152
-2.5808072,21.873129
31.924864,-23.675095
4.186307,5.4575906
-63.795414,36.329926
40.328518,-41.409508
21.74906,-67.65111
69.80999,-41.496883
17.728884,42.49725
24.9815,-27.638033
-2.0297515,25.055872
4.461602,17.148188
-45.871796,12.251994
-29.216108,33.420624
-52.810547,41.35454
-35.44447,35.18172
28.01935,-29.314888
-23.252153,28.741179
-48.174133,23.019384
26.264826,71.34156
4.8816276,17.250546
-3.0252879,-50.635418
7.6692476,-33.65243
-48.536945,11.752977
-2.1770191,-5.1691356
27.049707,-52.138985
-12.883531,3.4163098
-43.600918,70.10927
-74.57097,49.794426
-64.81762,12.854046
-42.107353,34.457993
13.998956,-20.45551
-32.12713,0.45008457
21.409079,-12.234427
33.811886,-23.374836
17.19736,1.3957404
-34.66194,29.120512
56.568466,-22.228834
11.8303,57.663742
33.96233,-27.491304
-51.158222,24.34022
-47.065197,47.07792
26.076073,-28.295023
-37.680447,37.49443
-53.898144,12.826112
26.157766,-34.06737
-1.6248044,-70.500755
6.699499,108.73196
-47.826145,44.14055
-37.788677,16.92161
-19.39194,40.054382
16.468382,-20.162079
-74.27163,49.892944
-5.4592257,-34.120655
64.57447,-23.139406
63.641346,-81.200165
-45.161148,-1.1032705
1.9725804,6.865591
7.761929,91.62947
-48.36462,2.299315
3.1341991,30.515799
-1.9666843,-24.941145
-44.730106,-1.997866
-24.219702,36.22206
103.226074,-11.108103
-34.455814,26.015966
33.25575,-65.97488
3.0664885,32.155056
-9.3152895,22.43745
-36.11357,22.477552
51.08124,-7.685308
19.10409,-4.2887964
70.42707,-25.680317
57.41541,-38.300354
-35.170094,-7.798512
-9.911859,-14.589504
10.058673,24.634916
1.5853708,78.42981
-26.3751,27.341902
-43.134758,20.010431
48.118,-45.968018
-8.527819,-39.796974
-76.97708,46.03955
-50.76212,30.341932
-67.26713,53.850166
-59.28883,-5.172162
-41.17208,7.41203
-14.539362,6.50155
-54.98195,36.484577
-70.55996,29.137682
8.920591,31.895742
-90.756645,41.084686
25.080954,-30.10422
-13.108465,70.782486
34.622223,15.142246
-0.30199534,35.49274
-35.599953,27.040785
2.942781,25.59022
-28.36856,40.59931
-26.369839,-7.275577
-54.54093,24.581484
14.515163,34.14795
-77.07538,42.028763
-28.372255,62.675503
-34.002575,25.698214
-21.35925,23.053228
-21.138575,30.00608
26.212633,-34.975147
37.78127,-31.751596
2.9216044,21.920315
2.3504617,40.95514
-57.272682,9.411267
-79.91834,56.548134
-3.509508,22.27803
7.3367925,-32.03351
9.732788,76.42059
27.32079,79.64674
4.5570655,31.21638
-1.7961178,46.47943
-6.776527,-25.361614
-0.21088786,30.600069
18.134623,48.197296
51.430347,-32.720333
11.517609,-37.515938
-25.413488,25.503119
21.826908,-25.906763
6.286565,-27.847515
30.021688,-32.116802
-95.526215,24.865942
32.048473,-65.464615
69.41704,-29.087934
-5.4496655,-45.735508
-4.0199294,-10.280909
-10.394683,20.789782
-28.437855,6.022058
0.9176428,59.457123
38.744892,-35.28536
4.7997704,18.022846
83.59424,-26.157026
7.2391915,33.673363
6.880687,-21.162798
-50.010075,44.79574
58.9892,-28.690283
39.979065,-9.6002445
44.02978,-53.06508
-66.765594,22.429533
-67.24797,13.412201
-38.907093,34.040676
28.618858,-28.7879
4.114667,76.74582
-20.806301,0.8007132
-35.608593,33.57316
45.5692,-33.88604
-23.044731,36.089905
53.2447,-28.420776
-0.3514314,-38.455307
18.69094,-36.334347
8.056891,-55.99109
41.095547,-113.67486
-39.66366,14.790342
3.5120368,74.37431
33.002403,-34.65603
31.17465,-30.954538
2.3620923,37.88624
-30.417532,32.407063
42.615353,-22.637402
35.02237,-23.75657
-46.81944,14.206404
1.0843432,-48.669865
36.889565,-18.74417
58.37359,-7.962758
2.8709562,49.98628
-27.739647,35.116837
-48.32372,-27.858051
-43.591835,7.7402177
50.667683,-29.08594
-20.01151,22.828295
36.38483,-25.943768
51.187134,-11.908845
13.213614,-56.854797
-37.36604,17.367128
18.765184,-26.34643
22.87113,-9.196555
-2.2883892,-61.42213
-34.723995,9.695068
45.683926,-22.46702
32.82456,27.612991
60.587524,-0.843411
-4.841372,-31.728247
-26.520647,26.620123
-45.104183,40.37332
33.675037,-41.77691
15.095039,41.22439
37.890087,-53.78185
34.29547,-74.649025
11.722693,41.944725
-88.601204,42.790028
-24.200853,25.615404
2.6160414,15.987801
-65.84904,40.623215
-71.42793,5.742237
-51.90079,40.430733
-54.79713,49.119965
23.059265,32.022446
-17.734215,77.144875
50.054573,-38.765266
3.089958,46.490158
-3.7074528,-40.823997
-32.84217,34.58506
-10.401845,-30.579262
-39.587875,8.317099
-37.657608,-36.701088
-32.83994,31.08093
4.1385684,10.260979
74.69288,6.122683
46.68381,-12.943055
37.08379,-25.45459
-23.057705,29.672586
1.6245368,46.541565
-9.1629505,-23.50752
0.63672704,33.24646
-65.7366,27.382101
-58.22679,45.510063
26.588243,-23.913652
45.04623,-35.23849
1.6806867,-47.20486
-19.370945,-12.089648
-65.49119,34.773365
21.850729,11.331152
16.844376,44.08365
15.63456,37.981216
9.662834,11.069841
1.0210278,-12.843893
37.36181,41.907623
-23.912773,30.514143
-28.701666,32.26294
19.555502,-34.079853
-5.4312415,-47.611877
27.114239,-21.970251
-9.981368,55.93377
-16.533203,-11.609629
-7.2272143,-7.179825
-66.23099,40.843395
-31.699385,-0.082332544
31.451826,53.34252
61.193703,-28.657858
1.8821118,-39.26018
-32.363316,25.878733
55.040615,-26.373672
3.7703505,26.726759
-2.3269022,-49.426826
-26.35814,32.49084
-29.657486,45.29913
12.471247,24.52817
-4.162231,56.597565
-54.690277,6.9539785
-85.73306,0.46644247
52.172558,-50.36126
33.282314,-56.25819
52.38397,6.727488
4.742695,43.049213
33.5353,-29.278164
-17.469181,24.162558
26.335505,-0.39993584
-19.547665,51.66366
-21.813305,8.000533
7.9014854,-72.07276
16.875525,60.15099
-86.34776,52.695747
-76.76264,5.9672437
-34.488285,6.101772
9.445776,51.403053
35.691517,-42.23724
-16.829906,-9.166868
13.116406,47.129135
-25.61619,59.93157
37.923313,-40.955605
49.89127,-36.411037
-26.229864,30.92479
-8.672619,-49.697746
2.7484224,17.761961
74.59576,-66.82875
34.154682,-40.10933
8.106784,-22.55873
46.422894,-51.01179
19.843283,-67.29523
-2.6089473,41.781357
-42.78959,11.794535
70.72979,-39.7847
-41.68029,19.323948
-32.10395,60.01465
8.5973,42.694862
-42.928123,20.240442
-39.698917,39.143867
34.22801,-55.25674
66.77471,-35.27845
-9.37008,-42.348866
30.883884,-40.239487
-2.595389,35.85807
-68.955925,-4.3138833
-31.429478,26.162817
42.509907,-13.969968
14.026655,25.784327
7.276721,-49.293076
44.953594,-32.96595
51.265846,-27.216175
14.00329,-42.66236
21.563295,-53.82739
74.40653,-47.184155
32.76447,-70.26556
30.48322,-63.957756
1.4564191,25.380026
-30.444338,31.866539
2.3914647,55.06181
34.72765,-23.780846
8.320385,-86.460724
-58.655106,8.920185
37.722622,-22.892162
6.6377897,55.2707
-43.911716,32.80504
26.509718,-30.247784
48.11323,-48.167847
4.4286766,19.329264
11.188088,19.256735
-2.6858747,16.491121
8.1814785,102.10296
3.782653,61.71805
-6.6064744,-19.300888
-48.590126,18.346062
8.630429,-55.695885
-58.208454,39.902443
-15.463417,82.1928
-50.967915,8.447687
49.616276,44.799484
-16.678999,30.838457
21.367422,12.766127
21.799887,42.70728
-9.251473,-37.75108
5.7451825,63.645943
-43.746292,47.623734
36.694515,-23.151411
-4.328652,-20.201801
31.246199,-52.891697
-34.047768,28.70143
21.505068,58.551857
-64.423775,-20.647507
-22.948885,-39.422863
-9.010796,-35.63907
-9.104785,19.95546
50.895172,-45.89492
-36.06665,26.057741
34.455853,-15.626506
-68.18137,37.483063
-47.63409,0.6996504
35.432957,-53.24346
-46.85214,20.198503
-39.518772,7.5177264
-21.900904,60.036106
26.72302,60.402534
21.839308,-30.159727
33.870796,-55.340015
-6.7951818,-4.4835644
58.208538,-54.802616
-76.38477,57.12607
-5.8074017,-11.059508
-26.878353,-29.93053
-40.898014,-19.236675
-35.922318,42.107567
54.809277,-4.7717733
-0.6525061,43.603935
-61.106598,-8.483229
-34.582905,-16.985565
32.657856,-52.03651
39.08807,-43.97519
18.998047,21.674917
23.77271,-36.6844
-8.820434,29.195225
-91.07113,4.204272
56.683502,-42.602543
14.713193,61.125866
16.040646,81.84971
11.272877,-2.6122503
17.942373,14.525638
28.286207,-48.86929
8.609542,69.77847
71.23328,-64.49279
18.905973,30.69126
-68.68887,47.330242
12.890724,-1.8838631
0.07188602,-37.229034
-28.424313,23.953756
-13.248566,23.974539
-74.15525,34.262463
4.096719,15.682163
23.284378,39.81659
-60.94914,33.983635
-6.0509515,14.745265
34.663265,-31.022144
-39.818893,13.897636
-36.397514,24.585928
35.012245,-43.51312
48.271896,-2.406733
24.795721,-29.519491
-20.833935,24.454063
-39.019344,-43.335197
-0.07299153,21.410631
-4.7069864,19.56605
-0.23665059,86.37599
-53.507782,-16.524237
-18.386637,32.370342
-3.8152301,35.324387
50.855366,-66.785324
-80.10532,42.35331
31.411814,-50.00163
20.827871,-26.858604
-68.63683,45.644814
11.037897,41.99546
-40.59899,51.154
-5.902007,81.25378
1.2169995,58.74103
-19.769344,25.676357
0.2909369,23.248343
32.660744,-23.613224
-8.040704,-21.279749
-45.150856,37.756683
44.746067,20.738186
36.178562,-32.692688
-44.36464,58.5252
-48.542194,33.38778
53.62885,-28.270552
-5.440253,-14.016478
13.740452,37.56012
-36.05687,26.050386
-23.231167,23.35838
-4.6727004,18.754946
6.2600946,11.998932
-44.774353,22.24664
28.50899,-13.981216
-4.0652647,-47.5742
65.23033,-20.989634
-59.29217,-19.658499
21.292051,43.37799
32.36352,-24.289879
7.1303205,14.163094
10.862083,-38.332928
2.2057726,60.42932
-49.60227,8.047782
21.873383,13.526904
3.356994,52.94133
25.36257,11.888978
46.943,-56.50377
15.53134,-37.367958
48.180374,-39.557724
-13.890238,21.480062
-29.71217,-15.288953
41.75065,-24.430244
16.68596,-32.373734
70.95368,-36.073566
25.197706,-55.520374
26.906523,-53.743923
52.42447,-50.563564
-43.334072,37.95382
-8.814719,-29.330791
46.75536,-28.258541
-43.55058,18.809183
70.04543,-39.72253
11.683761,23.276747
-18.71706,-1.0034894
-43.004986,5.9259844
15.400632,-68.11323
33.91455,-21.925774
-31.09939,-21.503098
33.496822,-36.27943
27.648664,75.897446
8.675922,55.53036
25.415983,-47.62003
-45.536903,-3.395657
25.95115,-36.68553
25.446712,-20.909567
10.202689,-31.940273
60.292957,-3.4679773
-43.525967,39.746986
17.230307,-3.041312
16.595854,-43.33231
24.913122,-30.922176
-51.246315,51.07783
47.744102,-67.122665
-46.41118,44.301594
30.824575,-22.0262
-39.968803,18.463026
41.19991,-22.621666
17.33365,35.3715
-38.602512,18.918161
-10.621439,72.850464
-16.796373,-29.653973
18.781034,14.186295
-26.34269,43.215424
-27.144552,-8.712707
-35.493637,43.004128
-3.3902318,-36.548573
41.814976,-68.02592
34.06812,-50.12695
14.24261,93.17174
80.1454,-73.891014
-59.768055,61.000854
29.879313,4.918207
80.466705,-42.697777
-43.14488,2.5140567
12.025989,65.93766
17.878883,38.064926
-40.747864,16.790232
-26.451591,-30.976578
-49.602875,41.00345
7.3316584,69.80246
-37.904343,12.168177
37.84444,-9.656986
-57.090775,43.95204
26.02965,-48.102654
13.99822,-36.380657
-29.845688,2.4719772
-44.298927,8.63113
44.880817,-14.614503
-63.70182,7.5800047
6.574419,28.750265
-60.221878,19.718958
-46.50123,28.64479
-32.30204,28.62314
39.156055,-22.644554
18.643396,69.69415
31.205591,-81.62165
14.203541,28.776052
15.28029,-55.55026
-42.299965,20.073961
-68.35804,36.92887
-44.968506,39.84605
-40.541096,-43.810467
11.807453,79.62186
7.931794,57.82435
-29.493887,-47.22004
14.759039,36.59046
3.330885,7.245262
14.53662,-43.160843
-15.284285,-6.688873
22.168627,-28.5959
-33.840916,-18.30623
25.628717,-29.643883
-32.85435,-10.3159275
-20.768435,22.516909
51.963715,-42.85845
-35.40837,-16.509394
-5.353495,46.59034
31.478361,-24.81734
85.06222,-36.658215
-45.871265,9.0097475
-9.3047085,29.570368
12.959682,20.330835
-38.33298,28.307352
0.38163573,28.616213
-59.69027,25.33
-70.33333,30.376455
-54.749596,-11.431289
-47.024117,71.12594
-39.39287,14.786539
14.4024315,-71.88541
-6.939128,-41.599052
-10.257932,19.692074
0.8727166,-25.131666
-12.643761,19.661417
-63.044487,13.358677
2.0280292,42.796524
2.9090512,58.641
5.445919,44.40412
-29.964252,5.9609904
41.64695,-18.432314
31.003428,7.8547344
13.731849,43.110683
0.49686903,-30.6064
11.349287,47.270584
11.743272,35.793587
34.20796,-32.166786
-44.97714,23.330534
16.316526,61.154915
17.983583,-44.22435
-78.172874,44.090973
40.505238,-87.75973
11.351898,32.06444
-40.41819,-53.997646
-32.1516,4.794308
-3.9152036,38.441383
0.8541531,-51.042572
-19.65186,38.317307
-0.20097618,74.95361
26.976612,-19.373451
5.3169713,51.713493
-41.841747,19.369373
-25.662636,20.187662
14.726768,-43.82435
23.42392,-14.022694
50.112423,-30.995735
-39.411133,23.61711
-42.254093,37.620083
-37.392433,-21.872177
-28.671259,25.43244
-52.63967,40.03124
-12.672484,8.956086
47.59261,-36.219173
-45.32671,46.575745
-48.34135,12.9857
7.6907845,90.30492
-34.907505,43.66317
7.912718,30.808073
-39.88308,12.487777
4.2939897,57.08673
30.107552,-55.159737
21.351799,-49.904675
6.8375278,-64.30516
-38.21757,36.644203
21.330969,-65.525375
-55.989483,41.157326
-18.608183,45.3266
-26.689716,58.234093
-6.3482933,-42.47771
-101.18223,31.063757
2.463039,23.248533
6.3973923,19.855581
-16.554646,-9.231626
-15.897108,-6.085044
-53.875637,43.943115
60.238834,-3.401307
-46.452747,44.36675
-43.22967,25.95767
40.84809,-20.659933
33.85015,8.534036
-10.51189,-38.59287
-35.82256,27.801859
-15.179656,64.34568
-29.012459,21.408396
-0.3463004,32.79505
-75.55389,-9.271134
-55.37478,12.551752
33.47398,-18.112274
1.2694268,58.09675
25.082735,-32.520092
12.965731,42.185905
-46.91787,1.7969133
15.540892,40.767715
-0.93504924,22.23251
6.0245123,-47.751568
-0.065787025,23.483168
-39.05489,-9.97164
-6.301075,37.786278
51.163464,-22.52032
-12.116359,42.475548
-4.932324,21.282248
2.5686803,54.716263
37.99416,26.083294
29.721788,-40.913677
-2.2100167,23.97175
-4.628808,40.855015
-33.245594,-26.945314
35.04584,-1.0267444
43.100254,31.633228
-5.864752,-40.856293
2.30952,24.224695
-41.004745,16.627647
30.709284,-45.09642
4.1410356,34.763107
-48.19456,30.048203
6.462133,42.75699
-10.385434,-28.976353
-51.472004,-35.408573
44.594868,-39.8282
11.585863,-30.732819
31.471836,-24.732409
-40.251266,17.053005
33.087437,-52.224655
14.861893,65.65521
69.98381,-55.871807
1.5436511,-40.457985
2.9890175,47.442726
-59.33708,10.5167675
-37.529015,32.444225
-33.462147,30.5534
-71.098206,-19.222372
-9.738715,-44.740772
40.083683,-29.378464
-53.091156,-9.080561
1.7569165,-43.859062
-39.5672,-28.79613
16.533398,27.36448
-26.554802,27.504908
10.478422,6.1378045
-39.154415,57.076927
-36.922768,49.592953
-78.90423,26.528606
-64.66502,41.49983
51.233936,-63.581482
-13.068108,-79.2368
33.34805,-17.655807
-3.1758516,-13.2859535
20.499382,73.396126
-82.14942,26.293032
2.384579,62.430305
-37.521736,53.427177
-23.991152,-5.0843515
62.648785,-61.950603
41.633175,-18.618078
26.197014,-11.505689
14.447213,6.3192177
36.486298,-27.550406
-7.310243,20.692762
69.74653,-52.952057
42.459835,-40.001095
-63.858562,41.89978
3.75575,36.626938
-32.047546,41.664143
-46.59086,0.039093375
-0.9314768,37.08714
43.15542,-35.217575
27.853628,-39.134315
31.484953,-38.50321
-19.7868,59.109344
-56.555244,41.31716
35.428635,-28.341118
5.746106,23.041338
-8.36841,20.46298
1.3784778,31.99742
27.855375,-55.49742
-31.088148,-56.203754
18.468447,15.890399
2.6225185,20.405138
45.44752,-37.9141
8.6811075,60.328438
17.94401,39.06965
-0.44130486,-11.43968
28.119886,-29.410591
33.441463,-66.50584
13.063871,-48.83852
-6.4264135,-44.329556
-79.66026,44.318985
4.1700106,-16.820276
-27.94763,3.2566133
62.05013,-45.23392
27.170889,-63.846657
0.6799585,22.321447
8.804872,-10.2430315
41.266666,-33.92352
3.9740121,23.699984
-37.781147,17.883493
-21.983595,-1.3802505
17.036348,27.484707
-47.29461,39.743565
18.665262,21.700542
29.52644,19.84596
7.569504,33.696793
-31.380005,33.17174
-27.166368,29.657015
55.468685,-77.61936
32.53937,-30.277529
-13.330192,-3.7649386
13.555571,51.810944
37.08588,-13.568423
40.74358,-49.14345
-21.820642,21.711702
29.42251,-58.72705
29.67129,-38.428574
45.553974,-82.02283
6.7945547,20.482138
-60.93275,50.603786
-8.350446,39.41327
16.918816,-23.282028
-40.212807,51.067833
-5.447729,-66.97929
41.607243,-25.737196
-47.359776,4.204152
-26.475777,19.4018
50.98914,-5.646342
10.645473,9.735932
-7.184207,-39.046124
-2.2150831,23.744688
3.0766785,-23.903109
10.0157585,-45.157494
18.91538,-28.3272
42.258244,-39.813824
-9.74838,31.15257
14.567561,52.038963
0.122408226,-17.897543
-0.9625805,69.30002
21.730055,-42.157562
-11.761862,41.077553
27.2887,79.223526
75.25727,-51.08078
2.4625921,25.5034
-35.63085,26.264818
4.2389636,-0.34815928
-52.614155,43.20732
-0.6277997,41.147614
22.075478,-1.5780022
5.9340544,-43.67222
37.086956,-67.79929
16.080856,58.86237
16.556734,65.044586
27.663702,-56.20532
-56.099285,64.872314
47.714314,-21.071966
26.484602,-53.842396
-33.775696,-18.524412
17.510567,-59.489826
6.0847325,37.470894
-12.041652,34.820686
-11.162284,21.336477
12.286493,39.126785
13.869828,-36.426273
-48.09352,51.60159
-22.049128,19.593569
-22.201435,6.9128175
3.0760577,26.042395
-42.423737,16.602825
14.598682,-16.708769
0.42678273,16.115906
-5.885416,28.621712
9.453016,8.860674
53.20928,-66.88004
49.067547,-44.490906
-26.060911,31.613184
-0.71923256,46.08731
-36.422855,35.37519
-4.709934,51.768463
-32.14725,-19.60298
-19.519156,-16.320852
-12.721477,37.82325
41.710712,-30.14401
44.23148,-33.818874
2.2152703,82.47789
-1.5207748,42.895435
-38.748188,46.60045
20.236399,25.556593
-47.4795,-1.0055174
3.0258389,22.329252
-11.587661,-52.24196
-4.053406,17.328894
30.535614,-17.61697
-5.0061345,19.723131
-63.9843,29.172327
23.525496,37.91433
-28.315096,57.39669
-40.936672,35.975224
-66.304695,77.16077
-35.08759,5.695036
33.439373,-25.810968
26.58217,11.757282
42.181164,-48.50426
36.43953,-33.26837
-37.3713,-11.670895
11.118943,28.370386
-44.943233,64.45679
16.804884,11.853561
64.01916,-68.74962
-31.451115,-7.9606237
-26.081182,32.24199
89.05501,-80.98542
-82.733406,36.31117
2.729665,18.064646
20.756948,-36.188713
25.108889,-33.165955
30.486944,-32.029907
-34.581184,-20.6636
73.17248,-42.576675
28.045359,-67.4218
-16.531916,68.65086
17.587528,56.197403
-46.363583,8.639687
3.619571,58.49874
41.2181,-51.28447
26.212152,-53.57138
7.8989153,-71.38394
-45.357872,11.588444
14.494152,36.567276
-29.511688,0.4162482
-27.244844,36.421707
10.859787,8.258916
-42.48148,7.9974165
31.338076,-14.964356
-0.9555709,17.274065
-5.6144824,23.322462
-34.298584,70.13515
32.524487,-47.06808
-31.799133,0.17416799
-12.655064,-13.374465
-74.79671,24.744741
17.52508,-39.31982
6.7174883,27.042639
-24.301205,-29.36314
26.472672,-45.120396
46.962654,-29.876478
10.16947,-35.986195
7.942609,-26.826004
27.671793,-26.097466
87.34836,-65.87404
-23.318829,-15.00698
-3.0226943,-9.322507
-4.0248094,-2.4864204
20.287416,-34.00318
-71.39858,22.853458
37.34614,-57.055798
14.538414,6.5504622
-22.268406,32.02539
-40.443844,-9.664379
-74.94591,50.40943
41.343784,-46.98288
63.81563,-31.978561
-16.877941,-13.863269
38.242023,-48.983868
-61.82116,44.738388
-29.36941,11.658857
-21.364002,37.55816
31.42021,-21.03733
6.975394,7.892917
42.098907,-65.989075
-40.35105,8.609237
-48.49023,6.6931567
-24.282835,3.2204623
-51.699406,48.427864
43.25398,-56.548565
-36.953896,10.964827
46.66625,-34.19051
-30.731194,5.0452766
10.0150175,48.928314
37.466564,-56.405235
-3.968841,46.127655
-41.522797,-2.616225
-49.649395,31.358772
71.40559,-36.2532
15.021443,40.87625
19.841455,-12.31765
0.13312168,26.657936
-0.68855536,-40.36576
-30.011663,-17.050776
10.453907,68.09647
-48.747086,6.2421064
10.374558,-32.536858
-35.439304,21.548368
-1.7451828,19.06438
-71.85078,60.732418
8.389123,49.496037
36.48609,-62.408504
15.142854,-39.118706
25.885002,-7.3641677
-60.281033,47.76517
12.325665,-53.193905
-39.047314,15.885512
38.43269,-44.849884
2.2191062,33.86692
3.271146,53.67681
-47.0999,1.3887681
25.431973,-39.588898
14.112854,-44.62223
-24.162773,48.04021
2.63111,-47.402576
17.259398,57.44787
7.903291,47.650616
14.527462,52.28813
28.462389,76.16373
42.708225,-36.159943
48.532032,-21.646145
24.698545,-31.22483
2.9525747,30.284798
-0.03768069,34.14148
46.317867,-28.387283
5.691772,-12.825783
36.55298,-33.60415
23.879187,-53.43056
-35.71227,25.7955
-26.947908,-20.254013
-37.24166,17.664024
-43.882076,58.59121
29.319197,0.5406488
27.644678,-43.30669
50.2553,-49.5301
-98.75156,27.316938
47.271023,-20.288372
10.604569,18.69148
-39.94165,8.252842
-39.868572,-12.667383
-19.551119,34.92784
-1.5342718,5.5980353
-10.603362,29.95754
47.451164,-33.95977
-44.611305,5.196768
45.368244,-33.064114
33.654606,24.462248
-11.8053465,79.64807
-15.737955,-31.99567
70.33533,-66.85214
25.387299,46.93991
30.747402,-38.40983
-70.07554,54.25101
6.7661977,56.785564
-30.623215,27.734894
40.06516,-27.416475
52.042088,-48.338203
37.587452,-50.362087
34.589256,-48.140194
-52.71134,-25.609911
-2.2381222,-22.694384
-27.268354,33.85549
16.609697,15.588163
5.290679,18.768375
-30.774614,6.9091096
42.00692,-50.74781
-25.625679,-3.0952284
1.0303049,-41.819836
20.403185,-39.34981
-9.19917,-15.804742
9.105352,24.807096
-16.872534,-2.0447617
-13.851852,-32.764915
-34.93045,9.3582535
-41.9118,9.614885
-33.031853,28.403942
-17.365223,25.352144
24.862017,56.641884
-7.8697023,-33.700268
-65.81349,42.961132
-17.271357,-17.793793
-20.857876,21.91078
-49.31993,73.00281
-78.40819,71.244484
-21.180468,35.31862
-39.393375,9.759787
2.966614,39.82937
17.238134,43.19604
56.59492,-59.557297
-44.640995,-53.650536
33.9362,-37.359447
32.79904,-69.28588
24.384193,10.68605
15.417555,-9.734511
45.32941,-73.60565
-19.091736,-18.61963
38.111942,-15.726016
26.582373,-38.99832
22.97506,90.40557
55.646015,-21.725481
-35.444492,32.055695
-47.416805,16.0885
-9.37717,44.247787
-25.005278,46.457027
50.33221,-54.29399
48.583347,-25.247978
20.860525,-41.777187
-45.481445,41.309628
-37.5376,43.794548
36.73483,-29.20436
15.503194,20.421228
31.28472,-45.23762
59.840317,-77.975525
22.796463,-51.917538
65.468575,-40.701088
-75.09798,43.384415
5.5437303,19.841341
37.54327,-22.901287
-20.910097,-2.458353
59.041416,-7.170245
-77.35274,41.604225
12.187223,20.45056
9.863379,14.279224
-79.38716,42.62526
-1.5679361,18.393993
-30.697472,28.620974
-20.68155,29.424742
16.670815,25.6216
-41.479595,7.2546053
2.454203,38.757614
-8.615847,-43.88924
20.55001,63.26747
7.2619414,69.25594
-52.77246,54.98745
-38.772255,20.312044
36.127357,-32.20544
0.40541857,43.763763
11.2324095,-63.24302
31.366594,-43.413116
-51.689976,33.82033
-28.63597,18.524103
57.99369,-3.500376
33.20296,-51.303734
-26.620003,21.310207
20.143549,-38.451744
-36.49589,24.572727
75.875786,-45.989643
-49.937614,53.7847
28.507013,-27.322443
30.17448,8.869361
-31.112705,-25.075844
-10.38282,44.839622
30.274813,-44.89173
-34.89367,51.623306
3.4498262,19.045801
7.659538,-30.97661
3.0852363,48.93331
58.118187,-47.355274
-39.1437,-37.315933
2.6504157,33.98221
-37.422356,24.271889
39.900562,-48.918163
52.806927,-13.319739
-23.437769,33.45294
-0.06731997,45.542484
29.225084,-26.648552
36.819782,-46.56886
19.867794,8.980034
19.092314,30.312685
-49.840378,-22.309507
-42.54584,16.440002
-37.258724,13.137964
-33.74205,4.251258
38.07326,-13.488472
15.761063,28.013535
-64.73893,44.67408
-87.05371,65.7392
-36.24337,23.729414
-17.472803,8.616226
-47.271725,14.499603
88.45574,-9.524119
70.101585,-25.667044
26.111197,31.318785
-40.316696,6.767816
35.27967,-44.946655
-58.690662,47.37367
-25.081734,26.954641
24.926916,4.378216
-43.116444,29.524076
-32.42775,24.154749
-24.647146,-2.6027522
26.297623,33.438683
-22.704079,24.877216
15.322145,21.719278
35.33504,3.3137908
-26.902018,-27.417166
-17.791256,18.207102
21.332348,34.801712
-37.05116,18.216204
61.71116,-27.359955
-28.243542,28.444689
-41.300034,15.810092
18.078478,-31.733223
-79.52836,31.445326
-7.6802764,37.20829
56.102703,-47.571896
-41.133083,79.647644
-19.009144,14.239874
-0.8749178,34.36532
-63.390472,36.889103
2.2396827,23.028639
0.3976428,68.91165
-7.7289257,7.516096
15.658705,43.2683
52.93452,-89.10022
44.038845,7.14937
0.70886916,100.02146
-47.813534,-0.32246336
-1.8521826,54.23728
-96.878555,31.550997
21.046669,-24.508543
14.071675,-17.151531
56.950283,-70.39136
24.329935,-47.775894
18.412191,31.845713
2.6069539,47.145103
-17.656069,-14.266914
-59.342834,75.74954
-18.14876,-9.109914
38.979557,-28.253958
10.888351,25.678709
-32.763695,30.88368
11.705206,-53.675087
37.33604,-71.09531
49.73943,-67.23143
41.499424,-50.809525
-28.886908,31.167757
13.73182,40.463108
-34.686325,11.032171
9.782989,24.362625
53.97334,-73.41588
47.56335,-43.98824
36.20727,-20.79677
-49.904354,1.8692473
4.8818007,-57.397694
-39.996758,38.15387
-46.390087,21.966173
-14.398279,22.344925
-24.227537,38.57824
-55.80356,7.9278736
30.832785,-9.838803
38.195713,-25.224396
-42.691704,41.66943
0.77148694,48.73668
-41.865223,-9.072709
-0.8537677,61.114082
37.727173,-19.244287
9.430822,63.132637
14.705358,32.61104
82.733864,-46.875153
-56.20575,33.511112
2.2429852,35.108013
6.2116604,37.88382
11.464973,28.541075
8.123367,-25.398956
33.445866,24.311247
-85.39165,33.84716
-8.969849,52.26733
14.744333,-50.341305
1.8328891,-37.198048
-38.96627,17.17115
-25.916685,34.31004
9.1568365,74.01545
7.4155455,22.422497
-61.502823,8.226546
-27.678785,5.2337394
10.32143,-59.09293
-52.96594,20.963663
-57.285866,12.25107
-39.996136,34.013405
-15.165804,-47.547062
-10.765577,-10.36049
-8.883745,12.540712
47.470043,-37.563164
-4.1805873,19.545807
32.36089,-44.37779
-59.78676,47.634712
-55.687527,46.36673
11.846876,34.047905
-31.950733,30.0922
-47.363995,5.3787065
25.56006,-40.64693
-16.506563,21.989872
-53.41182,80.772415
12.363621,-46.954388
-15.577601,19.91752
4.4088044,25.39906
-38.99574,-23.682035
-7.1524057,22.768238
1.2992082,50.416317
-33.709694,19.612246
41.6777,-63.880447
37.629295,-43.7703
38.91539,-14.626617
-63.584126,6.4696455
-19.73933,-33.97492
28.190203,-44.12842
4.858661,19.096464
3.8308518,16.030397
-65.73883,6.6176553
3.4126499,15.936633
-16.93243,20.993662
4.6983185,25.745657
47.04968,-41.438747
1.7855916,-20.958158
3.201316,54.787853
-34.4027,-3.8807933
-2.0346553,31.92182
-72.47802,0.31487978
3.3428667,-41.19298
4.086978,21.050743
-69.7978,44.95199
-1.699011,22.272982
5.9993267,25.67967
15.515058,-34.082523
-39.004227,14.493907
-14.869485,32.70598
-42.99228,3.6116152
-6.259061,-39.00857
12.646826,30.940542
23.835752,-24.488068
5.437485,25.84251
-71.526245,42.101593
-40.52327,19.315744
-40.177444,38.44462
-33.691418,-11.666199
-3.2977815,-47.760273
-4.4651504,-8.021286
27.043066,-40.05535
-74.521065,26.622519
-26.449518,29.62919
43.42905,-5.40761
-18.956442,-0.67441547
-3.464184,75.99119
20.874578,39.999786
42.038376,-30.012672
15.09097,-45.48308
-9.148929,-14.411919
-42.983765,-1.8767788
-71.32208,20.222475
12.137848,23.52965
1.7635363,-22.251478
-39.648342,38.394985
-49.366306,-6.560867
6.5763855,48.214252
39.37997,-50.004852
-34.87291,28.985598
-2.1064043,58.344696
26.210619,-49.27141
-11.134425,39.624218
31.885475,-41.576942
2.5688388,60.240883
6.0236874,47.268715
11.461764,49.00247
-49.734505,65.2717
-50.81149,60.736565
-85.83836,29.913326
-15.058885,-24.60504
61.85586,-60.6333
-57.427597,1.4818949
-46.63677,-2.9181914
-18.463148,26.840195
-24.176588,10.789009
-8.648513,-19.46119
48.55485,-38.15914
-32.745045,8.785559
4.9166417,30.098326
7.017867,24.245028
21.253752,38.457573
-13.07495,31.948208
20.428251,-3.9919076
-0.1615437,34.159668
-73.49325,18.110128
22.988192,-53.033688
-38.631336,-4.7320743
25.730341,-60.31465
61.353466,-80.18822
19.856665,-19.957346
-20.412191,32.91162
-36.781975,11.827632
-47.46384,6.878306
-28.599743,67.991714
-36.853745,32.928738
30.616056,-25.055756
50.678665,-24.633259
-17.766176,-32.017773
-9.70185,-5.630935
-34.6653,27.70018
-66.22826,19.68666
-79.37452,36.428635
11.401024,-30.947044
-48.265484,41.699642
-3.3298063,-32.783295
19.055069,72.88342
-37.55693,-14.572621
7.367384,31.461546
-37.99132,39.21281
-4.533604,70.735825
-59.644073,-4.7673063
61.788555,-47.176346
2.5584934,27.060667
22.171312,-32.05983
7.33027,19.635693
-9.757644,-8.263952
-12.344597,20.766449
9.405525,52.555336
7.137567,23.752485
43.987724,-74.18245
-34.262638,35.6812
34.42246,69.22061
49.866673,-10.37623
-35.963722,11.620888
73.05145,-87.69459
-43.655865,-4.1326385
-19.827314,-67.65173
11.260636,-23.853382
2.5914032,15.333244
41.872,-24.521065
-38.921425,15.05517
-2.7349272,-27.716722
-72.50073,44.951378
14.279829,-43.974545
37.717323,-22.849886
-49.416355,3.8020692
-13.275212,71.296326
8.506554,-49.124683
42.43523,-51.01172
40.95145,-42.500065
34.1731,-34.83516
-21.738146,38.807434
-35.569717,23.33766
-35.034885,25.553282
-34.746918,22.513145
14.21359,25.57165
45.058968,-23.433142
-38.159527,23.644869
6.3323536,34.194
75.94957,-48.644184
-32.75178,28.517012
46.70597,-69.14621
30.674734,-62.48829
-16.175386,71.17507
-36.813667,-19.280684
50.45312,-34.42628
-13.920722,-8.49211
-23.03512,25.02821
36.943516,-22.415232
-37.783688,23.41706
-44.572834,60.456703
35.796364,11.398522
21.512072,-76.07816
-2.5287216,11.078945
34.874905,6.118425
-30.822752,-12.463679
-8.977142,13.328144
56.698837,-47.44384
26.138994,-43.159473
-10.613068,33.89192
20.121008,12.431741
-15.312679,21.185
-29.511827,3.4739456
-16.018187,36.705276
28.27485,-31.959618
3.5696652,0.83318883
15.914434,25.317556
-1.5277171,17.066307
-10.66529,-5.9366508
32.068104,-41.602715
24.895298,-31.094978
73.60383,-20.985376
-42.101128,12.226308
-1.0828793,-15.086899
-53.85445,40.608124
-41.962498,18.092417
37.18377,-63.468536
61.04556,-44.5462
2.691568,20.037718
-8.815524,18.99655
40.891384,-23.930063
7.160686,-50.376053
8.310743,69.002426
-62.300125,39.29932
-58.725327,27.59308
-1.6263059,-27.788351
-45.901505,41.310394
-60.064445,-21.006563
17.57627,-36.05878
6.9642024,-35.034416
4.213647,-47.965927
6.5979548,23.652973
-48.5862,6.9148026
35.64001,-34.191677
13.803239,47.51854
1.8380969,57.654625
-8.089108,25.216814
23.552237,40.00338
5.7725043,-19.20658
-38.15642,36.73194
-3.0062628,-49.08005
-28.929888,-26.210787
33.301197,-21.945805
-51.971954,45.435753
-21.566063,33.159092
0.32149523,57.723373
8.327997,12.463173
44.920086,-73.599106
32.34167,-30.657269
29.976347,-47.770344
49.857754,-29.098358
-52.614883,47.73532
39.18513,-57.90844
29.034805,2.0795565
-4.4249115,-6.315863
-54.52564,1.6853226
13.989754,24.918226
-29.797115,32.86656
41.684155,-22.574877
73.10433,-80.123856
-38.603035,20.881155
-34.533104,-11.102195
24.658506,-46.038586
25.263548,-43.42705
-11.919407,-33.283546
18.247393,-56.512493
12.350468,-6.199091
8.994486,18.508495
31.45817,-26.417091
7.7946954,25.207468
5.788566,12.805702
-24.298473,37.399315
-4.964642,36.02844
-22.072283,29.942078
-38.51815,9.253523
46.83935,-72.58709
17.220503,-86.898056
14.528328,-60.369267
-24.735493,23.334934
30.53977,-44.96466
29.129827,-25.801449
18.317257,-36.178078
63.08208,-24.00651
-57.928085,22.801456
89.0816,-72.31852
18.321321,67.95133
4.8527894,44.80565
-32.89461,2.0893807
34.728603,-62.173286
-15.98729,-76.78336
11.521522,-45.7268
-39.459557,-14.9100485
-0.1523849,44.086403
39.816128,1.8558332
7.503546,-29.55696
29.848036,-47.983727
-29.468433,-19.36454
66.258644,-54.512897
-70.44634,37.02578
1.762316,35.684723
-66.55626,28.415985
-46.028736,-8.767957
-74.523674,61.734665
41.179043,-63.252705
34.451237,-26.346493
33.471127,-31.59793
-42.10105,1.7824
9.497822,25.511885
-17.936024,-26.72352
-82.13121,39.29058
6.70351,-11.540243
32.318745,-37.58492
-34.73697,-19.331669
0.018551424,30.264595
1.0143173,51.195908
44.46066,-20.946592
2.7544572,39.51281
-43.216446,33.29901
44.956276,-29.62076
-28.977617,51.68321
-19.196705,45.483288
50.82268,-42.710243
-12.559334,21.871473
10.668795,-40.818653
3.0401366,86.70494
-21.313105,-36.633656
-0.879707,64.07105
-62.990063,47.765884
-89.81571,8.094948
38.887733,-45.312202
12.21541,-50.59201
-37.118416,39.39196
-30.108955,4.222046
7.739053,-14.768398
37.05075,-27.23895
28.140106,-44.824093
44.93124,-23.881186
-52.13158,40.036804
-45.766636,44.574615
46.682934,-2.5174756
6.184269,-20.150034
-59.611126,30.126585
7.2577977,17.769133
-86.75665,34.144066
21.505648,-10.143143
-54.153828,13.606268
24.437185,-11.3574295
-12.055439,-35.563087
7.5378957,48.902374
-20.017601,-0.3847039
47.42494,-66.376175
42.836456,-47.459816
-43.258472,-4.690311
35.332676,-17.923662
27.818457,-27.064325
36.60366,-49.16358
-20.219063,31.993599
-27.786026,-28.74479
13.143135,32.166786
-77.79318,42.684566
-26.280699,9.296034
-33.85877,34.584114
-41.80707,29.437532
-25.605743,1.8361282
6.1072893,19.313448
32.195404,-41.526764
49.123158,-7.4396777
-34.54359,-85.477905
65.79288,-50.614895
-58.857025,-1.1890306
-41.24395,-11.350424
29.390749,-47.243896
-35.847427,6.1341734
-35.878258,34.05099
-6.830478,-43.082893
50.83855,-80.7572
5.731593,30.303198
20.82887,45.174892
32.083073,-26.57959
25.294775,-26.204437
11.38264,31.835127
56.789528,-69.83288
-10.928486,35.494247
-21.876923,36.621964
-38.157192,15.808405
-57.33473,0.48486412
32.016705,-24.69107
23.184332,37.195347
-85.80484,35.15795
-34.593323,-4.842344
38.079426,-32.95063
4.488371,-64.51197
-56.4225,25.288013
-26.420874,-3.4683867
-11.366955,-7.025549
-29.969244,31.695456
26.582127,19.799818
-37.722385,25.61328
7.164972,-47.44705
42.148006,-64.20175
24.300333,42.615005
-4.7708774,-25.17151
20.320997,69.25841
-17.382864,34.10255
20.748833,78.64137
-5.3155346,-40.31041
-19.252438,21.056273
66.35598,-54.91426
-2.104487,31.917128
-27.476702,-11.949726
-2.5412824,32.426956
4.4655795,29.741163
40.93706,-42.782665
17.981365,78.52505
35.50204,-29.67926
18.853285,-24.754496
-11.124473,33.03901
5.216025,39.018795
-21.683844,41.708866
36.37256,9.527365
17.910973,-36.913162
7.2401648,25.800388
-20.101587,-0.34074253
41.37041,-13.986854
5.7121077,68.83575
37.24023,-58.04266
-0.05488266,-49.340797
39.744175,-36.034317
-55.131004,32.461754
3.7461894,41.257896
-28.786238,-0.69429314
14.8298855,25.346792
-21.551283,-17.874819
-52.03003,6.2125025
-64.37335,47.260338
-39.617107,29.265574
-32.135345,4.2163587
-47.17388,17.494162
-65.55286,9.098729
0.7356407,37.3649
47.431973,-32.22958
53.357777,-38.109245
32.85602,61.452263
2.765198,-26.600403
-4.394998,45.890907
36.826557,-39.723698
2.3295135,11.125758
-36.059933,20.487974
25.261919,46.369205
-49.854687,37.92599
-21.129026,66.25017
-20.212902,35.998306
53.966103,-37.142147
48.68671,-62.92171
-5.399834,32.15741
0.93363905,12.675161
-2.710497,53.235573
-48.043243,30.650587
-84.02934,27.052547
-8.605412,52.00563
26.2446,59.00535
64.300835,-60.05199
12.660296,80.08115
12.552196,67.627495
43.07275,-21.974842
10.3947935,-37.109386
-97.58107,27.611826
39.72729,-35.60753
-46.42379,58.944183
23.412441,-70.82539
-7.0761113,-7.0486183
29.90682,57.477947
-40.540764,-12.773965
56.809635,-24.816498
19.714893,62.09162
-60.496845,11.714114
36.321636,-36.966133
61.98853,-45.52198
1.1536865,40.801567
-71.9125,43.835236
-13.5183325,-28.674957
23.164104,8.832845
-10.869464,35.520264
-27.85824,0.44591463
-44.384014,7.24166
29.359879,59.42697
42.698,-21.75994
-38.442226,15.671358
-27.234306,41.967163
5.0645504,40.12966
-43.10963,13.929262
45.931423,-45.3919
37.483543,-44.19789
-3.9232996,32.11278
46.26119,-60.989716
25.767178,-32.38843
23.168789,-39.177517
60.57298,-20.65777
-28.629436,21.334295
-10.066901,-5.4352326
14.252055,33.447224
-18.734793,39.99652
21.09367,-26.25969
29.624853,-35.369774
34.202366,28.531202
-37.099403,19.731184
41.223076,-5.3224907
25.671762,-9.319589
-63.53021,45.589752
24.614302,-3.1168888
-38.080173,58.217766
8.2421055,24.418459
42.964993,-19.906914
39.180775,-79.04321
8.042698,26.14728
-12.191287,-36.607063
11.594824,-25.75465
-16.803173,-39.628296
11.005745,-24.493366
-34.09795,-46.101498
25.215956,-67.103424
-28.46119,60.658264
-24.16175,26.346022
-44.77483,11.217759
-52.760937,47.733124
-66.239334,39.996124
8.906975,-48.124027
25.490927,-24.645828
-20.061663,-55.93296
26.153704,10.859972
4.7268395,24.28285
31.93014,-1.2464982
61.928688,-37.1497
21.585615,13.328817
-45.616085,46.43972
53.72898,-42.3216
-45.633175,33.932716
39.51977,-22.399866
16.886934,19.803022
19.16916,-41.943954
5.9596176,-47.36606
-52.134075,20.923853
-19.380268,34.75933
-17.575855,47.777214
54.144978,-54.436348
-57.13238,3.5198836
21.612658,-35.368294
-68.531395,-5.1463614
-16.761993,22.72954
-37.224037,21.584194
38.66936,-38.655907
-25.265953,-29.499636
69.78659,-43.207584
1.3999588,19.186388
2.8233411,12.434105
-3.90299,-26.392784
32.19134,12.73171
20.562635,29.167046
12.202217,29.655828
14.253279,52.448784
44.50072,-23.07827
-34.774654,-6.539829
27.889067,-34.09937
2.293808,55.098
41.575603,-15.5713005
-43.920856,39.24749
30.992899,-7.810733
0.5565521,17.84567
-16.634546,-23.748884
-29.388618,4.7921214
-30.197956,30.329473
-14.165347,-10.059678
-78.400566,41.91394
35.423805,-51.974346
-35.2315,41.543396
52.33824,-48.936287
-25.974634,-23.408655
-19.295729,-57.83588
-8.121791,55.008286
-20.897018,7.471155
-2.8495069,36.259018
-32.385624,32.729233
7.985813,44.86695
-23.825895,27.193205
2.191116,-27.296968
-38.643066,74.40622
35.067654,-30.067291
-54.269646,47.79232
-38.248337,18.548597
-4.995383,74.55478
13.820964,-50.33433
-3.2025054,84.73871
-21.67823,29.580496
-39.026665,7.041362
32.407097,-25.662945
10.477678,24.098577
25.182697,46.190857
-22.114809,-44.403862
10.369162,-7.8957915
-14.437795,28.594053
43.755753,-22.735764
-42.027733,4.3623786
41.712704,-25.518143
8.948754,-12.466583
-27.546473,-13.849048
16.394625,33.278564
-30.078308,-13.713545
-39.807003,22.725245
-1.6577833,14.163895
10.073814,50.876724
43.12959,-35.373768
24.740694,-69.31675
-34.162804,26.445646
-75.85958,44.70366
-5.676408,18.008429
-43.198193,8.169549
-14.833529,47.471123
-21.314667,-6.379393
-72.44387,43.262188
-27.057196,41.44462
-88.61746,30.231825
47.350193,-44.514397
3.8157673,29.756987
11.744787,-46.109
31.176714,-55.17941
43.877804,-54.41733
-87.16067,24.528337
20.867846,42.33648
31.751081,-26.524765
-42.881702,18.649212
-7.017339,70.08911
3.1331851,-18.191069
2.0951986,36.039085
10.016672,45.321266
17.716154,-18.999655
-2.3381157,-48.58363
51.84406,-49.519035
-34.34099,39.59375
26.637018,-46.899178
-35.50725,10.542734
44.105633,-48.697353
-40.842953,15.953637
2.401683,-59.89576
-3.0567343,30.520323
-22.677212,20.888227
-35.041565,25.051554
5.9103885,65.35414
-51.313065,43.954277
61.82211,-19.325321
-70.48666,27.59221
-11.222132,-8.8654175
31.41152,-26.90147
-3.9112954,-28.791245
79.137825,-22.878633
7.3980355,66.91385
14.512118,-56.549564
-61.12691,41.503754
-18.856113,35.133137
30.290194,44.564697
67.342186,-92.48699
-27.787342,45.996128
-6.9100494,35.703934
-7.384007,18.42521
-40.22161,14.881214
21.169302,-44.487247
12.791817,-49.88348
-10.080274,35.758663
33.524075,-61.781017
-50.322887,66.22035
-38.03568,27.160551
-60.33836,40.575195
27.024706,-47.54186
-18.006886,-68.00931
7.149454,10.047083
-1.2469447,-48.553932
6.5913925,-49.473804
-39.65759,10.728345
14.152599,1.9386582
-33.93529,27.720251
-27.413752,66.628235
25.203226,71.80753
-78.36636,41.23936
-24.649004,-30.150747
-35.049995,22.43667
74.58001,-52.00182
-9.764862,21.238474
12.379196,-38.374847
-25.499952,18.391787
40.63487,-62.142853
-49.81193,67.5164
45.93417,-3.935719
-59.356068,13.303059
3.224138,24.963892
33.61837,-50.631363
15.235678,24.976788
-62.99466,26.608438
37.96018,65.15775
8.40131,13.95832
63.35871,-26.958471
22.118069,-42.06566
-5.958566,10.202442
25.488966,-34.956745
53.06104,-63.46611
-45.429134,20.769499
1.4532743,52.597286
43.324127,-35.3354
20.738804,35.295937
49.500347,-46.805176
83.16598,-63.197453
-19.590647,-16.563375
-46.982857,33.87887
-1.3848913,-76.20154
44.333836,-4.5964823
14.661501,-30.28192
-15.478279,-3.1250951
-26.018372,33.142136
-5.97365,27.910719
-40.460094,37.165257
54.98229,-24.617254
0.009908512,25.619013
-56.764065,2.614863
33.832623,-46.993347
-23.795385,28.066462
19.418573,-54.250317
16.578619,26.313665
41.33695,34.150482
58.153347,-52.610104
-16.262333,41.046837
24.739773,-38.407936
-5.4445114,-44.39316
-21.01146,-12.872946
-35.31392,27.480543
-0.95133895,17.842974
13.83366,80.43455
31.636457,-35.40516
-23.83732,-6.4645705
-23.19307,45.82321
28.300867,40.394753
-55.98616,13.858992
43.191856,-25.769768
33.07883,-46.256577
22.87618,14.635922
3.5932264,29.715796
20.20518,-34.408955
7.101775,20.77835
-35.821552,9.00735
33.7198,-39.43516
14.8062525,42.309242
20.358828,28.34138
-10.842277,31.948324
42.70829,-36.298874
-33.758385,19.557259
-76.947235,-1.4247317
35.796474,43.133286
55.5525,-42.59506
6.665351,-28.825375
-24.743603,34.496677
22.05841,-55.47474
-33.38486,40.56302
-8.428127,-45.36505
34.163914,-50.237118
30.185966,-73.34287
-39.92426,55.43167
20.426773,62.100067
-24.84907,1.8270533
26.041975,-29.150764
-38.48226,14.6883955
33.634247,-20.74079
6.3988485,-26.687786
-12.856453,-35.871643
33.781307,-51.378857
18.184328,-30.56136
-11.777665,-4.5519376
-16.35342,19.049421
-37.953636,8.7165575
-27.54336,-4.6316147
4.382375,49.69655
-4.771735,85.98843
-31.071472,31.491476
6.5833035,36.57897
-23.759298,-0.1284596
-1.8939255,43.2854
-54.439034,42.18114
-69.02912,16.87845
53.362835,-23.21439
-28.417786,42.40999
-67.079025,24.014889
50.34198,-58.376236
-67.353,-18.905378
-5.8120146,-42.364517
4.759664,22.190962
0.13822104,16.999987
22.63304,-63.976738
-33.892307,-10.915793
-29.73289,37.674644
-39.56771,21.228098
7.8335238,-22.98597
-47.733067,24.497639
-29.69768,-10.823489
51.335247,-28.387846
-64.440956,44.926014
40.82075,15.900252
-8.028068,-22.249866
75.74338,-23.843805
25.506704,-76.987404
-23.338308,27.966944
-4.9166822,19.49616
10.878216,4.8405766
-0.5205139,25.582237
-39.1798,40.812088
-12.39404,19.900969
15.224846,79.035
-2.076966,18.742208
-65.40729,31.608135
23.605783,-39.821712
5.7670302,49.792507
11.150318,-34.572975
-0.029784422,-42.67402
25.270542,-57.476067
-39.78135,56.574284
68.90803,-46.51735
-71.37658,42.56273
-76.62972,27.955381
-0.8681203,-18.560547
52.287167,-10.799092
17.723228,-43.83254
39.632645,17.116682
-13.56103,18.619009
38.607082,-39.700863
14.227652,-10.067121
-18.928,-0.7108824
-30.605755,7.6524315
-23.71491,-16.451557
-81.02566,40.885036
17.536198,-67.12445
-42.186314,42.82724
9.676157,-32.13924
9.020733,-21.376785
24.153404,-33.292618
11.637237,11.089554
12.950181,65.75551
-63.799072,77.081055
5.0145674,77.93762
-22.481367,39.142784
-30.044298,37.66461
-37.499004,23.098999
1.4690499,20.74352
-73.596115,52.14889
2.278015,33.539062
-38.369793,14.994923
31.262705,-15.59068
6.4045386,-24.899714
-78.680046,44.566776
1.7768588,35.84086
13.361637,39.76407
21.716942,-35.61038
31.571342,-23.460085
-6.787792,30.523588
-75.8053,12.94337
6.0255275,40.14275
8.366097,-35.744545
22.703093,-20.492107
-24.992481,43.932648
2.604651,12.852887
-0.09921347,19.966173
44.41112,-32.9609
-21.879477,-11.400134
-89.78389,30.316656
-34.174843,-14.623347
-87.230515,36.439438
-34.93625,35.371387
-46.865593,-2.708915
-8.958082,-22.96602
-15.671111,23.07179
0.3991685,15.955427
-41.226353,27.52205
25.248045,-17.708733
12.216492,-70.87581
-86.20967,45.05656
-31.571278,4.103989
-26.251808,18.600798
-2.9685192,30.418955
-34.711735,31.696833
-42.60476,-45.641174
-38.89599,6.739354
14.54972,61.80438
32.155132,-27.575583
1.5276877,29.403254
-47.782585,13.177792
-75.5449,40.123672
13.600307,21.670046
-37.407402,12.566876
-27.906956,26.390017
-8.908373,-2.309022
42.48901,-48.888702
-33.92861,26.716078
30.857588,-33.756176
-60.777954,45.06601
15.309301,1.155052
17.505003,-56.066624
-66.06823,32.21627
18.302036,-54.1824
26.25535,-29.33503
-17.89934,30.278263
0.1131279,72.24721
34.118004,-19.760618
-13.228629,21.826294
-5.535554,76.09621
-20.1115,16.394567
2.6562564,66.372086
30.18053,-24.166903
-32.7055,38.44702
-79.72519,41.85935
41.633247,-39.21341
26.837568,-26.235146
-22.605917,31.003546
24.825022,-34.88643
12.625764,-36.681774
-36.74269,37.421387
-35.825943,9.284661
7.4884744,39.7847
1.7194197,55.466087
3.2823472,-58.601147
35.5077,-32.38716
37.05474,18.761763
-55.58221,2.5070305
37.121082,-18.642252
-42.53214,10.516243
-6.268737,16.402594
-27.403246,-6.4124517
43.34316,-29.365938
5.2178516,46.66335
31.277998,-43.47416
-62.002655,50.94435
-5.8142576,-20.842909
12.441149,22.438467
-7.7049294,23.869188
68.64152,-1.4060942
50.335247,-29.237875
11.076828,-35.108307
18.151125,-19.454245
4.627064,44.48649
-7.9978933,29.73136
-21.872074,-2.40119
21.381334,-19.959888
0.059384063,49.3876
6.21442,35.87892
67.28764,-29.160904
-3.084903,23.674622
40.231342,-38.43034
-3.9619894,39.05028
14.220403,19.22346
17.86345,36.58406
21.765089,-39.710907
-35.704594,-5.6777387
3.0809827,57.437866
-50.83257,-35.289734
51.312775,-37.356693
30.30457,-35.850765
4.975475,-69.69034
7.606321,46.9516
7.079603,3.5807948
7.5969024,21.491762
31.659193,-38.95214
-17.967926,43.077675
-38.31991,-14.624041
-43.751244,16.50743
-95.090355,35.327236
10.159975,-57.559944
-73.91177,43.15149
-24.068922,39.145363
-78.76489,40.602394
-32.857197,32.95122
-73.21486,12.418276
27.448294,-57.632755
12.67755,-36.180862
30.03366,-32.215847
58.860073,-17.139503
-68.30524,12.562197
34.12702,-17.038656
-3.3990843,-48.51027
7.6418543,18.752544
-21.40506,47.219612
-29.269096,-4.4221964
1.4088347,61.26178
16.753107,-56.18245
17.339405,-6.7115455
9.639204,-56.881077
-45.48468,-28.868475
53.528122,-55.007565
64.52303,-52.025837
6.692915,10.638544
-37.63225,-14.242294
-41.543304,45.722363
23.844145,-44.301067
7.0759287,37.780296
4.725011,26.29129
21.122288,61.21756
15.744408,54.94535
21.283018,-33.413902
-42.798336,-35.16934
-90.7668,58.936684
-52.469456,47.554726
40.77847,-64.28973
-55.961155,39.330406
1.2953131,61.841553
-54.193207,-12.818645
33.68643,-13.042833
11.729441,32.56299
31.406422,-74.79953
26.286924,-33.135597
5.599581,16.663734
-27.535908,-24.487606
55.863197,-61.6229
38.419323,-55.780025
8.477968,-11.878422
32.959324,-8.758525
-31.762016,25.981543
-35.401745,23.552101
-34.00976,-17.020607
-29.246735,-18.838512
19.833845,-58.37577
-30.334402,-49.48984
-0.67028373,80.33168
53.545227,-3.566971
-29.91639,33.043144
8.031189,-6.6624293
20.070253,-59.377098
-36.90665,47.477142
-48.798313,4.5123925
-52.60316,42.235962
51.192272,-18.061888
-9.77807,25.49809
-69.43851,-3.797533
50.01088,-16.960787
52.844707,-41.24034
-2.2156115,53.74443
7.7173157,16.528019
-1.054611,32.128162
46.278793,-58.921684
-54.21387,40.39018
47.605324,-37.798496
29.507315,-28.012115
-38.788136,19.065912
28.09522,-53.708515
-100.402336,-16.523363
-45.153423,17.773172
24.95213,-10.145431
-11.943779,14.480352
38.24206,-54.407135
-14.496831,-17.598028
62.58593,-78.255424
-27.35725,-41.63273
83.98556,-23.648254
-54.298138,29.361034
-42.15537,17.584366
20.13792,-34.875614
16.83706,6.1928144
-10.531207,14.443478
-47.12816,32.837383
32.998703,-35.77056
-41.72998,10.796173
8.704221,62.824913
7.6085653,-2.766313
-39.31381,13.006929
1.3606181,21.157782
18.84511,31.93224
-78.23627,-1.9580326
42.805088,-58.87044
-11.978947,30.007923
-0.61168164,36.33919
-58.573055,42.245
-66.6051,28.3379
-26.047703,2.2303548
-36.94549,23.036726
7.4432564,63.022537
23.542074,49.16991
-47.4091,-4.970355
11.1726055,53.648823
13.3265505,-19.424942
54.55399,-47.420486
-35.086426,26.628778
20.066906,45.140915
44.45518,-37.881298
61.757984,-72.160255
-5.4460745,-17.481491
-9.089039,-1.9266659
-30.688314,33.27967
35.952023,-23.670248
-38.519943,37.40217
24.857231,-66.64699
-7.4744534,17.376066
25.225172,-3.45574
-30.896433,-10.760997
-10.751709,-5.084575
49.02126,-64.98866
-42.53868,10.594307
-59.569023,28.040346
-47.50626,4.3746204
20.70028,-2.1466205
-36.14302,-5.9670286
-44.21905,8.576821
-61.59599,26.808214
47.93916,-2.144714
1.125906,-22.987429
-60.506386,13.672209
41.577587,-38.37656
-26.299738,26.803438
1.6015542,-28.83112
-39.86739,-48.116116
-0.5330972,-9.940259
-27.886845,22.506548
27.251993,-41.706577
-32.57712,12.401635
-29.354866,38.638863
-36.835403,12.447264
38.0193,-34.74017
-13.693292,20.532322
-38.46639,30.93773
36.36238,-31.432789
69.81349,-67.02746
38.47099,-51.626293
28.808798,2.1906347
37.148853,-27.016157
5.4320035,-39.080257
4.2611656,26.245182
39.305862,-29.796741
53.223972,-72.23961
4.632662,5.7291374
-58.60856,36.488552
-3.2004306,29.626083
20.738895,48.529068
35.670834,-28.99236
-11.67398,-7.183491
52.161434,-52.40741
24.367636,-48.045303
5.240757,-36.396988
-41.75806,35.687374
32.357403,-58.663918
13.574481,49.476307
31.526293,-20.722128
-27.798786,3.7919679
1.6275902,26.595484
-0.17613836,8.23902
23.955366,-25.337736
-1.1012967,22.58829
-11.5221815,24.226418
13.875942,-45.860962
-38.502537,36.734035
-22.437342,22.001059
-79.07387,40.085045
17.817434,-85.63836
13.271668,29.869146
39.195675,-29.210253
24.594236,-70.76313
40.506985,-29.141188
36.492596,-45.15056
-76.55681,6.736401
-15.938547,19.268839
57.469997,-43.962284
-21.913229,-25.355892
-41.8418,19.858763
-20.090267,51.58103
32.86419,-4.121189
0.098222926,49.023087
14.940755,-59.414295
3.9946845,13.223963
20.07202,-33.98078
23.858524,-62.48973
-30.406672,4.361875
10.47045,19.243994
-6.303948,33.074833
37.084606,-45.98894
-44.55809,17.856245
-18.812778,-0.4418899
-45.04285,4.441733
1.5775889,43.315464
-44.954628,11.408624
-46.126675,55.374313
-10.708582,48.679672
-8.658918,47.441944
-67.365654,51.753063
38.122646,-11.958748
-58.339294,19.649214
33.641167,-33.43958
-32.644917,8.831686
13.082668,18.906942
9.519638,13.206393
16.092255,-23.13193
-36.863796,21.426336
41.661915,-26.686436
25.80995,-34.907234
-19.316326,-12.166591
50.54644,-25.559711
56.505527,-44.598164
44.404377,-4.9956493
8.651777,15.07074
24.871939,-6.4950523
34.52181,-35.64063
-15.891212,-41.591797
6.430066,17.167543
-0.06655691,56.79203
9.487657,63.928627
15.004536,-42.71778
13.42981,60.7461
-39.72514,23.326345
37.516384,-45.609837
51.03933,-63.186462
-54.872475,7.3191733
39.613235,-55.87565
16.362457,85.46662
-60.541153,19.919226
-9.7358675,17.872038
26.453339,-68.93193
-44.517345,26.535013
-34.58365,5.279944
-37.799095,12.574231
-36.64334,21.78223
0.9005756,-41.063957
-60.059303,42.95259
20.89672,-47.119713
6.829868,59.927773
33.755123,-27.020742
-20.115784,29.201174
55.290554,-27.613216
24.96559,7.7701464
19.861862,-45.09972
15.771798,-33.863438
-52.7058,38.238747
5.7055144,-36.16656
-48.818214,3.504827
-14.788872,-33.275757
31.662724,-25.178799
-77.79673,6.873601
-29.463772,41.0978
29.336481,-14.5365
16.815428,42.38423
-17.923153,36.204056
-8.427201,3.1046834
-19.36409,-28.133204
-40.10453,64.77194
-64.8857,-38.33058
85.83393,-42.315285
20.728691,37.207153
3.4021127,22.565071
31.623869,6.0035515
-72.82047,28.76649
-6.843173,36.278812
-8.044842,-32.62538
56.849873,-20.497738
8.9962845,40.08914
33.47477,-47.107567
40.371258,-27.73448
37.785545,-62.6329
9.808628,50.356277
-15.095744,64.852936
38.903286,28.546755
14.445742,22.083723
62.74377,12.287521
-3.4480438,16.49347
-2.1698465,20.30044
-15.993561,22.137825
-11.537452,-41.570755
43.161472,-47.48052
11.218901,-35.565712
-27.541456,-45.427666
25.806917,23.038378
-19.353193,38.27391
-29.13652,27.927593
-24.79172,-8.319836
-84.753815,37.678772
11.180259,2.6857758
-37.413483,23.301176
-7.27872,25.507414
6.6244335,-49.100796
18.740133,68.128334
38.536217,-52.684418
21.32699,5.957232
6.7135286,19.615503
7.407635,49.34877
62.983395,-74.45524
-47.791965,-4.633234
-32.500008,-10.317551
40.685474,-23.450977
-77.86499,14.210365
-45.48519,26.178709
-61.594936,8.933403
83.20971,-75.10176
-51.832016,39.080505
-5.346099,-12.585543
-5.987227,22.417263
11.058627,44.388718
-24.701576,35.97336
40.633366,-46.258484
-22.001463,9.437796
3.5933793,-52.69007
6.7210155,55.084396
4.877278,-80.98927
28.02648,-65.60927
-46.43698,-10.069886
-46.126446,47.55512
105.68911,-86.00816
-29.29383,35.164726
25.77103,-27.933243
39.729763,-30.209623
20.188322,41.874763
32.69275,-28.345346
7.7178926,42.910168
-12.31327,19.73065
-7.4324875,-45.624332
-24.488306,23.633915
-21.740257,-36.221252
-4.1529994,19.741201
27.997189,-26.280632
-68.61956,29.435799
30.548037,-36.86501
39.43301,-70.25349
-41.08712,15.017116
-41.864826,70.35925
39.805454,-42.284325
-36.95549,57.114273
7.5071554,34.57264
-67.10552,44.68398
48.20869,-31.710217
-34.058556,25.14552
-55.201008,25.753763
-38.636906,-1.9933579
-26.010693,31.39647
64.68982,-17.15475
-20.756472,21.88244
-2.9253376,17.477348
15.942537,36.269264
-45.09099,57.16436
-18.605812,21.98504
-41.385017,44.660484
33.228115,-23.30376
-5.6015944,-33.0401
-79.325745,9.622611
32.099712,-29.997591
1.0229095,30.589415
-43.843212,7.1629148
-27.690805,46.1671
-21.793806,14.257178
29.181896,-45.20576
62.78553,-39.26911
64.20524,-2.4339397
27.741026,14.624117
-23.41622,-30.363008
-5.739928,-25.800236
-23.329039,36.145874
11.50066,-100.17217
-12.322315,19.94069
41.28912,-61.047394
23.12073,8.522521
-5.049097,-51.955097
1.2231386,26.43828
0.9075126,-31.604122
62.965088,-23.231447
-12.221009,23.336964
35.942955,-30.871841
73.80946,25.920992
11.714552,32.95282
-56.455772,36.392105
18.91671,27.98909
-11.144466,31.416046
-39.874958,20.601812
-26.759378,32.95941
-45.89399,16.375473
2.2105548,59.71264
-42.089752,37.56014
17.810925,57.42454
-41.011093,16.532177
-25.40206,-52.080536
-54.9024,51.261826
-52.52859,30.310373
3.7382913,17.27845
4.9244275,43.118763
11.435026,-56.879475
113.30308,-82.95766
14.623421,57.570095
8.5640745,9.360306
-24.244864,-6.3489447
6.4125185,66.955215
21.034819,-62.271336
41.827564,-23.40193
-35.72121,31.880789
32.62437,-84.011
-49.514767,34.09553
-35.95427,-15.001706
23.612476,53.830467
1.6047137,-54.064655
-37.585564,42.944958
-71.73105,-17.651625
-12.614714,25.22729
-67.57142,-16.124323
-74.864944,41.0799
-37.595943,25.01858
-31.441324,42.513092
-70.2417,65.11417
3.6179466,30.497244
-0.89026195,57.777447
46.886665,-22.393957
-34.089188,-15.992885
-22.893766,29.627842
61.76522,-74.30867
10.624094,22.672441
7.918947,-25.29682
-7.994796,-7.833952
1.3423359,55.610413
29.933298,8.041983
42.45027,-12.052303
9.669801,71.096794
36.122417,-15.179817
-49.480843,43.101467
30.268232,-45.76738
3.4162412,21.658518
-39.251434,15.183045
30.707882,-64.870056
-37.90587,22.216787
-37.620243,17.19751
-16.991102,45.6099
-14.409204,29.914515
-17.585623,33.145798
5.60653,24.320393
-6.061137,43.974426
-3.5698287,-49.38121
20.509275,41.610878
-52.338467,44.440212
-0.7486454,49.389557
-39.519756,75.53909
8.123693,-15.5725155
-38.10896,6.6786094
-6.547879,34.583767
38.706814,35.057877
58.81956,-9.055184
-40.30511,22.005232
67.90225,-43.33559
32.157158,-48.397045
-14.283426,45.454
16.521408,-59.14434
-19.165186,-1.1919434
-45.743732,7.403405
55.397778,-34.311867
40.92616,-24.01388
68.823296,-70.1034
29.531921,-31.397493
25.886017,2.8918886
-37.66231,12.546648
-34.35118,25.078245
-68.58837,12.907972
1.8231103,-0.77222866
34.716755,-47.272057
6.2865295,68.98599
6.9617147,39.555965
-8.319297,19.00334
-60.387634,28.037264
-3.5574763,41.13219
-0.7614093,31.761843
2.5630157,-5.8270597
-58.175552,72.553535
-44.606594,-3.215925
52.61612,-47.415443
-14.828458,21.539858
41.996742,-38.09963
-39.155243,23.27276
73.0201,-51.715908
3.6063466,-45.565643
-40.426918,22.096945
-21.83346,-9.249947
10.584021,-27.042377
27.764385,-30.22261
9.402994,-51.962128
-23.383516,-71.48793
-41.514626,57.3588
-0.17622633,61.7129
31.473806,53.844635
26.985655,-12.848992
-0.9593951,35.807945
4.340353,-50.0091
-40.26947,19.537306
0.7450209,13.771289
42.29432,-30.983885
-43.996822,38.04009
-59.809002,7.568114
-23.580626,28.01449
-49.399094,7.906266
-36.09089,20.322268
-43.915977,42.318672
15.960482,-31.08039
-40.448822,-11.534578
-52.94939,70.95567
7.3493233,17.742264
-7.919564,51.69596
43.243954,-22.362015
-15.151812,47.22226
-28.851389,18.065685
29.869654,-22.134796
-46.38016,8.036029
53.60095,-35.89881
12.211401,38.07139
-19.510569,29.599924
45.615215,-28.770248
7.4893837,23.945295
0.94678277,33.067783
11.929986,42.901154
18.90101,37.334732
-39.849377,10.852776
-13.257057,22.001108
-18.260017,34.534065
29.590202,-48.718353
-16.304409,-15.259845
-8.023173,17.397486
46.52113,-31.606005
-37.859856,-16.294767
5.5073037,-0.9743841
10.817231,22.270042
67.24852,-68.00485
15.5252,24.452734
2.3958135,22.00188
-0.003725396,40.531624
53.68833,-29.247015
47.63096,-13.488966
24.464823,10.527677
-42.129993,16.128347
-21.206152,-6.281561
17.622232,52.97508
13.006301,57.150654
60.09219,8.751869
-72.62958,24.165533
-3.8484225,16.716522
-55.355034,49.174538
16.125483,38.2675
-24.927528,40.08409
39.612984,-8.451928
-16.429914,43.228058
-36.82828,-14.994216
-28.279507,22.05015
-33.76897,26.293043
3.7323,15.580581
-60.183674,33.122337
14.21883,5.2487426
-53.037014,40.27871
-44.955677,41.63919
6.2034917,43.376583
-64.12153,19.475164
-20.13648,26.378845
-32.47977,21.539198
-52.100628,42.558044
-63.41899,-10.716656
29.244873,-27.051575
-37.228188,57.35916
-64.77492,20.662418
68.984886,-48.047325
21.29494,2.4927197
35.716434,-30.96373
53.32022,-30.482285
-40.46119,5.31699
-40.463737,36.554016
-59.101124,5.625072
66.06239,-8.136185
-62.37865,40.833405
45.900345,-48.61355
10.108353,19.556566
57.01352,-39.527653
3.195396,-13.857675
54.78573,-42.604504
60.32934,-10.078052
-21.08665,21.795343
1.1230862,-16.627552
-28.326967,30.298212
18.40624,-45.41926
3.0035584,16.783964
-36.50233,-6.934879
-29.577635,55.219646
55.747932,-58.251312
48.012455,-22.270655
-14.475278,-37.762447
-38.994663,13.177649
3.0936725,32.34812
12.556388,21.298304
54.757935,6.4129415
-7.079182,96.87421
-27.078981,21.358839
28.919355,41.967804
-7.069723,76.18674
40.31312,-52.097702
22.646908,-32.97769
34.3912,-26.572523
-15.7209835,-29.507074
-0.061410993,62.38529
-78.77907,13.737606
-20.722296,27.790567
-90.699875,-22.923973
0.5748201,20.174194
-47.257217,10.058963
59.361073,-33.656235
13.782609,31.754713
38.17444,-45.613766
-17.219397,-18.549072
-18.374004,-11.986901
-35.109856,27.321507
-17.93318,35.62767
-31.000904,-57.598778
-20.006031,36.890236
-12.4227915,-15.076655
39.70088,-9.712464
-11.095713,-11.834203
-32.32198,25.828718
57.499973,-64.22877
4.6241016,-46.899017
-0.25049314,50.396557
-72.486305,57.36979
-43.09438,6.0714016
-61.815975,50.333897
42.405956,-75.39254
-45.90287,16.458702
38.69074,-63.13319
47.497887,13.567387
-73.081436,13.678394
-20.324764,39.18159
-40.40853,-24.735598
2.7760396,39.2659
-32.47002,-2.786943
28.901781,-53.182774
-80.58361,24.117743
50.08812,-64.97876
-57.790382,-10.314888
-87.539276,43.20226
12.961765,-14.329034
-72.09221,24.273352
-5.6811047,52.31051
49.040714,-42.53652
-14.223773,29.56996
-41.69869,13.249834
4.3955626,42.843555
23.773027,-65.077065
-43.587776,2.2185478
-17.438225,-7.4223433
47.91618,-38.78245
-58.25841,36.173954
35.99179,-35.72743
-47.102535,-5.891423
-57.85206,32.23211
-44.29604,-2.3912206
-9.45145,32.980064
85.32485,-42.527325
-11.564699,27.473095
-24.59188,47.42382
-24.348642,30.627989
40.907665,-59.047363
-42.265877,16.287867
-59.06141,16.342863
1.7063417,20.557608
23.404863,-25.843435
-6.756559,21.462267
-56.524055,-10.325827
-92.16408,46.912178
12.325407,-0.23727211
20.330107,42.58943
26.90095,24.168503
-25.892979,36.812305
-47.98205,22.168528
-48.339966,6.864484
-94.31925,5.761663
0.50627154,-38.02283
32.20625,-40.01285
-53.289318,-14.652676
11.352438,49.297546
-36.78991,-15.483161
-24.788275,-35.69719
-30.922606,29.003738
-86.78952,15.625212
4.0970116,48.21621
-20.01238,32.928257
52.554874,-56.43676
-60.67387,-3.4924932
-48.02842,8.932349
48.56277,-28.81158
30.380556,-39.113438
11.058391,18.188288
16.44401,68.78299
11.270283,-30.851883
-38.44642,17.037252
-3.1747885,-11.922895
7.1655326,27.749615
-97.44221,24.347193
-43.739784,27.381609
-90.49279,51.069744
4.147413,23.5042
-36.71054,10.756205
44.447132,-46.158905
23.254826,71.1646
-11.237306,-40.76345
13.608271,-23.429955
-70.93785,22.629705
-25.394672,9.494366
-37.983604,19.248796
-16.178234,-7.8277373
32.65142,-29.627651
9.2851515,38.935677
-6.938199,22.85977
-8.3347435,19.742529
-39.412727,14.577103
3.915472,-38.118874
1.7132614,53.54989
-84.32791,65.395386
-52.08821,71.0832
1.5275915,33.95913
26.964695,-21.30234
16.181051,-24.005444
-3.3758216,16.969378
27.533773,-18.496162
-46.952675,-2.8334968
5.5112324,26.716454
-25.143644,24.961163
43.113827,-11.081732
43.570065,-23.149391
-44.32128,8.690679
-37.81104,-21.858599
29.210718,-27.072302
-5.322873,-31.417593
43.657978,-32.719406
-37.538128,22.30475
-53.735943,57.573315
1.7174499,24.234606
-6.9443483,2.2182405
45.60999,-19.335634
18.12216,-37.11403
-6.0134306,-62.089577
-38.175304,-12.8321705
-17.165016,24.680586
-22.234034,21.076876
-74.55222,-11.424884
-35.435383,16.849293
-35.974377,31.241613
-8.898268,12.764578
51.358463,-21.578894
-38.572285,-11.865276
2.2844572,-51.179134
-20.27141,4.127191
70.030846,-79.2931
-31.8227,65.19335
5.1858025,19.53626
-42.57644,16.18704
-20.243183,-11.75596
37.00577,-25.397366
59.86707,-27.743753
-63.256184,-52.827965
-27.99052,-33.021103
-45.761066,-46.19277
3.8548725,-24.476215
32.58471,23.793129
11.486378,9.298264
18.393246,97.7953
-41.026127,13.418631
51.63745,-31.53812
-25.86495,28.285383
22.134539,-20.85172
-13.414583,-9.892765
-3.9381423,-9.605301
-32.845604,50.88728
-10.089242,21.087057
-60.277645,48.960938
-12.55664,-12.877428
-29.250097,33.435795
-3.1425626,-32.53499
56.922363,-50.10146
-36.920536,9.683059
-37.137417,24.08997
7.534192,17.174238
3.2671366,36.703197
-31.982082,31.05662
-67.130585,41.317993
-39.88044,-14.991134
-10.513789,32.016888
-38.86942,15.770984
20.147438,32.03762
6.549203,-22.361805
-20.1483,56.143173
16.439552,-44.32268
-39.384377,21.78024
-58.81766,-2.1166224
55.99338,-42.53856
-34.91912,42.181408
2.181456,43.03386
-9.986013,-5.7008853
22.926682,-34.959324
-28.094456,-18.581078
5.2188816,21.614016
10.305163,32.208385
12.098448,71.0307
44.39401,-22.937296
8.12092,-67.15589
26.28126,56.168068
14.863225,-70.0406
-70.17876,43.312057
43.688114,-32.646767
2.1348073,74.0681
-12.703573,34.520134
32.96195,-24.766682
11.24719,29.104322
-71.52898,23.331099
-42.582275,38.10905
4.290386,58.760593
-53.99371,33.050163
6.200279,47.84191
0.047460154,-10.712264
33.40323,-55.80187
16.875587,46.38305
48.701878,-30.95333
6.886585,18.874931
-14.243077,46.25559
7.5938044,-55.402134
3.6363177,38.37859
-56.332584,38.529003
3.1104388,25.449066
52.33498,-37.550034
-20.865944,9.999893
0.0044810325,36.52189
-14.52003,43.49089
44.947384,-60.952614
29.90731,-32.51898
57.419075,64.65219
4.7769737,70.23814
12.6835785,-41.208534
-4.1748157,13.8804455
14.917293,-9.959364
18.160948,53.69546
58.939384,-53.327667
-41.287086,-24.485449
27.048124,-33.183575
11.529764,6.6812615
7.166625,-31.51482
-14.610371,37.417175
-28.646183,22.958359
-19.796097,42.531467
-7.5247307,-39.89959
10.137798,21.43889
17.020864,-38.38993
-34.670444,36.682533
55.98025,-23.488691
8.945298,51.636246
8.720564,0.78901386
35.51501,-16.822569
-13.240329,42.942413
9.127779,44.67299
58.606472,-43.17958
-60.02617,-11.647537
-18.519371,36.55539
42.262623,-38.39083
-37.002403,-33.105972
12.460265,86.821236
51.024063,-10.552968
-22.165096,40.729176
-43.36921,23.880354
-42.851883,17.870703
-81.85767,-26.731764
29.801298,-34.142193
3.4246414,25.081566
-19.602596,25.559414
-8.92038,29.45939
-59.998596,46.10305
-6.7417536,29.668837
-5.338384,-9.652918
23.142849,36.68221
-35.437817,-0.25245684
-0.16556634,-82.286804
-10.31299,28.863605
-30.586655,43.253845
-54.607063,21.354837
21.801996,82.90477
-44.10556,-15.647927
68.27126,-43.22399
31.372591,-28.308203
24.408468,-53.094803
40.296726,-1.6041033
-44.33592,42.159508
-48.73942,4.5203233
-14.746474,51.79083
27.492981,-25.634972
-39.95347,22.1047
-39.25741,14.846464
-41.887802,34.606163
40.968502,-14.265903
53.50173,-40.82706
22.77546,59.909466
41.489475,-27.637264
4.8497515,70.81204
6.8536367,-16.214886
-36.738335,33.35072
-17.234344,86.15848
68.127525,-45.535038
11.27824,-48.572033
-44.32033,23.20372
6.8529077,17.057972
-2.0881963,-9.0576935
-37.566948,30.473667
42.77636,-22.277143
34.363644,-62.267967
-13.932564,-26.77209
15.234172,6.4226284
-29.694057,28.643734
4.9004135,-66.80373
1.2950618,67.440155
37.722538,-39.3026
4.4972906,23.641684
17.507254,-61.43366
0.2960245,32.46927
-26.10151,-9.179636
7.228122,39.215874
59.52779,-23.938122
-38.818638,29.36265
58.952965,3.548595
15.175315,46.90197
21.952509,-39.66313
9.942329,-37.33951
-14.374243,36.411755
-14.645669,-3.1443722
-44.99349,27.374037
-44.5715,-5.0719275
-34.02177,26.444143
-19.276392,18.279692
5.6927795,-38.455513
-41.65765,17.654
-3.0216095,16.711672
20.199713,70.707886
8.121022,44.807064
-33.09668,35.566376
-21.117136,36.720314
-7.039735,-17.041565
-53.214428,1.035415
-19.847506,-21.01449
-43.505077,7.244375
11.163353,-42.114258
20.650557,-40.89866
41.37721,-46.727306
-23.052513,43.683746
44.964787,39.728218
18.426283,11.710278
29.571606,-8.751685
66.211754,3.037839
53.203766,-57.936146
-58.812634,33.308235
14.773018,2.333062
55.357533,-48.051968
-9.0606785,21.579792
-21.405539,50.76335
-16.867918,-14.244937
66.523254,-30.519552
-20.383764,-37.535847
9.81357,23.63444
-47.884354,41.43235
8.628454,34.406166
61.879055,-24.151981
6.1222324,24.2648
9.055178,19.12037
55.15736,-49.60634
-6.0470138,-47.061047
48.632637,-47.651604
-2.1209843,31.951761
12.493277,38.582012
12.617087,38.48723
-76.20285,32.36394
6.5627823,12.386298
37.42803,-40.75041
36.49562,5.4267325
4.81752,16.20916
0.30165166,87.86571
-18.878044,17.547781
-55.28574,4.0563307
-31.436068,29.886288
-27.731657,-29.073473
-16.052572,-14.419233
2.199089,-50.034515
32.00739,-63.095673
37.21102,-16.213995
27.776932,-4.342432
35.061665,-27.1316
33.646843,-30.544598
-73.77624,46.83326
-25.747862,30.858734
22.283503,52.414
-3.9644992,-21.795582
49.844524,-41.488796
50.23356,-53.777267
2.553389,38.712776
-28.992119,4.347829
-33.81647,-5.8888264
45.47644,-2.5539598
40.328465,-29.148338
-41.781048,15.848533
19.814589,-19.519346
19.226067,38.5886
-23.597473,23.748377
-33.549854,43.818123
36.34023,-29.831347
21.650991,-27.343754
-2.360117,66.52463
-47.786774,29.189182
52.293903,-34.93058
0.19110961,-31.106867
-18.332737,-7.6801004
45.917454,0.7521564
-3.4707413,27.965078
-58.281487,-19.989275
5.372758,-37.310318
-80.62364,28.226028
-13.908761,-53.44292
-43.523262,13.961328
16.75454,-56.152084
-32.996517,41.786644
-59.142597,27.0582
-39.45887,15.013046
39.710712,-35.053825
-65.9395,42.829453
38.73336,-20.598476
61.814053,-27.078363
14.866884,22.613274
24.25295,-29.338308
60.054356,-82.301735
-17.263748,22.819021
75.28621,-59.32986
5.2659326,-42.816982
13.934841,54.388557
11.358295,-10.033252
-65.16156,42.150608
-25.034641,-42.232185
-13.680732,-12.2633
-27.086298,18.447454
-85.82187,40.770447
-0.36576855,46.29702
16.026041,22.387045
-17.977407,26.379278
-37.7339,15.668872
-40.526005,7.3069725
-4.4449964,-9.033948
-6.099733,28.990904
-18.574402,38.05307
32.1546,-23.625694
-36.04183,27.700754
5.096255,46.220627
-36.795906,21.238894
36.285427,-17.965391
-10.796515,20.740036
