-33.45829,21.26567
2.7880256,-6.106052
18.0818,43.34828
9.507915,38.446487
10.185246,-44.933437
26.919867,69.56067
50.74988,-35.94884
36.093178,-32.377228
-37.212734,-3.3589642
11.224914,-15.090009
1.9945133,-71.51393
3.6396034,28.330688
-23.771666,-50.20934
11.2326145,13.671542
24.67782,-44.71855
-5.511486,27.491238
-51.044907,26.649132
29.963549,-32.870346
-60.367493,-23.893505
-18.092487,13.1137085
5.707485,32.206768
28.41556,-46.39213
-47.50306,31.56947
-7.026869,33.305042
34.19212,-28.218477
0.12130882,-35.76524
1.8767631,-6.1419706
-10.641321,-50.981995
23.331804,-56.150063
-17.35646,-44.114037
-3.5187697,-42.62681
-81.386765,21.98404
31.893126,-45.6376
-76.77131,9.297091
53.475277,0.19809234
-3.7140362,27.073536
-24.737509,14.850351
-40.557922,17.022467
0.3209437,5.599304
24.671906,-42.58459
6.2109137,28.952797
22.419413,-29.92182
-81.74727,29.62878
2.1823177,-44.622437
16.202873,16.15017
-29.111315,13.812222
-2.0613806,25.998592
-39.086445,18.966482
-47.843338,40.92289
33.470303,2.727312
-42.196003,29.911709
-67.89626,-10.161394
52.12213,-72.585236
11.913472,-42.291973
37.502922,-23.46396
41.56455,-43.43193
75.653015,-40.67388
25.70202,23.06366
-32.464428,24.887247
-5.316595,-25.151617
28.781145,67.42831
-29.530544,-0.69015956
-31.713814,16.86918
5.378039,37.32833
5.445351,-49.243813
-66.63938,-7.228835
-20.75325,7.909233
2.3302014,51.395523
-23.284405,15.059944
32.769077,-45.42823
-27.56563,4.636775
-78.09361,54.46378
-29.177792,15.649316
-26.48476,29.33445
53.649162,-36.407692
38.732723,-34.322598
82.265686,-32.65054
11.071378,-53.773373
55.98917,-34.24018
34.4708,10.473934
20.554543,-59.417374
-32.82877,25.158531
-35.70769,20.103159
-8.19244,77.317314
-26.784311,4.976166
47.223366,-8.715227
24.839111,-85.99727
-40.31712,-9.81743
-50.948326,47.289253
21.860216,-10.097608
-10.0700035,-65.947716
-65.8782,51.44221
-59.066193,26.8827
-64.7106,32.57288
34.353527,-41.570194
22.548508,-48.8195
-9.408781,-53.660107
13.877365,32.087147
-53.47196,-14.621343
-41.767235,-29.07558
69.947205,-34.70767
40.027687,-59.577778
5.1858463,37.039062
57.332123,34.39722
45.984787,32.526497
-54.68005,-3.0483403
-24.596735,-20.658241
-29.386557,33.37094
-30.560732,5.776452
5.1564894,50.20054
-51.291195,-9.267671
-48.530228,6.6143355
-30.698847,14.941413
-15.04418,38.8315
9.230739,-26.890612
68.580246,-39.54343
5.265889,38.41058
11.479832,-66.92883
22.35495,-44.75892
1.8927572,-51.638462
-77.42253,14.920961
37.80131,-38.260674
-0.6288348,-60.333797
77.6528,-27.276428
-4.529933,-23.936428
12.352636,5.5437155
-57.340523,31.550716
-14.365774,27.078022
24.815853,-50.117535
4.313788,21.817356
-23.881603,15.897868
-49.562008,-32.277966
-32.97656,22.892492
-41.87346,5.1960645
-27.579489,22.956589
1.1479065,-49.440968
48.96533,-40.004898
26.789047,-52.24905
-2.9300077,-55.74887
31.179388,-19.202911
40.188007,72.01524
-35.98336,16.995647
20.402298,-17.180008
58.110256,-27.141489
59.967873,-61.317554
-63.487743,47.699524
-26.39167,15.026263
-16.935873,26.513336
32.573112,-41.002213
-58.5123,39.24616
-78.643684,56.168453
-7.2347984,7.4087067
38.70913,-52.001015
-6.3176236,7.0899796
83.79813,-34.07203
-34.968685,5.296444
25.24648,-19.258821
-46.344883,61.048702
-22.808834,80.780426
-13.601879,24.658375
31.937973,-45.750004
-18.312603,36.58683
6.446306,31.626411
32.88297,-23.654867
9.731921,33.407455
-3.5111108,36.050953
-29.693682,26.552666
34.37929,68.15618
-2.6968584,29.003925
-33.309002,16.034647
4.718259,60.36949
34.162468,-20.430876
-33.155006,39.2403
19.311384,36.462387
13.838467,-13.936886
15.65689,42.370087
-27.468721,15.236896
-38.53815,41.406845
-41.204548,55.751785
-24.818253,33.159744
34.49731,-50.37061
-22.225554,14.057608
-31.635912,14.882709
49.42958,-15.991868
69.51408,-39.234077
-28.548923,15.147197
23.53867,-7.225288
-2.6255808,58.198624
15.83548,28.328804
35.57485,-5.7600274
2.0805192,19.666061
37.374683,-45.864674
-30.960875,15.535862
25.682356,-30.833618
27.999247,-21.677341
-67.21873,65.122955
-27.329386,-19.938026
-32.162712,18.269197
50.825886,-43.464428
-17.707855,25.813126
-19.274754,12.829364
-36.70107,72.55258
-28.009777,-14.744518
-9.552828,27.33866
27.719904,16.830639
-18.940386,-13.745044
-32.381187,20.467514
46.461296,-28.313974
-43.475937,38.257885
24.09015,-10.518736
-27.790937,25.101536
60.622814,-2.2915714
30.88294,-41.325985
25.643974,31.212631
43.880295,-42.988327
-36.873207,19.255234
5.736289,51.88234
-4.7692947,25.14851
-42.61444,22.324255
23.779345,-27.910496
12.773138,34.12037
31.133118,-38.62077
-44.29107,-32.3995
-26.31507,14.97483
18.60228,82.610634
-69.64753,26.710323
-22.791576,14.285883
38.427334,-35.336876
-67.10989,53.85678
-21.781467,15.981413
-47.124477,49.43857
-54.50024,-2.838989
59.039925,8.453008
28.270527,22.383766
1.0577486,28.663574
-35.454155,-19.47424
5.0780096,26.854656
-17.202097,-49.733315
72.72882,-37.886814
13.944263,-63.79145
-2.6415849,29.468079
18.182562,19.53366
-59.477394,11.515653
-5.42878,-11.086886
-7.3907013,8.529428
-55.20857,52.81909
38.73262,-22.886597
-25.303461,1.1169183
-42.30202,-9.031918
-50.02379,16.710602
31.923872,-60.83025
49.936874,-29.839375
24.0035,-44.602066
-29.433159,-0.47316745
20.177618,-13.065118
-25.1886,14.963713
35.36157,-47.67886
-18.0426,-66.471275
19.390505,35.18421
-66.861565,0.94467676
-28.127653,47.538685
-84.68619,39.687542
43.457363,-36.186405
-71.710045,-17.608253
-32.486908,10.002564
-50.39772,35.376877
52.80268,-39.68521
-28.975832,15.783877
-55.530853,-4.9710646
-15.803127,5.1009226
29.131506,11.671378
29.323448,10.115957
-37.253086,8.380611
-19.525576,14.169765
-39.53882,5.6602554
-27.250917,16.30429
25.709656,-55.374588
-4.920989,-42.247902
10.388636,-7.7323704
-26.27349,-16.93241
-58.849903,74.721504
-28.703005,22.420794
36.65601,-13.621253
10.209636,-72.28256
6.3780866,35.417717
83.99312,-51.343174
10.907683,50.644203
87.37537,-12.465969
-26.449444,-37.174446
-84.49464,42.482216
-33.24103,26.465542
-42.94355,59.16799
67.11826,6.91292
-11.756406,10.968965
-29.152143,21.469748
49.939175,-44.738205
-49.526913,-15.704481
-76.78546,17.48965
-28.436241,15.206669
-9.1785,6.952926
-41.348614,1.80191
39.484386,-37.390644
40.649403,-32.5817
47.480793,-30.556417
46.970142,-43.45364
-20.851568,41.747627
-1.2684278,26.2987
-16.966778,15.962313
-11.544726,-26.595095
-28.47176,15.452896
20.460669,-11.523742
43.58236,-38.418354
31.38567,-12.689224
-85.54943,12.382151
33.1992,-60.665466
-55.181408,-0.5182172
-19.36551,-30.55519
26.522863,-29.544569
4.929003,19.627785
-8.149596,-0.026246179
-18.637936,64.02989
69.11423,-55.730213
-4.5272627,30.992294
-61.820076,34.169838
-83.286736,43.689877
7.8148994,-41.236267
4.6396832,17.806774
-0.36369932,-49.875397
41.206654,-35.224888
-12.232012,25.322922
-14.962061,-66.09292
-14.304736,25.018108
11.107623,41.68171
14.527435,5.72983
53.777973,-38.21655
-76.05197,12.594323
52.57639,-52.704033
37.177654,-28.37465
-33.693554,17.739935
-12.40328,-4.2572894
43.10672,-24.960844
9.776388,-33.51831
1.6900749,28.816856
29.543676,47.78351
67.43201,25.612822
-1.8400708,50.64631
22.97175,-26.17658
14.031126,39.45091
2.5874996,33.15574
-33.98875,36.801895
16.042799,24.043129
-29.096695,15.227663
-7.4695377,-43.269947
-8.56338,24.839136
-20.34366,28.287556
0.7268939,34.43459
-5.888475,-9.923462
21.105032,-49.65581
-26.876013,28.921017
78.58168,-29.969448
75.16918,-33.977352
17.24378,-62.068584
-22.368675,69.73099
62.33585,-39.127808
-14.0233555,47.01511
-19.888153,-63.76291
-55.797245,26.79052
30.56,-21.537914
61.76624,-30.061241
-27.18697,28.675688
-29.9095,58.113358
-24.360403,14.740652
52.28797,-4.757297
32.021866,-32.69048
-43.211956,36.238487
15.446488,43.286564
-6.3793793,-68.78719
-81.88632,50.579247
33.361443,-37.10483
59.58714,-64.45657
0.94002986,35.173477
54.113926,-40.155754
-17.656881,-27.11687
36.412342,-42.374355
-16.018284,37.40715
41.128864,-26.946375
51.20006,-27.020441
-42.02524,36.021767
31.138628,-71.45484
22.253222,-69.46807
-24.422758,32.94386
37.015766,-24.787806
26.229338,-35.286873
31.02219,-68.10976
16.98329,-12.81888
-24.906313,-28.722927
33.604153,-39.52753
-33.258026,20.220932
33.139538,-33.235603
19.946352,53.828083
-5.0923905,19.594692
25.580269,-28.170399
43.940166,-26.540098
43.579502,-28.189493
25.078587,53.943535
4.8086104,36.21349
4.655197,-64.95563
-32.61507,18.811588
17.854387,7.2718554
-65.74769,-2.2154737
-15.6577,25.822868
-39.613167,-9.709943
64.46194,-19.618305
-82.713,23.301058
15.986802,52.62458
-32.24001,21.06035
4.4484763,-44.722054
32.045986,-59.08235
-8.746859,32.567398
-20.551783,59.918396
-5.2822065,-5.3798923
-52.83646,-9.098424
-23.74354,3.8306427
20.970716,-46.72735
-36.234535,29.706917
-39.169613,51.214325
38.784645,-40.072098
-63.104397,62.71274
12.216977,68.83147
42.856075,-1.5670209
-72.23571,40.308296
-51.809925,29.170893
31.310183,53.1224
4.515992,31.342924
-86.29393,20.123295
19.628244,8.331365
-70.21773,73.6385
-70.19313,63.260155
23.849031,-75.7586
0.33466887,33.473488
14.288993,38.92646
50.500797,-37.027874
5.672772,9.796147
-60.4914,35.91126
34.926945,-30.508818
-1.9965198,29.992538
21.906116,-27.049171
21.783611,-24.458118
27.699171,-20.72894
20.121126,47.66851
-64.752594,47.178078
-15.026998,-57.682545
19.340517,49.976524
-9.727916,88.90424
-26.235367,13.64221
53.36921,-36.18903
-29.731617,-28.265615
29.886868,70.2521
-8.072905,12.1958065
0.43100238,27.758842
-84.288864,40.134476
-39.721336,42.772972
42.737034,-17.14387
-70.57029,74.01778
-2.2415423,-44.80074
-29.16252,15.711816
23.825464,15.184084
27.004992,-32.876396
-30.186106,26.835346
-35.814964,-49.216187
-4.370978,-69.05313
-40.88747,45.80979
21.080326,-41.66412
17.443855,43.041
0.70973897,41.00656
16.023624,83.91256
21.751963,60.739655
30.39771,69.916985
-15.943968,-42.099403
34.63606,-30.216139
-26.744122,15.24018
43.212933,-32.71591
-50.47947,27.226078
-32.077824,17.53415
-33.877895,21.70047
37.810345,-34.57276
27.986555,-47.968105
-25.683607,15.151539
-19.222488,5.568022
-16.512295,47.72284
-40.295563,19.612362
-7.2230654,44.34198
7.048056,39.206017
-20.812292,22.552958
68.65271,-42.22871
30.898186,40.154522
5.066551,29.95404
15.953218,37.161602
-13.786082,51.055107
-27.603695,17.505547
14.962261,-52.13373
4.547889,19.345095
9.1367655,-5.4212666
-67.06254,-2.1052368
-21.720524,13.934025
-69.13428,4.4172006
-82.94545,33.768337
-9.386647,15.67844
-22.568468,14.165644
-34.87648,-24.08326
25.504137,-15.679928
-18.615543,26.550726
-74.35245,1.2647771
-48.690765,-1.9066569
73.028496,-33.27156
2.457542,38.415733
21.5598,26.885845
33.826195,-22.749174
60.13354,-17.468029
51.241264,-33.85863
2.2538974,28.277365
-77.04516,35.06855
-31.864061,14.723719
-34.19117,17.566872
-33.38126,29.080124
16.29876,19.488537
10.219549,7.225727
46.12717,-57.91369
-41.071995,16.042927
-39.197823,24.81696
36.379078,-57.01948
53.8767,-63.644356
64.10675,-8.18043
-4.4117885,37.78259
47.40669,43.728218
-57.42446,34.05886
16.112026,45.98922
51.334843,-49.433887
6.773142,52.88826
15.066316,-15.48579
-53.16565,52.416004
-41.00341,30.348362
-23.625397,-25.818665
-33.991196,8.414602
-43.356544,32.626274
-61.872078,-12.652865
30.006882,3.1840887
-70.57628,41.05519
14.27698,48.578934
8.823221,18.01841
-2.3951359,40.68924
1.243931,28.568058
15.773984,-57.193638
-87.03471,11.828321
14.0983515,-62.338165
32.472553,-27.631866
-74.822205,27.631975
-28.797285,15.054392
37.78168,-50.91653
12.494285,66.96344
-31.54373,25.522045
52.7111,-32.619087
21.605894,12.3190975
36.616913,44.309685
31.092108,-24.956678
-54.55462,58.75116
-25.314995,14.721553
43.265697,-51.24538
0.510463,33.16482
-43.458973,-35.445118
36.139435,-47.7792
49.29311,-84.57408
-54.935173,29.757242
-59.520084,-25.0331
22.67465,-45.71372
-0.4296157,44.414963
20.727505,-29.887392
-28.913048,16.096495
-30.514204,6.9831285
36.713352,-26.46028
-68.59412,26.554958
-63.075634,8.55238
-0.9523645,-49.103348
4.30854,29.627224
4.136789,28.884773
-13.295324,13.07464
-14.792348,13.19331
-52.884613,41.151417
29.642405,4.829385
-28.268763,43.584305
28.777746,20.952013
9.65192,46.759247
-69.33853,-15.314584
-36.71535,2.8332205
-26.181292,28.910973
52.91029,2.7749844
-20.155033,-13.599469
-2.0707633,29.550217
24.694452,-44.379734
-1.781276,-5.49408
-75.76887,16.803125
62.31441,-26.41539
-39.352497,-29.337791
8.309948,41.71487
-3.755085,-13.010602
-56.669838,27.059372
25.53098,-29.14492
15.772233,62.738987
-23.615017,26.149956
13.211137,43.11014
31.444092,55.002995
8.16618,-41.653694
-6.8861303,20.313438
-16.202276,25.938595
-26.177427,28.103745
-38.63523,23.454224
13.653967,12.897772
-1.7110206,-10.075127
-16.921041,26.358498
3.9329145,30.621098
-10.084445,23.44883
21.728891,-44.957996
-12.479054,14.047203
15.965937,-42.72061
34.529854,-55.41507
-40.312523,-6.385559
50.67134,-60.7854
27.404318,-14.437988
8.678837,-72.49296
-4.091049,-64.88441
48.168144,-52.721157
-14.797958,25.150879
-16.310518,-34.604683
-58.2073,54.174446
15.59796,36.316925
28.439323,-34.94941
-31.396677,12.12866
-60.259285,44.110584
73.39533,-27.542908
15.820578,-4.205953
-32.495964,22.138245
44.923393,-33.355988
-15.844111,12.510769
62.341084,-31.932192
-36.9288,-19.198914
-41.560158,-47.163345
4.966528,36.75506
9.241573,32.03141
-35.174076,9.923155
-1.7818424,-10.441199
-12.915001,30.868025
30.07606,-49.694324
60.91273,-46.109898
19.514881,60.582916
61.218563,-39.10342
-5.057824,43.366177
25.875105,52.201347
9.439254,-9.222029
69.24674,-34.55459
25.904984,9.936263
29.258055,-47.91902
9.9515085,-2.582793
48.918423,-70.82547
-3.7260587,19.042847
-19.36447,49.574097
37.52216,36.92679
-31.894604,17.092932
-84.79572,38.92384
47.320232,-15.500301
-26.099062,-48.586975
20.299927,-61.378803
19.11466,-52.64872
-51.080055,-15.651618
-31.351017,15.424357
2.5108337,31.766191
-40.383236,-1.7693809
-30.879282,16.001223
33.25465,-36.612076
-4.2051363,1.4372458
0.19218113,37.27428
-10.148799,45.222992
30.562773,11.84379
20.093184,-50.90401
30.039976,-17.004347
-7.2000566,75.52964
-73.0148,69.16877
4.0590916,3.0954933
-35.815884,-41.119797
15.25105,26.54222
38.55015,-57.11834
10.332336,-61.576283
-27.835423,-45.209553
11.202753,60.335796
10.035082,56.07112
3.804693,41.047844
-35.90073,52.13509
-48.787918,-16.601734
-30.363617,15.334618
-18.401735,17.681492
5.536887,-47.65561
-38.05907,16.066523
-65.34934,9.968748
-10.277914,3.7024827
2.4212441,-22.701683
67.96443,-29.223593
7.757383,-56.553776
-30.224096,-18.207542
-27.652771,-57.092285
68.43771,-29.090641
64.87613,-30.264833
19.804607,-12.448769
1.8063345,28.718449
-10.422809,46.894554
-29.74963,25.057932
-65.391914,65.15205
-23.789152,14.781493
-41.181053,-9.863526
8.60938,60.32715
-28.520695,16.148964
16.48322,12.60553
-19.523552,31.95603
41.99172,-64.98554
13.953261,-67.20113
6.0828123,-55.25055
-29.74197,44.781532
-9.321791,28.489723
7.2772503,-17.653767
6.5356326,38.092155
1.7366717,32.49096
-82.37354,49.285767
-4.790951,25.81435
-30.178684,28.597624
1.3967807,-40.93126
-51.120968,68.18713
73.32176,-39.59147
28.199257,-35.836117
-0.9180473,12.418205
7.816701,14.750117
17.370626,-56.203854
4.570138,46.220932
-31.326187,16.929626
-34.29567,-7.363583
30.176538,-60.660736
-32.00019,20.392841
-34.105442,-24.884792
5.7821665,41.013603
-84.44694,33.305855
43.154324,-57.267075
45.598396,-19.142117
14.600092,36.34979
36.550266,25.930634
-19.65616,37.58291
49.175785,-45.87575
-27.289463,28.893442
36.975704,-28.485922
44.856556,-29.314981
-3.7544,27.458406
2.231548,22.44421
-44.84795,45.822937
-4.749084,-29.57505
19.090498,44.920662
-9.6783085,-45.364048
-73.867516,0.02253759
4.5007706,-0.81654537
24.856773,9.448271
-7.13573,-43.52454
-22.3228,-60.200302
-24.371288,27.819935
-44.592697,-29.033035
-23.707352,15.818177
-72.54469,17.35331
-78.316925,6.352997
-16.011728,22.01591
28.204168,-29.184109
-12.228286,23.036945
66.589584,-3.4756715
38.698864,-22.410088
6.450048,-17.286274
-77.09345,-2.0225694
-40.442486,-7.8303494
32.388905,-20.814213
-31.575235,14.237748
14.745013,-0.39073226
30.6179,12.815231
17.978653,13.5235615
-76.71473,11.205167
27.108433,23.76543
57.547905,-20.091394
69.35467,-36.939175
13.794466,-39.7408
24.40898,4.5615144
28.656664,-37.025623
10.899983,13.289406
-1.9344356,32.078587
35.585453,-54.839355
38.703014,-34.840878
39.88484,-29.423029
-62.56251,88.3082
-59.253708,-40.554153
-53.661617,60.423927
-69.178856,17.65458
-80.93184,16.5576
82.212685,-48.059883
27.292849,-37.37234
-30.876875,16.175379
-6.289707,-11.648627
35.864704,73.27763
-84.48006,5.6968937
-28.187763,15.359705
37.07108,86.72401
-2.250124,2.225892
6.5521283,32.6698
24.71984,-36.399902
-32.015247,24.474833
67.99734,-20.28223
16.014202,39.43182
2.2496092,12.392308
26.191675,51.74816
53.064907,-55.362167
-22.634813,11.9324465
-22.238724,25.907883
-9.802298,22.84214
35.66405,-41.519993
-28.177633,28.538017
-37.50799,28.006264
19.194796,-60.7655
-9.228397,82.13686
-1.85162,4.212796
-18.528297,-47.08541
21.579666,-64.71635
3.0618942,28.060707
-2.4886942,27.091942
-76.52912,48.37132
15.646295,44.304195
36.28134,-73.908005
85.89642,-91.484764
-70.20059,9.795815
39.749134,-58.323368
-73.03445,28.615292
12.884723,-5.153921
34.089268,-38.95691
46.883137,0.14266789
-40.77008,17.550945
23.75799,-45.29597
-45.394447,39.71884
30.22016,71.83968
31.03205,-29.756372
14.122392,-49.912167
40.559364,-15.903947
-77.02313,14.995251
45.15753,-51.74703
25.54043,-23.94062
-44.04658,-20.369642
27.747507,8.624964
19.403742,32.193836
16.667381,24.521969
47.859005,-71.53454
-39.00585,34.031307
-41.081203,17.526016
-60.20148,65.550766
83.54497,-24.008095
0.70274395,-6.620912
-37.703312,19.218384
-1.4844638,5.4038715
-7.652823,-66.59191
-46.318428,39.490463
36.18916,-45.2845
21.378757,57.48979
-77.91072,60.68198
-32.907177,45.58845
-32.931343,-6.587837
-10.020159,8.953335
22.198265,-7.31934
-50.632744,42.72583
26.497787,33.635895
9.83191,-6.31948
14.31725,28.851158
35.190952,-20.53589
3.499193,43.124054
7.81778,51.70646
17.605104,40.39363
-25.122602,-39.632065
50.020493,-53.43028
-49.28039,-11.643175
-37.540092,19.95993
33.76299,-20.029377
3.8829277,-13.595637
14.357848,-11.079572
-28.06033,-4.9957623
44.918827,-34.171127
-17.65087,-61.65054
-2.4955611,-57.090385
49.057915,4.469133
-45.03481,54.41045
-9.307531,-49.081917
43.64098,-32.556477
39.23852,-25.404058
-17.061172,33.373024
-5.3157234,35.74513
-38.592953,-17.548384
-14.491867,0.75645447
-15.63154,-30.959251
-57.86401,61.372955
37.39274,-65.34983
0.18255736,-9.018585
-34.462234,17.913698
28.925453,-70.07899
-64.837006,83.95248
-84.7752,22.921774
-52.951614,63.467075
-34.279747,20.425177
-29.968517,25.584465
-33.62082,21.553926
-20.324265,13.254893
0.92240393,33.15672
-14.669611,-12.673866
-6.176385,49.413155
38.011616,-29.94273
1.2137669,33.43463
19.192398,-40.42562
-45.595963,-8.500009
20.356405,-9.992349
-61.44363,-5.0125537
-33.14949,19.174202
-57.346535,-1.2861294
31.312773,-11.248736
-57.461224,44.68725
-22.808413,-35.244358
8.082634,37.72869
-33.049168,12.153774
-32.027428,16.654875
-39.88193,33.334213
-2.750822,4.174957
-36.414997,20.807451
50.976227,11.170971
24.290508,-3.0859275
33.546886,72.595055
-70.41335,37.087
48.84193,-46.357555
2.2153585,-32.109825
-36.454105,18.499134
21.600985,-46.048183
32.523293,-17.807478
3.8963091,-37.675083
34.88043,-52.99481
-22.681887,-36.56473
53.699295,-51.54653
-33.188282,-15.091303
18.865969,48.08309
-59.793983,13.484185
-27.012302,25.56004
-33.56947,18.907194
-51.104843,31.608465
-75.97188,12.405749
-22.20463,23.889305
-33.33164,75.94008
24.678133,-35.97968
28.41469,-32.441467
40.35071,-26.590137
-0.16109903,-78.88615
0.78889775,50.8448
-84.94269,36.145706
16.22439,-42.45225
-7.958079,-32.664314
-4.737249,3.1354074
32.28352,-24.887117
-4.2422166,27.83863
12.170021,-41.211067
22.17987,-85.08893
59.82491,-55.114258
-84.38895,40.24829
18.782671,41.296543
-4.3075666,24.810646
5.4469767,37.481056
-8.508936,26.648296
-45.180576,44.474953
7.6078897,40.13063
51.451595,-38.511555
-38.112263,-16.638111
102.956924,-36.05589
53.41193,-33.168633
-31.05498,75.13587
23.607489,-48.649845
32.53149,-61.518826
45.03391,-31.068409
24.733402,-60.88895
-21.057106,22.444761
39.353146,1.3577582
-32.107327,24.598555
-54.026245,-4.9883847
-71.85706,23.435534
-24.736317,12.746755
-12.420939,-8.84717
26.156185,-42.841076
-29.40137,-26.79218
-84.46611,20.980577
-75.42057,34.21058
77.24219,-24.53832
21.050592,45.571518
50.85287,-46.054916
-74.58176,62.576473
21.756872,14.339005
37.50059,-69.23908
12.314488,-62.34759
25.447084,-29.247429
-9.1699505,-28.945093
25.301167,54.899487
-85.44393,24.832054
-77.57685,13.92908
20.756536,-27.905128
-32.84799,40.174187
-8.088222,-61.378296
33.692616,-3.2809103
62.350567,-2.611532
-20.89276,22.685535
30.071695,-31.724152
-52.144375,57.218376
-11.902185,52.00605
41.365364,-15.212156
2.1604362,30.70496
53.021603,-13.552498
6.7369013,17.515064
16.140066,53.98707
97.00332,-42.44479
11.410402,41.316887
-28.315966,-22.922571
32.247044,-35.749863
11.803092,-49.33401
-38.563133,9.175037
3.8429072,32.338295
41.439495,-15.147612
-4.862662,-18.645771
-1.1332388,0.19078836
-13.634908,33.465187
-4.767228,24.857834
23.568235,-37.24396
-83.05601,47.061752
27.745316,-58.03729
-14.929437,-44.58307
0.49908662,32.97114
-24.613123,-46.62333
58.385235,-37.345478
13.105169,-69.64598
-9.07557,-44.54958
15.389899,-39.263947
-11.115569,-27.437918
6.261169,32.962013
-40.53416,48.466766
22.698019,-1.183012
-41.670162,-53.013447
74.18361,-19.972744
7.5765085,32.085648
-38.83633,34.126816
-50.267273,25.06196
-46.783154,20.663746
-25.87484,14.797468
6.304379,37.519794
1.4905348,53.432762
-11.020717,-65.04259
8.095293,54.50142
4.1366057,26.612871
2.3593102,-14.076514
10.943994,41.33439
-56.54668,-1.1401651
-74.26489,24.071045
2.3233116,21.681526
-29.355556,-12.419435
-9.676646,41.03512
55.415646,-0.111321054
-43.563927,-20.62271
-66.07989,9.52951
22.214964,-8.727289
-14.861257,-67.43808
53.321743,-21.276505
-27.72907,29.25221
16.793486,43.094925
-21.451021,16.15975
26.580965,-15.866165
-71.91078,12.728587
-71.7281,34.9081
24.30241,-36.329002
26.228102,13.354685
-2.8407803,57.055756
28.357327,14.268725
-8.065722,13.2283
20.225595,-60.2153
-2.1037447,41.93024
6.841085,39.854164
-16.72175,25.593071
4.7340717,-15.429293
3.8203344,28.515318
9.911439,32.35363
10.38362,-61.178566
6.9888034,44.311935
-31.83224,-37.727642
59.644993,-17.93802
5.9613047,31.885275
-67.75957,19.187136
-49.1124,67.69697
15.140543,16.812729
26.390963,-66.37236
-42.10052,65.87781
5.541088,38.327522
12.870714,7.865279
49.295006,-19.144217
65.23395,-27.899763
-12.873986,-36.245663
41.620304,1.1714879
-53.295143,5.0682054
-33.379814,16.259169
-60.55307,0.94625413
36.479454,27.246065
21.345915,41.28682
39.150726,-65.69794
35.374462,-65.77469
20.090624,-23.987513
41.315716,-29.167881
-56.066982,42.020954
31.75303,-53.609936
-52.963326,-25.663406
13.651639,34.685055
-16.155958,7.0331244
28.986305,-59.27745
27.961075,-29.39903
31.039553,56.443596
14.242795,19.378033
-45.12663,32.656906
2.4799511,33.680717
-28.284447,15.550597
-80.56662,5.0410447
48.589733,-58.625763
-74.269,36.83995
46.78422,-32.984478
3.9617736,84.2885
-16.432798,-62.026573
43.737656,-18.457672
7.899932,-26.019312
-29.647758,30.60709
35.068913,-55.66597
-26.579958,49.525185
-45.58991,-17.1423
-28.427412,15.516713
1.9776262,35.995052
-1.883453,2.5869284
-3.4322197,2.9754205
-1.9384835,19.705753
-44.117195,40.654305
-39.86496,19.490292
3.4505692,35.857437
24.703913,-44.48956
15.000291,-50.148
-62.483444,24.234644
30.563608,-39.15916
44.681538,-60.947468
22.836016,-24.838423
-63.672028,54.935158
-12.183716,28.176552
54.071445,-30.402224
-28.924707,20.203402
-29.156927,-2.1323645
2.5782378,37.226036
1.133173,-61.932606
8.758055,21.750252
-1.4434723,44.94862
-26.572838,28.66833
17.355433,38.549953
8.6344385,-62.503292
8.922699,13.493714
-25.837343,-38.598545
29.76687,-42.769794
-26.128466,15.919615
-13.448333,-35.606205
-2.1794932,39.397728
15.957917,49.92848
0.22767664,42.909065
-8.269463,68.43246
32.51257,-22.335852
-8.619867,28.103983
16.903917,-63.4351
26.567156,-35.632095
20.527044,-20.427172
-43.031277,-40.909534
13.926662,-7.4551487
17.148155,45.49151
-29.127518,0.9535452
-40.046413,-4.5902915
8.746236,-54.33683
-20.938133,13.688739
-31.208078,16.938896
23.48989,45.685734
37.335377,63.6939
61.234123,-19.915865
-31.642548,26.967499
-32.843384,27.857449
-27.748516,15.619944
-32.874416,22.39597
19.994635,-38.967476
3.4281301,30.027222
-36.42909,-0.121048614
51.782467,-4.627138
10.740343,-21.93038
20.270517,-20.956575
-64.9115,52.87777
-1.489635,43.668877
-3.5961645,25.843487
36.4668,-25.42354
14.326432,-11.079642
-0.90931696,-52.832176
-62.431313,26.041332
-43.572533,2.7521234
-35.807663,3.3531146
32.07464,66.708855
-17.597689,13.052412
-6.9019423,8.231154
41.026405,-39.09896
22.924364,-42.79258
44.151134,-45.685658
13.693953,-75.6437
12.1326685,-52.443794
-73.23507,63.549957
5.4532948,61.44509
21.347607,52.50549
39.30771,-25.010582
61.732136,-12.928509
8.057519,26.292858
54.2935,-49.14441
8.954132,38.816208
21.82164,-48.399025
-1.2995148,-25.844776
-25.10782,46.869553
25.484783,18.844358
-29.726652,15.761131
-77.18317,55.621613
-34.030792,23.677912
-2.6169136,28.527218
27.836351,-17.445797
35.563858,-53.05816
18.610138,67.89492
-35.53965,-29.39655
-34.621193,21.477146
42.18227,-19.558535
1.8118465,33.083763
10.54675,-12.704464
-2.0460172,9.186081
10.365018,-8.242612
33.87209,-51.2326
-1.322468,-6.74045
-65.45446,55.830658
41.85108,-13.68272
42.03669,16.100945
-34.318295,22.62269
-75.27119,-10.199714
-43.15747,36.598267
-25.744068,14.952255
9.681973,-64.04683
39.184246,-56.171627
-36.432606,18.449646
2.9318006,27.473524
-35.596104,16.185255
12.268708,-52.61481
-38.658306,-2.3300405
-9.762384,-4.9333134
-22.802568,14.54978
29.381468,-29.076298
-20.324194,49.456585
36.64409,-41.571743
-0.33713397,-17.476852
-34.885998,28.394947
-15.97946,30.202496
0.8613076,30.078678
5.9949284,30.71767
6.262272,30.045877
15.3864355,48.674026
-69.23611,-12.189256
-47.620564,36.26418
41.6468,-30.181347
23.51613,-36.00483
-25.020988,22.141354
-48.20843,36.29412
-6.544509,29.032713
-14.27946,26.803001
-29.1982,16.150066
-1.6920449,31.208721
-31.981016,16.640928
38.23095,-28.717281
-4.4113574,24.658592
-9.144944,4.31764
-12.317564,33.05443
41.25294,-31.922182
-9.100366,2.538098
-85.89387,32.02421
-29.20501,15.171801
8.784791,-14.889862
-51.963684,-6.009076
-0.37358722,-2.05701
-24.422663,-42.74559
-11.605355,79.7853
4.795247,31.025158
4.0284424,48.052708
60.022945,-50.095818
-36.56681,19.712738
11.5840025,-32.83013
-7.182088,-55.915035
-37.01602,32.239594
31.90772,-56.31655
48.31016,-65.05936
-83.457466,47.054207
-25.253157,28.019604
-46.846035,-22.62107
5.9888935,36.95922
-47.403584,-20.673536
5.324384,34.17624
33.978268,-23.42986
-25.534489,57.47758
-8.223124,60.85147
82.06876,-49.147472
-30.102678,27.32002
6.5191264,63.164703
-10.73971,-53.162884
-5.755207,27.050728
14.633435,44.849022
-39.37786,24.797493
-5.8944874,64.12579
-0.62408465,40.774284
-25.851631,29.994766
-26.453875,-30.345665
-0.41901922,40.572697
58.64973,-55.712814
17.104807,32.21584
24.505032,46.90292
-43.86538,27.83508
-71.84826,66.84831
16.485743,-5.7951803
17.343859,29.290298
-24.75414,22.966969
-38.437035,-16.292412
-29.305098,21.947283
-79.38639,19.021791
11.0021925,35.907604
-22.859825,13.88932
33.877537,-34.407055
26.0342,-21.086214
-26.924664,15.506381
4.6143417,31.445608
-32.17359,3.7802677
4.7068086,-32.51499
-25.614317,29.69543
40.706642,-46.296917
4.9488754,27.07483
14.269767,45.20766
44.78461,-72.16815
-36.084583,24.822794
-29.266989,27.831518
10.449509,38.2606
-30.500448,15.6265
-69.50951,69.86472
73.78667,-39.947594
33.50371,-27.557056
-52.34929,41.832726
-24.939962,25.394432
-74.556206,67.69582
-83.16035,47.94419
2.5794103,-57.750996
6.943785,32.696156
32.76765,58.87954
32.797787,-22.962212
-40.780586,3.1404476
42.96813,-16.881632
-85.11029,38.10334
-29.782696,-0.89935184
-17.967056,27.2615
2.4722571,-8.278276
16.558245,-50.30016
0.7839619,25.209888
59.074528,-34.09272
-33.03441,18.157047
-42.14033,-35.900715
-5.529767,8.811282
22.130003,43.709267
24.51737,-46.891872
-22.337912,7.6473227
15.689726,39.97639
-26.145832,15.289442
-10.621131,-1.0168372
16.834923,31.313515
-36.019173,14.784446
-32.31606,30.182583
28.416422,-51.085293
-7.6136975,28.846378
-25.739052,8.72091
34.646305,-58.365437
-11.830874,-47.114895
-39.335453,34.838417
-74.95457,57.91799
-13.442422,1.9385893
28.66455,-47.11685
-23.136763,42.196148
16.372316,34.41765
-7.487193,-50.22024
31.680807,56.75074
39.461475,-61.726196
-77.68252,56.776417
9.550429,-11.435509
2.0595021,28.865688
-67.844826,35.616776
-31.826437,15.206066
2.6727636,29.80584
-46.263294,-25.704151
20.484003,-34.45328
-72.33734,35.966663
22.908289,-15.176773
-24.601158,14.7258
-29.544847,-39.29206
30.695059,-42.42567
-69.73481,-11.633057
75.95569,-22.866411
19.007292,-39.70206
41.618145,-67.81206
32.11973,-61.48444
41.76353,-31.276321
18.920416,43.704494
-22.625734,27.172756
29.75588,-28.21721
-9.942627,7.8829966
-4.8378487,43.846497
58.64316,-47.62782
28.69833,-61.139374
-39.265045,27.57143
25.331465,50.557083
-33.136387,47.663307
54.304924,-82.46409
21.304106,-31.836552
-48.99889,-28.954058
36.299084,44.947155
-6.8952284,47.981464
62.386227,-50.61642
12.345565,49.77481
-74.24199,39.318832
24.453001,-47.966717
3.1257994,18.110245
18.871105,-55.644
13.398519,36.022552
-17.974651,-3.6906626
20.740175,-1.891493
-13.9113245,-14.127101
13.455403,45.842205
4.9923887,-51.746956
-9.03837,13.733374
-23.456787,5.6672554
4.310033,-43.035294
-66.60715,1.3976735
14.381587,-10.145339
34.76486,-25.401064
18.965124,63.234283
-2.179195,3.4200478
4.774852,36.76963
-24.407974,27.231085
-21.84558,41.27215
-26.25163,-50.541855
-29.120136,15.614803
-18.02178,-46.450745
1.9640448,-69.2323
-68.503746,33.063057
10.548789,0.14308596
-41.311707,2.153933
38.95798,-36.861835
16.59446,37.291817
61.371105,-29.673574
35.012455,24.18214
40.060764,19.976364
-22.199257,34.192253
-30.191717,25.9342
23.07903,-33.10134
-66.68807,51.088436
53.741276,-29.36354
-13.457765,-26.372574
7.531882,18.418385
-12.679356,38.28537
45.28744,-61.10827
58.01691,-4.573856
-19.080057,-18.706982
-34.867622,2.7745705
0.4856,28.275461
24.298082,-19.142958
-3.0003505,-7.488513
27.284365,-21.363287
-7.390142,25.67084
6.660536,-64.17786
16.322952,36.761963
2.5110164,25.187843
60.541363,-5.251404
16.04851,-56.755283
3.7517312,40.309677
27.99846,-34.091072
46.230507,79.64473
-21.116394,24.878376
-47.28922,45.45139
-6.276879,28.74393
46.50506,-31.959948
-49.773155,34.688904
48.806133,-31.767183
-31.07051,-27.51524
21.670938,-13.945323
11.793235,51.858402
-25.525509,14.827492
50.06638,-29.301556
-5.581237,27.375298
-74.57429,63.688816
-46.18029,21.0984
-31.320173,57.964493
20.916681,-55.034573
6.050215,-38.437668
19.233368,-5.9105964
83.50958,-45.875034
16.887295,46.27877
-17.377811,61.456696
25.322523,48.188194
57.176144,-76.846016
-1.5404463,4.951571
0.06930973,-9.628015
-34.420082,30.794949
-26.238499,15.111836
-45.688343,28.579758
-21.667288,14.1716175
51.88574,-31.798843
66.28373,-41.95419
-40.750347,-31.830812
-80.57791,22.453169
2.9708135,56.205498
-33.85664,20.931387
-25.2426,25.75925
-25.444792,8.018478
-15.7810335,15.911534
-5.7229285,-1.5251908
5.534605,-17.667736
25.467783,-35.186787
-73.88298,34.765305
-63.36407,40.91514
1.70949,29.37576
-35.353455,-29.09449
19.333017,30.870432
-61.68033,-28.301529
18.150194,44.379868
6.03807,5.3383093
20.456423,40.463017
-74.5534,-10.820842
39.233967,-49.0957
-32.43089,24.850647
-87.33987,12.413357
11.633808,-33.200233
6.0248013,29.740273
40.403896,-7.0159364
25.470266,-28.693413
9.868226,-9.717942
-14.240536,9.097633
17.58293,34.18844
3.8163197,4.9081783
5.493419,-67.471535
32.391895,-27.150972
-12.480043,43.06478
-33.45372,-24.994362
36.559925,-33.440792
5.2748146,53.69461
-43.36192,-4.09988
-44.159256,-16.201841
-27.462824,15.012613
-85.39496,35.45677
-46.432693,46.230923
33.094788,-62.322575
-34.873577,21.242233
-15.572287,24.93432
-34.43919,-37.859684
-22.814318,26.327667
4.934818,36.143524
32.445602,-47.367268
-68.815,-10.691181
46.908794,-47.103065
3.0060139,-13.959698
-28.192944,15.901182
2.9398127,31.904987
44.283806,-60.64239
3.6109447,36.03879
34.61129,70.4366
38.33421,-56.47
-34.047382,44.81167
5.895344,40.45234
-31.456856,25.795258
-45.237045,-51.170525
10.399905,-22.336042
-0.19455703,48.95443
-29.879944,-1.8442483
20.873497,5.830764
3.248652,35.09758
-5.1809473,29.09829
-54.11382,34.907166
1.0669258,27.89329
-4.468919,28.661026
38.87928,-49.238056
-49.318226,-4.3989
55.28556,-42.08712
-34.34485,-39.299316
38.643642,-34.694183
31.516306,-49.521866
1.6360584,36.007973
3.415887,29.3317
22.54188,-21.221651
3.2293947,-10.725102
1.3866278,39.55346
31.325918,8.498273
2.175092,27.636343
23.0805,-46.78054
-26.187159,71.256165
-81.327095,52.224163
-11.777159,20.18845
-35.746838,18.764278
-45.987175,-26.681395
29.749714,-54.88124
-38.937557,5.0381618
-11.219107,27.001408
32.948895,-48.82961
-37.48562,18.163036
-6.615442,30.504293
-53.307823,16.726078
-4.5843577,-48.30305
5.6051836,32.691536
48.448452,-15.322235
17.594452,42.283398
-40.23534,38.037254
-24.091394,7.6443586
-56.950783,25.148893
18.908682,49.08397
-16.28616,-0.5109628
59.813587,-28.997482
-79.59607,56.763535
26.22884,-24.036083
-73.67855,15.378222
39.368694,24.387043
-29.380424,16.137606
-34.86042,15.018246
21.991892,-5.704212
-1.1220903,26.136616
-14.979263,63.494167
-11.362366,32.395454
-18.536346,-47.266636
31.304255,-34.65373
9.042125,36.63961
17.83288,63.588627
-84.00571,44.840134
-34.753242,21.404434
-83.7758,43.720097
8.145122,65.36533
44.85134,-41.368614
-76.16142,26.216576
-17.600475,5.6826396
-37.28493,42.899704
0.915099,-13.542165
39.609623,-26.754854
-34.780964,19.424152
21.132214,-54.808617
-20.914383,13.671491
-33.28546,22.07163
27.49161,63.964584
-8.748121,28.408615
41.458378,-12.141631
36.103184,-26.11142
-20.586308,25.536339
-70.63287,-3.844566
61.131546,6.5549803
50.925922,-14.192411
8.231935,-37.703285
-31.704756,-25.507551
23.352913,-13.182318
-74.27271,30.739277
-38.56958,5.385971
58.89826,-40.101383
59.830788,-31.013803
-0.48169726,46.769814
21.76639,69.41338
41.979633,-83.501175
11.782007,5.764198
-50.174877,-9.682016
-31.752838,-24.541826
16.435562,-13.586731
17.500078,-39.981144
22.468498,-23.228514
18.492668,-34.214424
4.616649,-46.8897
-3.569717,27.177092
-16.677038,0.8578013
9.912986,37.11743
-19.562279,58.63348
3.5522172,38.783836
31.970026,-28.60792
49.770973,1.44949
-7.5516763,-18.815578
-2.6456356,-3.2175403
-37.275253,13.6590185
60.795723,-17.12503
7.115658,-63.99871
-75.91303,21.92309
62.1004,-35.793716
-52.309776,-12.273293
-33.84758,19.632973
12.448886,1.9288532
-33.604633,21.866215
-55.8141,-7.532079
17.495707,-27.921497
-26.226173,-12.725618
4.6323576,14.432093
5.973596,-59.11102
40.85032,-51.59881
27.240702,-42.282497
12.92625,88.04738
-11.614936,10.133021
-22.959883,4.0383377
-13.040735,27.380976
28.973955,57.875725
-38.54251,47.263863
9.737911,39.430206
33.445103,-51.036697
13.913029,34.9172
-59.522934,55.63208
-34.94349,12.029376
32.84373,-32.044773
-10.654005,-15.029944
-44.99641,52.643105
1.3670794,-5.34304
4.0589533,48.848312
63.814327,-5.8328614
-11.172975,8.99835
8.59348,-8.38157
25.423038,35.410477
-16.207996,38.566402
-54.70755,12.350526
-36.617733,5.4051046
-2.7601037,56.76866
-19.245846,20.301598
-77.135704,22.297504
-57.1044,85.355385
-61.73389,54.09214
27.355474,-56.329483
-71.6718,-2.3479815
-24.522171,-10.575908
-30.422094,16.603903
-20.100231,74.43531
-31.908062,23.381508
16.674952,-34.676727
11.626035,36.951736
2.457415,35.319878
55.214207,-11.915022
-85.328575,37.828323
0.7705948,8.866379
-17.034927,10.961506
-27.548372,-17.223272
10.079056,-47.173866
62.615913,-76.12955
59.607388,-47.8396
9.595594,47.041172
41.740833,-58.56281
-51.47665,40.67269
52.449253,-63.56918
-42.769447,25.734688
11.228839,34.900543
15.814994,43.54737
-40.170605,-3.520302
36.641888,-67.45586
-32.88117,15.4548235
31.32766,-25.563747
-59.215534,37.014175
71.549774,-17.395845
-8.629122,38.412872
-13.6430855,-11.123553
0.18069054,-62.446213
6.5539374,-57.933327
-9.952308,-25.70776
39.887295,-29.022717
-8.69617,6.7235136
14.103867,37.31322
1.1937784,-5.7116547
4.7104645,-34.203957
27.523891,-49.91253
15.737511,11.611944
-18.316639,-46.438526
20.678856,76.02796
55.340496,-64.12333
-78.125984,56.88782
-21.084513,32.562695
49.772636,-30.931116
-23.717247,-27.799486
-64.46673,55.51387
11.866939,-51.481255
-33.838448,14.9470625
-1.8835635,69.99376
13.64313,-54.553806
1.7041776,30.644041
-28.316147,33.707855
-47.346485,49.054367
-24.837276,25.385534
-80.62071,51.620132
46.516987,-16.40226
3.5104964,28.360611
-51.611378,48.799965
45.80112,-56.35309
1.745774,30.324501
-84.01809,44.92504
-76.08281,50.677937
57.16489,-32.040676
-52.23721,36.26243
-36.71978,-44.161163
0.029793993,-13.924575
18.828012,-11.710824
27.57299,-31.06044
10.89568,33.045242
-19.652561,26.823727
-38.226723,12.587653
56.404163,-30.051842
25.258606,-50.44509
-35.685505,37.997032
-37.408318,6.9164896
-70.23249,29.887358
0.59705997,39.804535
-60.505074,69.27722
24.983847,-19.367676
30.521093,55.717487
-35.670086,7.532158
61.688145,-28.210127
-32.53752,66.55423
10.873216,-32.363842
-56.17367,3.6241198
9.481579,20.398216
-75.70067,40.71169
40.807674,71.83494
-0.78115994,44.713425
11.292326,-51.740284
8.946532,33.736294
-30.860138,16.717865
-15.537523,10.158655
33.16942,72.0896
10.797755,-67.81701
-17.116673,5.2336564
24.173506,-24.19562
21.10275,-27.14619
21.712984,-62.791332
4.2634273,29.60355
5.5265894,-62.86368
34.27132,62.550526
-26.210663,28.913239
-24.570168,-22.140926
-3.419743,28.313103
11.076747,-59.198143
-44.114002,33.520275
-33.00055,-17.952219
-2.4084795,-19.421486
-9.625217,25.447575
18.573912,8.479669
48.449955,-15.564802
0.08429457,79.792046
-28.505747,30.56981
11.976885,33.482933
7.2216268,64.969955
-11.808269,-33.3117
7.432191,33.17172
-41.99907,13.012951
14.325109,-54.141327
49.91434,-61.036484
71.60984,-77.54297
-18.979017,-51.233944
33.35209,-72.75459
-2.8007445,1.7429799
21.73273,-13.299198
9.722777,2.4026556
-82.55938,48.56743
11.644426,5.946343
36.317608,-59.17912
-37.803722,35.377502
-27.758293,30.08364
9.347848,31.782167
6.860844,-63.045467
-55.930782,41.158737
-28.236721,25.801655
44.633385,-30.159798
-13.005328,28.885653
-0.34844315,11.599537
1.7388507,2.346033
-18.549562,12.740795
-7.525826,-52.565
-37.885586,19.542023
35.848537,-26.207159
-79.58272,-8.288023
-66.74483,14.816032
26.118738,-43.316204
29.730299,-28.166763
28.390291,-32.984024
46.268894,36.204613
49.210255,-37.548298
-38.608658,2.769679
15.441286,-53.475346
-10.669069,-23.266232
7.1660886,-45.332264
-83.340965,46.745583
2.2115514,45.530273
-33.018806,-38.083973
0.27138162,38.350468
4.2268057,33.703762
13.83607,35.25788
1.6489484,74.52076
27.793056,-43.464546
40.97022,-48.25112
-73.91974,62.53513
-21.866135,13.99282
-10.836723,-28.745852
-44.36991,-18.299503
12.370371,51.043007
-37.378487,15.099541
-0.04817155,-9.326895
-45.814877,-21.516058
-85.66046,35.586407
18.1798,-9.897724
-32.18121,-8.208734
7.1231546,-34.35524
34.835476,-49.072304
58.712887,-25.601593
34.01852,26.337399
-40.324482,-27.434679
-2.1228137,39.241974
22.189281,45.107437
43.30071,-10.183539
-43.74415,67.64949
-64.42152,49.63598
30.392014,-19.848282
-5.8677483,-14.19072
-32.37265,18.15893
45.546757,-39.813232
-19.736715,42.891125
14.375069,10.489113
23.628239,-54.798687
48.815166,30.024822
60.660637,-16.731508
-58.203823,-10.742358
10.28836,-15.403693
-59.140236,33.611893
24.821726,-40.64954
-14.332476,9.066046
36.83021,-44.554398
46.977398,-4.773678
-49.042755,19.675354
-15.88304,13.88814
-20.94165,-39.469063
-9.183453,-19.964506
56.656246,-4.69965
18.450865,48.66477
-13.453397,-58.916443
-68.9201,31.248901
18.272623,66.88135
-1.840442,37.056366
17.983677,-44.327698
1.1139781,0.11765468
18.122389,48.844734
-45.983074,74.53576
-38.430077,3.8621511
25.320457,20.460306
39.445927,-57.116352
25.96947,6.580517
33.334435,61.4812
3.028443,37.728912
-35.514385,18.473236
58.43812,-45.232826
20.135485,-52.657055
-30.847122,15.009228
-27.404924,15.602552
46.50813,-30.41627
4.8562994,-74.36535
26.181715,-16.46581
51.345093,-26.791689
-84.558975,42.18812
18.689531,46.886517
65.30396,-42.28771
56.270542,-67.40553
41.151295,-26.728722
8.53213,-12.495239
60.70294,43.90362
-38.364178,20.707336
50.039043,-19.977322
32.77425,59.630836
-22.95937,-3.2983549
-44.63663,-23.063898
42.875813,-63.39796
39.445644,-3.9751732
-78.430336,10.188774
27.204817,-51.605145
23.600054,52.81617
62.292923,-27.322607
-79.42761,6.0775285
-19.655888,-36.558937
5.917952,59.947845
-19.302355,13.197275
-59.037735,-23.007755
-4.3246565,-31.27581
31.5991,-73.292564
16.276388,20.766453
6.1002235,2.0803294
37.741474,-31.258263
-24.581556,78.40603
25.542345,-35.42495
-36.70433,-32.703403
-33.691628,21.602894
-32.907204,20.615032
-34.6167,47.826614
85.44786,5.887928
36.11598,-26.063993
29.20187,-75.62231
-13.126669,24.308355
23.972918,-75.50206
-38.47801,-30.18773
58.317802,-45.90153
-79.320045,36.161694
0.6579454,36.769554
-85.006645,38.609077
40.36375,-2.4080427
-54.197716,-28.911606
13.307891,-8.148846
65.33201,100.363914
-22.332415,26.503412
5.825604,31.873661
38.51205,-30.847345
-85.09926,39.354515
27.258842,-18.37643
65.328476,6.863267
45.238483,-30.247213
-67.855354,44.618443
86.98592,-106.00076
-48.493298,-28.677101
-26.502691,15.334131
4.7072096,-64.57737
-19.292206,8.236837
26.849783,-47.223274
-31.975695,25.330818
10.678042,40.882137
-29.01591,-14.308571
-63.140034,-26.543364
1.5197239,-22.274296
78.2032,5.3635974
29.626297,-17.356989
-46.599922,27.716145
-2.5610905,30.837885
-0.9804315,29.310127
-7.3848457,21.966198
47.38798,-46.751064
29.784666,71.01406
-27.27284,-31.818624
8.731246,-60.716496
1.7728927,-55.90889
-31.87838,15.525698
1.4602048,49.940773
40.496025,-63.04301
-66.830185,64.428665
-78.89532,57.832344
28.665789,-30.142187
39.921856,-39.50688
-31.47052,-0.8290519
-33.018204,24.923582
20.001707,-47.896637
3.6077137,30.930115
51.82977,-26.72162
0.4275453,38.396233
-68.81493,44.759933
13.478959,57.859543
0.9315051,27.86857
0.85389036,11.232397
-37.52466,-14.408596
-51.19459,56.970245
7.7272873,31.990139
-12.97044,24.702087
-24.734665,15.227218
6.4255333,52.499462
22.957233,-52.55296
-21.237352,5.789135
40.771427,-14.739922
18.586857,45.16591
5.76593,32.703106
-65.7019,-1.075557
39.50748,-26.762257
-51.522644,55.080017
-84.86892,25.504072
-8.054819,-46.201458
-55.408653,-19.356033
43.13484,-42.78773
69.531265,-21.39979
2.216704,-60.413555
-34.949974,20.769524
57.186275,-80.37142
28.090841,-61.989807
43.497684,88.27028
-45.87443,-22.405891
-14.02314,28.119116
-2.9766853,39.796112
19.740362,48.920334
-26.99605,30.260725
45.621494,-67.725914
-5.742047,26.869781
2.8533194,34.867485
34.23899,22.463614
-5.3174777,-50.711964
28.603321,-29.521053
-9.544541,-48.09114
40.27698,-79.067
-31.969183,12.813566
-27.8992,15.672773
22.878723,-10.864868
21.138807,-41.364117
14.589306,-60.48659
-0.63223296,-46.305103
26.356169,-31.840672
-41.6484,17.018179
-4.895271,1.8057984
-58.661953,39.079865
1.5203068,-34.135994
53.826473,-42.77998
5.4832335,-13.127617
-43.00365,13.736924
20.834784,-25.857576
-59.24011,30.140846
-49.179466,35.14145
-24.46146,28.355774
11.562825,65.06681
42.03696,-47.674263
-29.38908,15.822569
-19.099989,-18.338741
-24.281628,14.581384
29.798452,60.020737
-38.662643,15.117454
-61.431007,-4.9046164
-74.68949,49.2481
-32.499382,16.218645
-41.70695,38.451443
45.49502,-31.404848
19.739637,-33.9955
54.30806,-30.40325
-2.4833524,-58.109333
20.11115,47.354595
-37.685287,14.445479
-73.431015,10.767444
-3.3347864,-45.45508
-44.35981,72.537895
-70.70319,41.51555
-35.348564,6.4271445
-11.78074,-6.717671
-68.37681,55.863815
-39.346527,-20.874197
-53.217182,-16.495108
17.16212,-34.265835
16.100798,15.139956
-5.280051,-57.441833
20.1305,-44.80428
-68.49359,55.04633
24.034798,-17.595306
-34.070286,17.329327
28.966225,-21.451632
9.108527,-25.638279
-65.50404,18.655338
-29.687101,12.646898
-29.056456,15.191372
0.26012826,50.5728
-2.3679798,27.153774
-25.92628,37.414673
-28.590689,-13.661658
-31.346973,-55.047737
3.3884447,35.10772
-6.9916587,2.8426394
45.733864,-11.533316
31.549913,20.453272
31.193552,-41.833942
-23.141947,-17.409876
44.697304,-41.169365
-37.998455,23.72882
-69.31795,-15.80365
-4.8306966,-47.483166
-4.457148,-43.631424
-32.913532,14.958471
35.62237,-43.89002
-83.19253,29.417145
30.73565,72.35486
7.1857533,24.924305
-45.001614,-34.6551
-13.835923,12.923352
19.513876,-66.49407
-4.7289057,-28.622805
8.003835,38.95658
9.01837,37.74524
54.17686,-37.062527
31.55625,17.945976
-34.233284,20.496422
2.8459644,2.2220454
8.700076,-54.39036
37.22341,2.528829
36.17504,-31.697441
32.725716,-25.222263
20.479769,-54.417515
75.91603,-38.81775
9.80888,-54.346016
40.863873,-11.520989
11.724742,17.014292
24.526192,48.537804
4.1041985,24.039099
29.534452,-43.484325
21.19504,-78.197495
-36.290718,28.500772
-14.609121,32.128613
-1.4828032,45.155663
-38.399734,32.242123
-6.8723836,-2.4997911
-19.22996,28.17774
44.635265,-42.93981
-22.470915,24.880898
-48.98212,43.410988
-9.675459,-63.792095
49.734127,-20.962275
-2.609778,0.83547735
29.379328,-47.433018
31.33541,68.17147
42.328243,-39.26338
-6.6287484,-39.90328
41.203045,-45.225193
-87.438774,7.453591
-69.56955,79.258575
59.880005,-34.49209
3.4091318,-58.725574
1.9881876,-41.35109
78.56459,-7.3504887
52.143394,-46.200634
76.83977,-41.582073
-14.274334,-47.76619
-70.7594,78.223274
-6.414683,8.339556
22.016087,45.216248
-39.7419,-14.930837
-35.18015,9.912754
-32.01863,26.510843
-28.678658,15.4478445
22.612608,-58.052868
20.56286,-63.364628
-31.599897,26.364557
-10.633609,-9.397785
36.167667,-35.750404
-18.632025,-4.6338882
-7.9364104,28.101376
77.823135,-40.82456
27.773256,-20.502485
3.853542,-68.73465
5.4344263,34.24367
41.45638,-25.821518
43.452503,-45.2868
-6.93787,-67.193214
28.84656,-30.85912
41.4566,24.735346
-32.775623,22.750423
44.50233,-9.201488
-69.33335,-20.028816
-34.540825,38.171486
19.968287,-13.328292
-29.438063,-9.117198
18.455973,64.38951
57.760845,-23.645924
41.54366,-28.087803
11.215335,33.084244
-61.42169,25.326265
30.774885,-53.857742
-17.415302,-47.79221
9.6386175,-2.8971453
-16.677416,-8.312963
8.503338,34.21357
-12.095716,28.261671
8.36643,46.399193
2.9708242,-49.544174
-0.9686398,30.385174
25.99016,-25.642172
33.29469,-29.119936
-36.02264,10.316874
28.325563,-37.670223
3.675236,-23.166016
8.725589,31.677101
14.770707,50.011124
-3.1686914,-25.069504
0.4826002,36.518993
5.2154922,-49.24708
5.649281,34.39039
-16.941904,60.207954
-55.476948,-3.5037856
-32.019333,29.727695
35.595413,32.26787
43.7588,-38.86696
-66.73066,-29.552906
29.034887,-59.1012
-22.155176,-45.236492
-59.404217,26.32412
22.360304,-38.748417
0.81846166,33.423943
-10.044198,1.4986267
56.683018,-13.333325
2.089052,4.672411
47.335495,11.6293
-38.930454,32.056442
64.926796,-72.14555
-33.172123,-16.44895
-12.9895115,28.461527
-34.101048,27.431015
-33.285072,25.140215
0.917807,29.104246
-42.966816,-28.534128
-28.497776,-29.477736
-45.91608,44.274147
17.29223,-54.82049
-78.79619,-10.899574
-20.999525,8.216378
14.46804,-26.913296
41.63339,-53.68454
40.415333,6.250019
-31.934513,22.309814
-32.86705,-16.369394
-46.327404,28.077599
-83.98609,21.994112
-13.336311,29.44395
27.668642,-45.235916
-60.875053,32.519794
-39.7557,103.216774
-30.200056,35.492752
-20.16738,12.2567005
-0.16899633,29.158674
33.39345,-43.780354
-79.98645,12.966228
-52.940697,-17.840233
-73.18284,-18.265844
5.467598,-28.106201
76.61435,-32.114662
2.180031,-13.961975
-2.0885372,30.960516
-11.618163,9.301913
-26.678038,15.253583
-37.022892,35.894188
1.1464185,-10.340007
9.296551,-48.444077
-35.0414,20.764036
37.395145,-24.310038
-69.43933,34.878464
-18.058172,22.613419
4.917727,43.64512
64.23357,9.939102
16.478868,50.09144
-77.457794,2.277967
-40.24514,14.279702
35.624043,10.623989
9.562097,17.95369
-47.611897,-27.238028
-32.05349,25.263489
-38.63991,-17.359417
3.31381,32.957954
-36.354008,5.140586
10.039753,36.58443
-24.536148,-31.092466
-35.439247,-3.3791826
-32.35815,14.843544
-36.075413,-40.173042
-26.13021,-6.029899
33.73284,-51.478397
-52.553333,-10.7827425
40.659794,-69.45542
15.976569,-30.745178
40.264484,-14.145114
-21.985252,68.50651
4.6184683,-54.866623
-38.80682,-36.55193
-68.774185,10.398898
25.281252,-79.11143
17.091236,-57.52609
-1.5893157,34.878216
46.893017,-52.96907
2.706916,41.14867
35.476093,-30.010992
23.779264,-29.57356
51.780155,-11.354339
-31.472668,16.410784
-42.206043,14.326314
5.931912,31.17221
39.180946,-25.489847
2.5668995,-65.131966
-22.622934,-17.452295
-66.62745,-10.11002
7.519185,61.905663
-33.380127,-11.820742
-20.742405,13.651764
-74.68587,66.99096
-28.343037,25.19143
-2.5922587,68.25815
23.160402,-34.996494
39.754124,-25.83956
29.980577,-67.70252
-27.101618,72.71589
-33.798504,22.629631
-32.75359,15.326988
-19.537735,69.490425
46.867348,-23.170385
56.57726,-6.887103
20.753595,67.53646
67.710724,9.924531
20.131804,41.46212
-32.40617,12.276304
31.771648,-16.88938
28.574146,0.7615608
28.640425,-36.19111
2.6402423,-48.102398
-27.26774,-30.463787
33.436275,-43.162113
-31.255774,24.175697
12.383033,47.467316
1.3690739,32.33664
20.926052,36.645515
1.3587898,28.94918
19.652323,46.31359
28.313112,-49.904663
-28.810331,10.691645
2.0153825,48.30641
-61.93663,-32.881493
-20.773935,59.11563
-15.668979,24.797403
57.25996,-62.83931
8.78865,39.201973
-39.092155,14.044716
61.962826,-46.120758
-48.71792,-31.66934
5.4201384,47.90382
1.4214714,-34.349026
-35.795116,20.988483
67.54559,-19.865114
-60.057163,9.850881
17.465979,-5.647915
5.5007863,-21.496244
59.083984,-45.33915
-69.75034,25.29608
4.9556355,-5.334504
21.7125,-40.721825
3.984127,29.035378
-29.850916,32.359547
-84.00331,3.0369878
4.8197913,58.100414
67.63872,-23.930645
-34.94078,7.016977
-33.868122,22.206306
-59.551228,62.764687
-21.854448,0.3546437
7.2569075,22.777359
54.502968,-42.417015
1.6559665,-51.026173
26.933008,7.997181
92.459274,-33.05172
-18.787455,11.397154
3.2084332,28.342743
-23.010954,16.940948
41.24918,-28.980581
-24.777653,9.770176
24.859283,-59.830536
33.364193,-50.93137
1.9926784,46.840866
43.917736,-31.892778
23.343752,-12.554297
-29.738514,13.967542
19.34282,-49.38793
64.00217,-47.683067
46.506573,-37.463684
65.22397,-61.038406
36.861492,34.580013
0.029772535,-66.20805
35.394825,-20.38972
-27.243275,15.571928
-19.71792,27.419296
-59.694576,-9.514782
-55.63893,74.33672
52.266994,-73.55474
-44.852203,-18.659607
-3.9500277,27.978943
4.038401,-61.373783
65.161835,-76.51649
1.2968299,48.560814
-45.643867,-21.500303
-52.168205,-22.287233
37.66216,-17.32681
-31.299004,26.50267
1.0245619,37.20542
-33.04781,23.558296
36.02277,-29.021881
-8.137059,26.224495
57.250473,-48.29103
-20.092295,27.995762
3.865505,-71.19848
-15.893369,68.29611
-1.9773741,31.037699
-17.57711,1.7100425
30.858013,-44.15178
1.4670576,29.037634
-35.52034,-24.059633
36.63751,13.490934
0.22321261,28.296883
37.71304,1.9761854
29.179361,-24.784985
28.68963,-40.390274
-16.031754,26.009914
-36.153584,18.659883
39.896008,-62.9805
-65.30632,1.7471069
-5.549299,26.082764
-22.322662,43.102333
65.15252,12.668259
-32.965878,22.197561
28.781054,-61.962963
37.348324,0.77529824
-5.1429205,-51.895447
-33.779865,14.840797
37.037735,-19.747583
-40.269836,18.006807
51.673943,-33.330242
28.153194,-12.274041
-36.444214,21.012707
14.532102,-67.160675
-58.843307,41.38405
-25.810587,-13.577508
20.441046,-54.78894
-17.312777,13.067943
35.480644,-59.619755
-33.756657,18.09315
68.46994,-57.972187
-12.618545,28.780289
-82.06364,29.618206
3.3634076,37.658333
-81.328636,-2.4144468
-38.248035,19.613823
-74.85829,38.784885
6.6431303,82.4856
-47.591766,21.26789
-54.756607,37.91177
-51.804184,62.297066
34.892883,-40.25036
-39.448406,6.7664766
-29.863852,29.840557
-10.890278,22.63228
23.556479,-24.102716
0.16290356,-42.727455
-20.747168,1.0872177
-34.436768,25.764517
-16.188246,-42.709057
-0.7372101,6.100993
-2.7035213,-48.61753
27.972145,-15.750427
-52.742786,28.854887
2.4785569,43.563293
-81.562256,33.134148
11.702491,-17.625744
28.00759,-9.070257
2.5799682,-48.021725
29.309328,14.245633
-4.1395164,-35.321075
47.749454,-43.537945
18.02096,35.261147
-0.50092995,-57.37974
-9.9349985,25.833233
-51.179813,44.801987
36.681316,-59.907436
-61.418243,-2.8825173
14.768733,-52.40396
3.9904082,-31.263378
37.064728,25.347408
38.586067,-60.335068
-18.552086,-5.988596
-12.141252,-50.208115
-27.855625,15.091638
38.379883,-25.243504
-8.715853,26.960754
15.938146,-38.752647
-3.1753812,-0.22850503
-34.564594,21.518637
-22.470188,12.266325
-57.26013,-6.816841
-39.971622,40.094193
-64.867424,1.8022851
-17.193655,26.061766
-47.15988,-24.84218
14.91303,62.664436
33.58712,-25.971287
16.816725,-35.769505
17.850557,-22.658346
-39.371887,62.40219
-27.778778,35.3512
-27.085472,15.5472
6.3430085,32.59737
23.885096,24.82598
50.92078,-24.636108
-24.09759,68.90677
32.59085,-32.31879
26.4476,-40.79486
55.949127,-29.004162
45.019276,-47.22037
6.9570594,31.316263
-59.267834,52.59252
-50.15761,38.64997
26.226954,35.715504
-31.162434,22.025244
-65.81208,15.322575
-11.327817,-51.78376
34.612858,-32.9288
2.9680068,0.4345886
-49.458775,60.837143
28.851593,-54.524597
9.553182,48.346176
31.740381,60.577686
11.382577,33.49724
32.930042,-37.642563
-36.72697,15.841341
12.461468,-28.665012
0.49858785,34.03785
-27.703884,29.277916
29.171022,-40.791897
22.865255,-27.259207
-36.72327,50.072342
9.35629,33.721645
-34.737926,14.579128
1.3256923,-25.557032
-11.748697,-1.0436585
-7.017079,28.542744
-12.244388,-52.0569
-20.592133,6.7396336
18.25356,-1.8383121
15.8497305,-69.340096
-15.908836,14.313487
-1.1919545,5.689571
-14.586227,-38.70269
-10.684436,29.658325
-33.054077,24.006538
7.7717786,-10.534267
-60.76134,19.985407
-35.525692,28.698193
77.96549,-1.270902
7.8772855,-52.213642
39.622463,-15.136569
-28.687311,-35.533916
-28.60031,20.350037
36.680958,-53.315266
0.7827544,46.062393
99.7635,8.745852
10.103547,16.518566
-12.2428255,25.176395
34.470924,-30.021498
-27.398829,31.9393
-39.531742,12.7658825
40.649162,-41.123447
19.15759,37.10606
-50.358463,39.090557
30.34516,-58.834465
6.8114033,-38.562897
-3.9240391,-62.61036
38.560642,18.271568
10.58044,36.739952
5.6216946,49.06065
75.29112,-10.903299
-10.850346,45.100815
10.141931,-4.5230107
40.125748,98.61946
30.845339,-60.405792
51.18939,-31.599997
72.69203,-34.26464
67.035255,-51.39817
29.657303,27.164852
16.465979,47.144585
12.687501,-12.955627
-27.891312,-0.5653506
3.540127,37.478382
-29.057709,-7.991673
-45.685028,43.644226
-36.42251,74.90821
0.17822482,-31.413195
-35.02325,51.02966
24.166855,-14.690449
21.004766,50.07514
-31.994596,25.185658
9.065366,-68.63094
17.782564,-65.1617
2.0182593,-7.3730373
-34.56905,25.48992
21.791142,-23.763765
4.072818,94.15995
24.105333,-36.785126
-49.036453,48.0474
-60.37288,-15.351477
-68.51218,16.106644
6.4746327,77.20431
-35.8139,36.746887
-30.596975,5.891241
-22.797745,34.796947
-31.580088,37.334545
17.451143,60.27495
27.327648,57.631798
52.60325,-35.146
75.74932,-98.324585
-28.597239,27.607347
11.012824,33.737423
29.742376,-28.515917
54.210873,-56.0081
25.236452,-65.6986
25.22254,49.54915
25.149918,-63.36091
1.1742986,29.564295
-86.6467,14.584976
44.84068,-53.676754
52.541584,-69.77199
-36.093014,16.025894
-37.18988,20.142544
-2.5424936,-15.758192
-12.829686,2.8604236
-2.4779813,-3.557934
-50.675003,50.28311
-8.422009,23.579725
66.729355,7.683364
-65.77722,-11.670881
-47.950558,36.131744
35.88708,-13.672579
-28.68081,15.435155
-31.313822,30.123917
-42.42346,-18.491295
58.385735,-16.612543
6.760803,24.296818
64.44073,-39.30512
-46.59826,62.861458
22.466187,-40.79211
23.199236,11.772409
68.9704,-11.694295
20.252167,50.228268
-36.67462,59.22497
1.4316413,34.678177
-54.53559,-18.772264
9.823748,63.45061
54.683872,-37.690582
9.844811,-17.677473
-25.38167,14.922197
55.717197,-40.857838
-37.78669,-1.5741639
14.97612,-61.727486
13.059053,-59.488533
25.405699,-39.174564
-42.008694,11.09058
-27.301367,11.528196
2.0400212,40.370277
36.775627,-56.328785
-23.570393,14.511074
-26.413637,14.841789
3.2729661,34.62643
-83.97581,-14.062452
-85.28465,33.956406
33.825474,-19.15302
-71.12336,52.14496
-35.624493,71.2768
-41.521793,33.204376
-41.033527,-26.70861
-78.46509,16.385817
-31.14621,15.602669
36.49374,-46.61521
8.594446,-1.7120395
18.851492,58.842552
-67.39662,30.07472
60.421566,-28.387835
48.93829,-37.544247
-33.53335,23.425346
-44.49992,60.029335
-21.403059,2.4844918
1.6309459,6.7387276
-3.5331426,-21.29843
20.127028,53.622536
64.98989,-36.13655
38.87237,4.560569
13.212844,37.69702
1.076296,30.044243
11.83198,39.62945
-13.887378,-58.08051
14.337876,-56.515553
9.587594,62.622383
-23.054928,30.44509
-71.09126,12.928207
47.75777,-24.046125
-60.45188,91.062035
-35.17015,15.314367
23.89614,47.691933
28.254469,-26.942371
60.38153,-5.164831
-39.29272,40.496727
-76.451775,8.209342
0.982195,27.969137
-20.988424,13.714703
-32.82798,17.149097
7.475281,49.736435
-29.075817,27.343563
-31.616413,23.292532
-3.6928105,27.366333
8.23248,-27.245453
-10.235234,12.944471
-39.30649,8.558145
7.908536,-7.1827974
-27.946314,12.855288
-31.250309,-1.0940095
-17.370535,23.512234
-60.913193,-4.751229
3.792816,25.295343
-38.646465,8.4183855
-36.80197,2.835518
19.664396,-18.832668
-38.15162,18.386032
-6.3911552,-9.79254
11.245283,3.8319106
-34.126858,16.523296
45.556503,-0.92575115
-15.770627,2.5266254
12.571362,-0.97949564
44.462383,-56.377926
3.9854443,30.162125
-55.604053,43.18076
15.344755,-50.024155
-46.20218,63.32852
-16.042513,-28.963028
16.10628,-54.632114
-28.910265,26.05523
-4.62331,48.956734
-21.701527,-39.4704
29.609455,-57.00111
10.180311,34.163902
42.382393,5.259219
-10.960073,28.27843
30.82094,-25.197538
-62.353634,59.13968
-13.903562,8.885
65.01809,-78.45886
37.26312,-57.935387
-15.397008,21.830374
25.401133,62.919273
38.58517,-33.32936
24.15296,-47.126278
19.887346,-56.749905
53.80464,-34.336456
-2.7971835,43.24144
-39.269756,13.2179985
2.5424888,42.79491
36.75476,-62.71973
-52.46772,18.608158
25.149572,-15.469158
54.518696,-31.885519
-4.67726,74.9214
-30.176172,15.792447
7.8954206,-57.4702
81.291435,-17.537373
5.3929553,36.768436
19.506681,8.487085
16.726242,42.461067
39.629204,-36.688095
-4.6616006,10.71286
44.531128,27.27639
-23.834995,-8.698393
-65.68603,18.150703
12.566814,59.66127
13.431867,9.437351
0.5309615,-47.652916
-42.2747,27.007643
3.3262575,42.664234
-50.218563,4.71039
-11.53425,-38.054024
54.321438,-71.027275
-27.433313,11.927978
-33.221703,23.325888
44.581104,-17.0856
54.49251,-31.66227
-63.94102,82.34707
-22.561665,30.472649
-22.789509,53.925423
-35.14473,17.939564
48.790104,-29.840284
-44.51012,39.637897
-51.20139,-2.041626
6.0169535,32.08067
21.125908,74.9622
-14.774343,-0.46693182
26.768446,-52.134323
20.870089,-52.261116
3.0229738,31.05606
11.237567,42.74064
-21.84313,33.25276
22.712542,-62.569862
9.615876,-6.3668227
9.587774,41.09152
13.906706,50.857834
-17.070282,12.845648
-2.7164302,-44.47383
39.728928,-23.816498
-46.732845,36.154366
-18.837336,-27.401855
29.486624,10.922614
-32.049572,20.148163
-47.01837,-31.536547
17.531118,-35.636814
-51.30084,-14.698408
-28.539766,25.507324
-8.979399,43.637703
36.833935,-22.417452
-77.12471,-22.947735
-11.324178,26.272522
-77.84107,48.661247
79.95677,-33.295815
18.347742,-6.5821652
-32.106125,3.1584535
4.26042,-33.614834
15.397951,35.88553
52.861702,-55.0192
35.64699,-29.411251
14.897823,27.036728
-64.69483,8.788146
6.0136557,61.01175
0.2105117,37.040043
-38.777336,15.567382
-27.69105,48.26276
-17.693178,23.09024
32.510834,-26.429773
26.907038,-51.72302
-35.328934,-24.21888
-28.258535,15.591346
74.55829,-12.368323
43.596596,-30.101618
-31.997932,19.901598
1.271938,28.22101
28.409578,-53.17795
-18.425518,11.647325
15.167258,-22.098368
-7.261608,36.782402
-71.294,18.96043
-15.857835,11.639038
35.72317,29.84003
20.74203,52.997
16.79689,38.965527
52.38402,-38.44492
-10.832017,5.3416214
-44.04922,-32.88809
9.430257,-57.115967
26.257662,50.59726
6.793876,46.25135
-20.973652,12.927868
-29.370497,16.200647
-25.545418,14.867358
-67.41745,-9.038336
16.351086,23.116346
38.162804,-61.322758
30.656717,61.463543
-20.96668,13.557049
29.39511,-39.915707
-34.02339,15.185996
-44.007595,47.566017
-0.15426278,26.670551
-15.41042,-73.71976
29.331465,-51.52741
-18.198483,-45.449936
-0.14132051,2.1365886
-16.31166,9.47147
-61.310493,-25.512793
-63.966854,15.87602
23.830553,-67.16597
-7.302523,29.008753
-73.539345,13.875678
-11.193537,39.731575
4.4450846,39.403633
6.4735546,40.217148
-34.70453,35.072563
-45.111206,-37.476357
-11.958933,-65.303696
-14.118755,11.058033
-10.154682,4.840784
-26.887493,65.577644
8.260566,-46.145397
39.871128,-34.077164
-64.68006,65.86977
33.23598,-10.786975
-27.071165,48.21601
-28.577505,16.048595
-39.951237,28.938698
3.8727667,-46.695843
-31.152393,11.102457
-61.07799,73.66674
28.403395,-55.6468
-9.428996,27.56363
18.27699,-47.013504
15.045634,39.249054
-23.623447,28.066143
-5.2810893,28.12664
-50.671165,37.718323
-11.299737,-45.20345
-9.419908,-51.148483
25.374144,-31.292833
24.210108,-28.187593
83.90732,-20.704393
23.841413,56.224457
25.07094,-43.535927
10.803559,-5.90227
-25.453,22.813858
-8.253564,45.116062
48.73196,-53.92404
-41.28246,1.6764628
-86.16234,31.533674
-18.922888,-47.26323
-16.63074,-43.176403
-57.1605,28.613914
-0.09578554,-62.46149
13.250739,-14.95389
8.823675,-71.50125
-50.062965,51.913025
2.0254004,47.780197
-2.5529506,14.979034
-12.742736,-46.169106
11.165866,32.729908
-24.561396,26.190012
0.86994797,-2.8499894
-11.307781,-0.7054612
-14.631974,-26.47309
37.337013,-42.908504
-31.858234,17.035284
-39.173218,15.958175
71.25622,-56.329865
2.8112853,39.887558
16.17066,-6.380167
4.758797,35.557808
-34.668144,21.326082
-65.52574,6.723515
2.6016397,38.5945
-28.81627,32.069256
-6.4537773,-54.724674
24.001974,-19.00355
22.664381,36.921883
17.51708,-21.853655
-3.6249833,80.73025
-34.306774,16.271717
-3.617067,3.3205757
-41.333706,5.709021
20.3198,-49.567696
-34.646442,18.828146
-18.745113,11.670723
-52.705532,41.028336
-42.853592,26.44014
20.492441,0.4590807
-2.1266046,-43.090477
53.652935,-34.85545
-50.10026,-10.150447
51.728863,96.488304
-4.183593,28.150974
-41.132065,78.74939
-31.739601,25.189537
25.318022,-35.104492
-31.328882,75.16517
17.721792,-13.179546
-50.99662,-31.954706
-40.53315,-1.8649418
30.25126,-31.170261
-20.196491,15.388822
-29.934141,-27.577518
-36.54456,-15.968698
9.729737,-2.8502147
28.795837,5.437259
0.13421477,27.78577
11.421766,42.60295
19.163298,23.610775
-11.920198,-55.83964
-71.58843,44.15385
-21.229216,-38.805305
27.655964,-35.175026
9.233553,47.640636
11.4770155,6.180488
-5.81572,84.497475
30.625273,49.43291
-48.550327,87.038765
-45.141674,21.615055
49.10081,-27.578007
19.31223,-52.52817
-20.260494,27.623253
-7.159227,27.805544
-21.345089,22.494461
32.818684,48.13729
0.5595865,-30.545086
27.364511,-32.89749
40.165005,15.680216
27.038164,-24.998003
-52.571217,39.391598
-9.652743,-24.106852
45.929375,7.496608
-51.399055,-17.262629
-21.140158,10.105295
-2.4524064,2.3500655
24.20463,-41.909195
61.177814,-50.585682
28.691744,89.21148
-53.130543,60.530853
2.7049825,29.540752
-86.614044,25.013588
3.8320162,81.080086
41.231747,-45.238102
74.67233,-66.51958
13.697239,-39.303894
16.505829,39.577694
29.2381,54.514732
-3.314382,33.88564
-83.88926,45.369137
36.06203,-41.45686
72.59337,-20.076801
-84.03503,44.848763
26.690948,13.419205
40.15934,70.21615
18.147066,51.757088
-7.6043944,-55.655823
-7.9238634,29.923492
10.313374,-67.54215
23.808672,-41.016335
-37.511715,61.356506
82.667496,-63.20122
19.03957,56.60255
-18.480183,26.63266
-0.57889503,-7.2302637
81.23329,-19.020815
24.367897,-37.37825
-1.1487257,3.8217492
51.97748,-27.977287
48.699596,-40.694836
-12.37203,28.342262
6.5392857,-12.612296
-38.9128,-27.633825
30.038317,-4.071239
36.712696,-49.957012
-40.52703,-6.5445867
-21.177578,12.254021
-30.745394,16.71681
29.487085,-34.261196
22.219828,62.886913
-0.6188177,28.962826
26.241587,-55.02394
-57.51257,45.436417
57.43987,29.421762
-63.511124,59.81278
49.28464,-35.350998
-20.900026,27.515078
-7.362701,-55.656223
-86.40706,25.666649
29.62377,-31.190165
-33.104717,19.580061
-54.119175,-13.608875
-60.03847,53.66883
-6.438611,6.60799
25.755331,20.982716
33.37251,-25.14158
-69.22529,-1.5508909
30.456709,-41.746204
0.3343078,35.706223
39.485622,-54.121613
58.662243,-30.69395
29.40819,-50.245438
48.989674,13.771595
20.608881,-23.419807
13.557128,-77.03505
-59.57943,13.337504
30.124361,-62.500504
-19.612066,23.628124
38.63904,-27.18843
23.425575,-19.778769
47.49866,-18.309175
34.55805,-59.607468
-9.793588,-1.1396705
-36.161934,18.398418
-21.717838,16.584421
-17.931694,24.856434
-82.29751,30.633373
15.894673,58.76745
-15.699563,14.337157
28.978048,-21.136114
23.499369,-38.57676
24.041492,-11.307719
15.81136,13.161401
24.861012,19.179165
40.92539,-49.472584
-39.53134,16.455467
-19.8034,20.120483
15.702438,-76.12189
-40.53218,85.66122
31.919996,-45.726967
20.599571,43.415596
-4.589288,3.166183
-6.7102904,3.037641
-33.92468,-23.54535
-20.995903,47.824093
57.277237,-74.45522
4.2494855,44.50724
15.328811,-36.61463
-24.226965,14.679009
14.044561,-21.89504
-29.864035,-2.9504828
-7.0910716,-44.424175
29.317799,-9.920035
-84.97687,31.801174
-11.733521,24.194843
9.085998,39.261944
28.609234,-57.144127
-27.197042,29.409979
-61.72518,-23.17495
-25.12847,26.208912
36.36011,-27.975525
-24.477585,24.265518
-21.855494,-16.68752
13.1236925,40.31528
-5.484899,42.35997
-65.43076,7.995727
-2.0890822,0.7471144
44.633858,-3.9721627
65.66797,-48.95242
18.951963,53.810585
-13.195823,60.739273
0.6560931,31.778582
47.268047,-55.127983
12.842083,-6.351289
-30.605997,16.743706
-12.811036,-49.267067
-81.11467,-4.8624525
2.9002082,58.17978
-80.49483,48.93579
57.155968,-27.362623
-40.008118,-5.9735045
5.7845645,35.877583
-12.764006,8.241374
20.706999,-11.662268
-30.336699,15.686285
19.468296,46.536892
-26.401808,-36.62033
53.71145,12.565143
-3.8591857,26.165016
-12.026996,-52.922874
-75.44417,52.683563
-56.040123,15.07635
21.213259,61.867123
8.114987,26.869965
37.481968,-67.223625
19.081072,4.747339
-27.342306,25.243574
5.709157,45.10269
17.280264,-69.11372
16.096313,47.06632
-38.668034,-4.076142
47.154736,-70.23933
2.0646358,31.179346
48.907314,12.923332
12.68705,-47.93951
-32.99348,23.844135
-7.8338866,-33.33388
-75.52046,26.139244
40.85722,18.12796
-47.80812,7.027153
-8.716858,26.896008
-55.718323,34.439774
-33.45463,17.098885
12.958587,35.2613
-72.15133,61.130188
2.3224494,50.564182
6.835315,-50.239838
10.701938,45.889153
-23.3946,25.434723
-32.860764,23.187471
44.69122,-28.956568
-13.81974,-2.9227376
-42.459335,23.196438
3.4716299,42.140533
-71.73382,40.560303
-15.885698,13.76591
-9.612824,26.802917
5.497502,-68.92663
56.75766,-59.65986
10.510066,80.21877
-56.110863,20.786503
8.353904,32.45717
22.643301,-27.05488
-18.179369,-1.1655325
42.587177,-50.14309
10.598615,-15.926926
-75.68591,17.754433
-16.934738,41.213303
-19.423622,10.083616
34.52215,8.84896
22.382126,-12.53079
-17.203009,28.693695
38.833508,-39.506096
-43.0475,35.61081
-11.6887455,-45.543953
-16.9669,22.811272
19.107147,56.77748
-16.222692,4.126141
6.5346355,57.43801
1.3240795,-61.033005
23.082718,65.30784
41.688137,-26.847637
-34.429176,20.513206
-38.896275,-49.909786
-85.26541,27.662785
-37.724342,17.456367
34.019054,-31.098734
-55.16955,61.24189
34.84749,-66.8637
-40.076973,18.104403
-6.4625273,-28.701357
-40.227707,-45.552734
49.260735,-43.542747
13.60078,-9.163679
-25.985006,43.361324
-36.758614,17.810053
-35.559826,10.874217
4.6583443,-19.606953
19.699705,-60.158264
-0.7170883,-60.40858
-69.475105,22.074192
65.68299,-54.69042
-41.793045,8.961527
8.317665,38.940346
-7.5617,10.997558
24.6593,-54.597954
24.63177,-55.854713
-18.598074,-40.291866
3.015236,2.3393369
-39.92835,-12.420415
-52.98425,22.94101
-17.227423,26.661415
2.7936003,-32.51399
50.76331,-42.29897
48.647717,-63.69791
-75.558784,39.891853
8.159457,32.864807
22.871778,-31.10409
27.767447,11.255902
35.60445,-24.651022
-0.12719058,-49.603283
-34.6462,-7.1034217
-75.63922,28.153105
-37.761242,16.976242
7.6151757,32.751522
-68.23388,69.535995
9.762325,-31.000053
44.24115,-30.23858
-20.603687,-15.143406
26.06707,-46.137257
10.711239,37.310745
2.1313555,36.59558
-59.49536,35.847347
-11.061572,-56.56013
-23.119757,-39.570435
42.37016,-47.915638
-51.31233,18.851315
41.10959,-27.119934
-34.306046,5.756302
-5.8963385,51.95577
-46.55416,51.14421
11.743941,38.611427
-74.693695,21.32336
-44.933315,20.943878
41.449543,-30.866055
-73.91521,-12.323578
4.6792374,-68.34302
54.63526,-31.884285
-61.64542,32.345005
4.0029163,-64.738945
4.4363275,-32.39393
-65.951485,77.30848
-10.008407,-36.36577
-1.795651,29.812407
-3.2996817,71.559135
-69.44775,46.582283
36.280796,-42.422638
-85.96678,19.454988
-31.348694,23.689342
-11.070937,73.61315
2.7435405,51.514538
70.16868,23.18453
-7.5438757,40.78376
19.495005,48.651604
-34.807384,10.260241
-24.325176,5.2918286
-86.6436,28.148968
-17.289068,25.955898
66.58072,-13.668937
36.19584,-26.229195
42.908318,-7.7386007
5.2234516,29.79208
-76.75114,48.28503
0.97578824,20.134497
-26.738274,-35.035038
25.691505,-30.879044
-3.966581,25.407906
-36.49059,29.72123
13.8922825,83.11515
-53.74251,44.22042
-2.281938,37.646343
35.767128,-85.48626
-11.735005,-19.506462
-63.52763,61.007053
24.459534,-37.794834
25.435255,-34.901623
-37.753902,19.463587
20.12547,25.768967
-4.050325,8.72356
-20.430283,-10.652667
-66.85182,-18.992697
-1.3844599,37.476006
32.04514,30.177639
34.455738,-29.691662
-18.089386,15.9126835
6.1773477,33.495644
-32.596195,26.70885
85.815475,-33.685295
4.406777,34.895878
-0.6421369,38.378853
-3.238673,46.45754
83.2955,-43.90407
29.399345,-20.661678
4.3280497,-45.811165
28.844376,-29.64631
0.895437,-49.183475
14.7622795,27.58417
63.61484,-26.722809
-66.92954,7.168113
-32.844463,-8.156287
-85.141495,36.180473
39.273945,-26.84256
-22.696337,14.182402
38.983086,-54.16313
5.9386477,35.47732
23.048483,-63.680576
-17.294708,26.514107
-28.50783,97.21491
-0.47751203,30.505405
-51.008324,-8.374821
37.394726,76.738205
-46.808342,44.556396
-72.187904,51.677433
-5.044914,48.773407
20.850521,-62.71451
-38.109245,33.173355
-46.51825,65.85425
29.299997,-48.25561
24.052029,-37.20754
2.0546095,30.422535
-3.4502625,-48.84381
26.419432,-20.085243
60.307014,-40.49192
13.605172,-15.627793
-18.029005,36.015263
-64.63734,37.66154
41.694115,-39.953785
-20.056173,27.089645
-49.52531,-21.104988
32.807186,-35.513557
-9.940558,14.481758
38.865494,-34.05903
38.67358,-32.17634
77.79635,-36.372765
-32.461246,20.090782
3.7085114,38.455826
6.022492,-48.174698
30.05719,-24.223267
17.936619,22.544266
28.190147,-46.938175
7.7048845,-40.632202
-11.800849,23.617393
52.364857,-47.417152
32.708485,-51.491367
-48.946033,24.050312
14.009565,-3.9509544
-51.06631,30.097576
-17.873373,12.706667
67.12659,-31.188257
26.626715,52.012054
50.998543,-73.052055
-39.191498,-15.533818
-22.34885,47.452858
-63.825184,62.57111
18.936617,57.07454
-34.967648,34.437225
2.931876,-33.259674
3.3350136,28.292278
-34.344288,21.949677
-6.2034736,4.2110023
37.69064,-62.98125
-79.3313,51.62545
0.6643024,-5.5908713
-41.885086,20.263197
-12.179783,48.44621
-72.20102,61.333794
3.298285,41.298588
-27.212296,15.435605
28.17478,-13.012329
-61.456543,-2.382406
-83.37796,33.72522
-0.76698655,36.44614
-80.82497,31.479116
5.3013034,39.761627
72.36197,-14.574354
48.580708,-32.48945
-34.023613,23.040627
-60.57164,23.437494
-12.459126,-10.164825
-19.851665,-66.04406
-32.579597,16.169819
38.330536,39.396824
19.234358,-14.65811
1.1880147,-49.35816
-67.18907,-4.9959855
-12.231622,24.49899
-69.84379,21.15393
35.28536,-26.772047
-14.03385,13.631302
-15.045803,15.373016
12.594881,38.69909
-29.534685,15.624083
8.316787,71.662636
-65.29425,60.65238
16.50222,-67.42631
-16.814148,-22.232904
27.697039,-25.331486
25.592531,-0.8951692
-36.40011,20.137848
-28.408247,14.961086
62.393513,-9.84905
-81.06197,-1.0447271
-67.370605,-8.137821
-38.420906,19.495834
70.683685,-28.906454
-17.782013,29.957146
-20.985872,13.645721
42.29545,-1.2269982
4.775307,29.227093
-8.938501,41.625313
-48.663815,20.576675
-79.26618,23.281002
27.03589,50.54839
-17.80643,27.981945
-31.545294,26.4958
37.65484,-58.60268
11.113079,13.649675
-33.371967,6.047574
47.921246,-70.22944
70.54854,-51.384617
-44.954975,38.590675
13.212711,35.82418
-0.6916745,27.11952
-6.0631976,27.293755
-20.877865,28.090813
-1.2103363,7.5286016
-21.226444,24.660997
34.36073,62.107685
33.00353,-26.380106
-4.1178193,49.470932
-39.402008,0.46166313
45.779327,-36.531788
18.78007,-57.55309
-2.8807435,26.495863
-7.7081223,-55.2768
-77.63404,55.695522
-7.10427,24.714806
0.60183454,-34.072624
-40.555645,-5.5832605
-14.602082,-61.97511
-55.148994,21.829731
74.64186,-63.49688
30.295633,-24.977213
24.430105,-48.452045
-0.030074116,24.994267
-32.511585,23.19535
33.268574,-45.333725
-16.833776,60.325607
-33.03996,22.881691
-41.481575,4.6927767
0.003777042,-4.1039395
63.928837,-44.810406
-39.14052,18.012854
-21.578766,26.4292
-8.578873,9.213282
-33.73028,-13.781808
-14.64397,33.34611
4.560355,-43.186565
-33.42151,14.792041
16.271986,-75.00686
-31.031277,27.981956
-0.038652238,33.055206
4.1744103,21.796944
35.506294,-14.826815
-9.682152,27.992132
80.61498,-33.55216
11.2379265,32.580276
-74.84508,65.12962
-47.357197,52.507286
15.796829,32.3336
-42.55269,-5.6767974
59.547718,47.32718
17.045778,-14.465647
-32.028362,17.24806
-50.576733,-0.88826406
22.054716,-70.58288
50.075207,-63.594116
50.310833,30.972137
-31.007118,16.231913
45.647015,-27.444294
1.0057293,40.460415
13.471532,14.795842
10.173006,48.915646
-24.591663,36.44334
-0.3279943,35.62123
21.161669,-57.643867
26.534061,68.50006
21.61035,-58.871674
25.176363,-27.877558
35.770878,-31.595545
45.70539,-29.246702
-69.17316,70.38622
13.275348,48.371944
30.782831,-39.42256
-5.724918,31.590569
-4.3798747,-5.314681
-67.97537,23.085297
-11.84658,23.277447
-32.7319,18.275982
11.193875,11.0903425
14.092168,-4.6413937
-32.23607,24.570934
-1.0982294,26.03882
41.40229,-31.201416
26.960363,51.169342
18.057318,-50.700638
54.620453,-70.8119
14.601072,-37.047897
-58.39826,79.145744
-4.827425,-2.2542462
-36.622433,38.767868
-54.908073,4.511031
-45.93914,12.078032
46.45178,-37.783382
80.18535,-20.294708
-67.54335,39.011856
-3.238843,47.992157
45.16769,-30.701828
42.019657,27.66917
46.051395,-65.930855
-33.918297,-8.53414
-20.400095,6.5240383
-24.58977,26.473673
59.558804,-32.043457
52.316963,-54.88002
45.123043,-44.091835
37.756596,-26.565382
-2.6156094,45.29831
28.197165,-28.459486
-33.054157,22.961046
28.151392,-38.08251
-25.320759,15.451271
-8.506295,25.387024
38.128803,-48.6355
-38.830135,19.796684
34.31531,-42.562344
-24.824154,14.892537
3.4575717,47.39466
-13.729288,31.726856
52.0267,21.212479
22.847425,-38.728615
-85.892075,9.605906
-71.7868,73.676216
12.127128,39.973644
65.83895,-30.311382
37.419666,-19.546549
44.962727,-28.902657
23.516615,76.36356
37.212112,87.49915
43.147644,-32.379982
-7.814232,4.498992
20.238281,50.954952
-15.379804,-48.102615
1.3048465,58.015182
2.9103081,-35.996082
-8.693527,-66.49528
16.300108,43.99258
5.9309125,25.790016
-15.862321,27.010612
-15.682611,72.24186
-82.51984,49.254562
-31.500288,4.214234
-47.87033,20.46059
-41.489887,4.6743884
13.750468,-15.340685
-63.452526,29.698849
-31.547533,23.528934
16.28261,7.3107715
29.513548,-31.501606
64.06438,-16.484392
-35.162323,11.512253
19.702772,-46.574512
86.84207,-21.335238
18.358786,-43.544415
-84.79043,41.044273
-70.06593,50.797653
34.115,-40.2585
-3.7847323,-13.438145
-35.589264,18.113623
88.93871,-1.7650013
-36.713676,55.220833
-14.092545,2.1397223
2.2747233,30.34497
21.4381,-40.192425
22.446436,-48.1233
23.553804,-2.1830683
21.768793,45.81123
-38.63058,-36.85821
13.741084,-52.705257
-27.967588,24.02689
40.36227,-26.520864
-59.10457,37.36648
-86.558914,29.958315
-30.306763,-8.348799
-71.86537,25.953465
30.213346,-34.607185
-69.25432,23.563892
-25.899778,-41.0412
8.360661,-51.078274
-32.517384,29.24275
-56.785015,-24.975918
-47.33222,48.50543
-2.1077707,29.28465
14.298641,60.55626
19.256891,-15.222334
1.2841485,-27.170067
0.9727622,27.327381
21.079569,-37.66879
-16.508238,23.87265
-4.128467,-1.1785622
-7.802319,24.244923
18.395273,48.30385
-81.785324,49.68981
-11.1283,7.491663
31.717709,56.709522
-69.15507,27.707228
72.906296,-9.685573
-32.76361,19.749523
-59.599045,70.88393
-37.37442,19.990894
9.696241,37.836193
-0.93259126,39.24306
-34.63879,6.535902
58.869667,-68.65168
20.855888,118.78995
10.793441,36.922188
43.248425,-55.166733
-54.79391,56.517044
-32.729336,22.255436
35.274643,-26.245317
28.227415,-46.69296
-32.002605,16.83341
-22.13164,-60.716938
19.890501,-53.554348
-8.861881,13.064127
-71.39817,30.672413
-62.175934,39.085342
1.7796257,29.765112
-69.176094,30.526812
-13.624321,48.39404
-28.28303,15.301281
-35.348183,4.724344
-17.314196,-41.589874
20.363115,31.947695
-85.58725,31.745544
29.296522,70.65214
-11.308302,-63.96113
0.45516622,33.236694
21.55977,55.427383
21.37346,-35.89077
-32.735107,38.077408
-44.138603,68.87346
-53.07657,47.70854
-19.150145,24.283768
16.1242,63.800396
5.023365,-38.83663
2.6790318,-23.383125
-24.187126,-15.0218
1.8978853,-18.834835
-17.612623,72.985085
30.91517,-45.87825
-45.122707,5.446125
-39.809162,-26.862429
32.370487,-24.71359
-42.011524,35.192772
15.277116,59.22712
-25.954031,-36.413475
-31.210608,42.41452
-19.683962,75.07798
41.526993,72.89654
-50.652115,29.277813
-40.30292,-10.268876
84.55779,-34.4184
-24.067602,22.119267
-19.571745,-2.3850143
-0.35282147,33.222504
39.28406,-9.298559
-30.29086,-1.8461044
33.14489,-31.485016
-73.80051,45.32788
12.609843,-37.488716
-70.72151,34.75488
31.30709,-59.932888
9.476847,-35.746716
16.957848,-14.299165
-4.524791,3.7634444
-42.03153,43.332245
-62.060776,65.31719
13.463813,-60.03664
40.608265,-58.59307
-18.36016,27.013313
5.486526,32.034836
59.802353,-34.581882
2.7638166,30.566525
4.6345453,49.097313
66.89151,-77.45803
4.4324307,28.371767
-9.018517,26.386646
-74.23031,43.17065
-9.695728,12.377172
23.62182,-43.596523
18.584322,25.554544
15.533345,36.54567
-33.829987,23.169483
15.309081,7.213828
66.98935,-30.183685
-26.675674,28.5786
23.081179,-50.609207
61.64561,-42.95465
36.78354,-33.680496
44.619705,-56.979465
23.249601,74.62357
-24.550928,-35.910904
5.90009,-65.71488
-38.058483,15.080425
23.439722,-34.484875
66.10938,-25.1596
-55.16199,-10.871641
-24.129711,27.079529
-50.641293,53.57963
-25.883623,15.116779
-2.3591104,39.22327
50.369774,-40.26718
38.689137,-29.108873
3.9661906,-1.5962937
21.402475,62.637535
17.442236,29.729694
-66.70676,39.55123
-82.59211,-7.3301935
43.440956,0.42700326
-40.090374,8.983732
-32.698826,-35.036648
-73.4812,64.64942
-24.133326,14.679731
-52.422554,39.210392
21.020308,-17.36545
-54.111477,-8.093311
-67.38117,-12.862599
28.444738,-31.913836
10.675118,-61.37904
-12.6037445,-64.95824
-4.1738973,26.350552
-32.757668,20.879478
0.86910176,41.66134
-64.7676,-7.9059105
-84.681076,41.4318
21.688063,-15.184641
-34.8096,40.362556
39.584557,-23.232676
-55.82779,33.97045
27.114632,-53.220665
5.3424473,33.297813
54.710087,-35.56412
0.6029823,43.34117
-60.50794,64.77587
-31.744205,16.941008
-25.715805,34.908585
-31.310377,0.32512343
43.920845,17.834356
26.00333,-68.15368
-11.405401,12.024794
19.022264,-14.566767
-32.867672,16.146814
0.12266256,26.555689
46.57416,-9.17874
-18.027332,4.9673934
-7.116139,-2.113006
-32.835384,21.31156
17.685194,16.192335
26.648333,-11.595224
-38.23355,19.474918
-38.709305,34.691628
67.540504,-60.324207
-2.697823,73.98563
-20.143167,-35.875877
-27.95753,26.00056
3.0481572,30.32278
59.042454,20.39357
42.760094,-67.51459
39.593113,-25.095354
23.399742,28.381453
77.987755,-47.141533
34.888622,-15.783845
-24.094704,31.67022
56.024025,-75.19541
28.249098,-30.963354
9.856959,2.7012043
-83.248314,3.8086805
-32.92501,20.475723
3.7647612,35.661423
3.9971735,35.34148
-72.01906,12.455997
-48.595734,21.267544
2.1404533,38.03114
-3.838807,69.29392
14.995784,36.169617
53.414112,20.00933
43.592678,-55.90123
-79.95884,46.955513
-85.28418,21.54361
38.766575,-34.505432
-32.19122,-4.1148534
8.980382,20.436798
-63.07646,11.598164
-22.931545,-31.11562
-36.772205,-14.3310795
24.591093,-47.002434
-23.487835,7.000489
13.385858,70.9145
-21.437128,15.319757
21.111034,49.721825
-6.8230696,-1.2688901
32.885822,-23.826992
-21.511786,-5.0798416
15.094046,-54.22087
-25.520803,42.07271
-33.722652,19.456804
-17.188728,21.26601
-52.08997,37.63368
1.3444544,-5.2229676
-13.92857,-40.798096
17.586176,27.493782
34.26183,-22.395922
76.1085,-22.514471
-40.302322,11.4292755
38.448635,22.894691
33.194897,-26.07455
-8.583187,42.76965
-72.89115,14.723797
-75.59435,57.088837
-22.949152,-35.726353
3.48292,34.64451
6.0899305,28.812855
19.078669,-65.88569
11.479959,-15.40503
-3.9357684,31.754799
9.021181,50.378174
-27.322704,26.496834
-21.232851,-17.254656
67.83247,-32.426163
-5.4402046,74.32191
39.313374,-14.461013
-16.068285,55.643547
-35.066875,38.859077
-21.926119,-22.949924
38.135,-37.71519
-15.450822,-11.45778
5.092633,51.54504
-76.995155,-0.66792053
-22.60372,56.59439
-41.01073,9.027209
-70.12757,37.062046
17.07984,59.196533
-27.078423,27.430311
-1.6422548,7.598252
-34.941074,21.044218
-34.157352,-19.408875
9.407143,-20.928053
-28.980791,29.160856
-59.684032,90.727455
-18.154127,3.4524703
0.81210476,0.7226907
-35.424034,-42.03537
-25.305254,14.800884
-61.879818,46.56575
-83.58997,46.46116
-7.142759,28.618729
54.75014,-20.973701
-39.645752,67.76204
-37.430153,22.582098
31.054493,1.1901852
7.9095073,61.950184
-30.97217,33.672955
23.145796,-48.262505
-23.72998,31.144512
27.159393,-24.921099
31.167347,-24.685644
-2.020552,28.091764
20.701376,-33.881397
-87.17329,17.51633
29.268106,-66.30243
-86.83249,20.616608
-16.11831,-38.80231
0.13705765,3.9726024
13.699244,-47.34177
-27.504442,-57.430454
25.011257,-13.8524275
-63.404785,33.44279
26.886955,46.03323
25.164783,-32.353878
0.34738135,30.040184
21.732141,-53.511185
2.1196344,-59.471096
-17.305737,25.37104
-65.78141,3.1624231
68.311195,-18.03023
22.768425,-24.192482
17.20807,42.29448
-51.13947,-13.981731
33.90651,-39.38038
-53.338623,25.488647
-38.31483,-9.410801
44.240032,-6.132629
20.84118,20.004963
-10.032237,7.6784587
25.320465,-60.830956
-33.35388,15.532141
-53.802635,34.83185
-5.898777,28.738256
-14.363439,-0.9106486
-9.060897,26.483284
-0.88034433,26.443727
6.2014666,2.2653928
-9.605494,3.1301403
2.1068625,4.569629
-51.549988,30.626198
-45.528038,20.393646
-10.044522,-47.392967
18.413237,-32.805504
-30.48263,27.182783
-9.230226,-4.2692904
-79.88831,34.94459
7.9058394,-53.00477
-26.624763,30.06664
-78.215164,50.46281
32.611828,-27.3416
45.482407,-27.765484
22.33327,-31.028309
4.847921,-0.7622742
47.842396,-18.365398
45.854134,-12.082685
18.792599,45.71768
2.8591664,35.348885
14.589301,-40.254894
-0.9435963,26.088428
13.974913,29.594337
18.223356,-12.4585495
37.309994,-65.152916
5.011243,1.4612176
-57.623436,16.301493
-75.28525,56.859676
30.22191,-54.08815
7.0067453,29.80098
42.643513,-36.610386
-32.453575,24.64212
23.896135,-49.735798
4.553225,27.011436
25.392218,80.196526
-27.222507,20.518425
14.661309,-44.581894
-54.4246,-40.23653
56.50359,-57.069912
-38.04503,19.508389
-23.317186,-39.18177
26.767015,-55.68983
13.17912,-51.467735
26.6239,-22.064812
6.424125,47.808853
-32.956676,6.835222
67.03369,-5.6382356
11.356963,-72.86184
18.296965,-31.646193
33.441677,-35.56302
66.98331,1.8429173
36.44767,-23.793222
-34.509953,18.899525
-29.22992,11.814715
34.78728,-28.684656
-39.58834,-18.662413
-32.43186,20.768946
-28.19811,-42.77656
-24.302107,25.197145
-15.683108,48.809998
47.661343,-56.823723
28.142838,57.831734
-30.701454,59.41327
-3.8767335,-67.83868
-16.404417,12.711075
-22.532547,30.312878
-27.525875,14.948993
13.631702,-46.8921
19.17705,-18.501099
-35.017708,14.763733
35.04234,70.25751
15.819385,-45.887775
26.280733,-29.946636
3.5376835,31.561172
3.567626,30.71304
44.121216,-34.095207
-67.64409,10.422334
23.516138,-20.0655
-26.785028,14.845939
55.47292,-28.162035
-20.983461,13.69653
-12.173918,50.71949
-38.120186,-18.55794
58.5805,-32.59745
-19.25415,-48.500042
-83.72156,43.661613
48.050503,-29.312881
-75.732994,60.017982
-78.96037,18.64088
9.103952,-23.779726
15.709349,45.10853
-76.19391,-19.639927
-25.884615,27.326536
47.729923,-6.1716323
42.452854,-23.863914
-23.928612,14.535854
4.687316,-7.39823
27.529448,-58.593933
-23.364721,-23.62017
21.868986,-14.355667
48.15211,-13.808833
49.603096,-25.782276
-16.248365,46.44085
7.8314953,50.562576
32.888332,2.0992823
14.103368,-39.058716
-27.407528,57.57825
-41.70833,7.0897665
-49.21823,-27.51529
-63.696278,1.1107634
11.934096,-33.97679
12.117315,34.726395
-40.217346,-9.3409195
-20.996756,-9.334592
-1.323801,-50.406708
-50.304153,25.156372
78.77862,-39.25853
-79.95369,52.740665
12.952399,-12.07944
36.356174,-26.956629
2.0156357,-0.5725618
-15.355306,15.703427
-16.977676,23.756874
-1.2543179,41.604706
59.908154,-47.675552
31.041332,-51.221336
-26.259405,28.804607
-33.00023,15.272421
-35.386486,22.316212
-2.0498493,-80.06674
33.68194,-26.909706
13.540726,24.358795
4.346879,37.399242
-34.870544,17.851833
-59.17824,26.335226
33.560078,-5.934604
15.9107275,-33.02218
-38.53747,-9.68543
3.371744,59.435486
26.785118,-81.15722
-34.266468,17.463959
48.46112,0.091354966
68.08613,-37.54108
-8.982333,14.292915
55.19385,-21.768251
5.3162394,-5.21195
-22.993116,-6.0108495
15.239203,-67.44688
5.440195,41.394115
-64.65095,35.145813
-16.584469,14.599219
17.020144,65.47097
-9.426661,-9.386195
3.463349,92.90243
-29.906178,28.900906
27.823395,30.968336
-1.8556889,55.580826
-13.183989,-48.472652
-41.77077,17.573393
33.714092,-19.143019
9.313466,-20.87677
38.78043,-28.86095
-54.373432,-23.302195
18.814653,-56.293793
21.646734,-16.613216
-29.147076,27.82676
-41.96204,9.723097
-29.031736,14.978285
-7.2325487,29.086752
11.526826,-34.00199
-30.08015,29.264023
-17.956793,-52.728973
32.26606,-32.66101
-35.090755,35.63092
33.128677,-63.562904
-57.06649,5.676725
-32.99863,23.435688
-25.050571,-39.415226
-62.885124,40.40358
-23.115713,22.915684
24.285204,-54.206135
-57.747147,53.364502
65.27966,-0.26341248
22.064648,-41.852062
45.003742,-31.887474
-19.33104,13.206162
49.90028,-54.9371
0.2634914,-64.41007
-13.37335,25.030891
-36.1278,21.101086
28.697973,-55.200466
-18.885366,23.169367
-68.969284,13.196844
-59.860737,39.921425
42.27304,-38.938755
31.272213,-34.28761
-14.274626,25.184338
-31.44626,-55.913597
-4.223206,27.88367
-46.41144,30.206263
10.156143,-25.427633
11.959668,33.885643
20.694353,34.707294
-51.77648,-28.087078
-5.8967047,10.119237
-33.986576,-2.3854873
-18.497839,-2.8293126
22.977312,-52.403656
7.4997597,32.124344
60.27165,-46.437298
-84.333855,40.181534
-49.74982,88.54424
74.04103,-39.330364
2.907624,78.99552
-0.2786873,33.219135
-22.539936,-4.608668
-34.050137,30.159803
27.583532,-38.915974
34.14559,-70.48333
35.94842,-42.404972
29.395838,-58.365253
-39.438705,25.953873
21.021635,-61.676964
-36.98673,15.015741
-78.685875,44.664337
-8.034746,12.8624325
-76.419495,30.74154
17.178957,-41.16114
17.482323,50.451965
-38.945953,-8.882522
-2.718321,26.528181
-16.848202,-31.051737
100.125595,14.873469
64.229034,-32.905624
-28.219604,14.866545
-16.653646,-30.100765
52.040653,-61.91544
11.457873,36.22009
9.622677,-16.179506
-42.03809,31.839869
-0.9721664,72.48554
-26.375874,14.86967
9.500057,8.47289
-29.574099,15.278379
47.85452,-55.04026
25.174622,52.256207
-26.945406,39.074596
37.612087,19.106434
78.40559,-73.98996
-25.811966,21.704655
24.54717,-42.2105
1.7574542,38.413544
-23.267942,2.4037232
-73.93175,-8.876318
-84.151405,19.397453
-83.862976,43.38543
-13.942603,56.992126
-78.91651,-28.042137
-55.765602,40.56408
14.145211,-56.331112
27.850681,-31.155693
-32.82112,17.229212
-2.0211856,33.98928
39.984,-7.959392
-84.80677,40.52021
-40.318104,-9.605563
2.3364866,30.261875
41.31741,-18.525433
-13.180446,-5.43378
-68.66242,-13.444872
9.111889,-73.39715
47.84275,-45.686825
-65.43573,1.3883895
14.834029,54.196274
-2.8126297,31.864176
38.19875,-31.755735
6.4108143,38.17337
-1.9087986,36.88348
-28.283844,-41.11154
-53.068794,28.740229
-62.116096,21.49744
-17.181496,25.850534
-30.063036,31.708612
25.851645,-11.03939
64.593,-61.618244
-17.980112,53.94082
-39.629307,-12.910513
46.591057,-30.07799
-33.41588,19.135347
41.461548,-24.281057
-22.875376,49.959793
85.18416,-16.187992
-32.86974,37.41727
-45.970093,-16.5761
-33.319176,17.533161
32.651478,-25.497166
-39.433937,49.363686
16.022058,-35.89112
-41.304558,7.406623
-6.1618752,-60.745148
-76.9012,58.472923
28.662756,-28.29689
27.155378,-32.905663
-21.233536,34.55243
5.753723,-42.182434
51.70847,-26.358807
86.85271,-49.19712
-12.731813,31.98265
18.711525,67.94695
-2.059787,57.533432
-78.00955,29.978148
-23.35933,-34.16386
-0.3407007,27.018566
-15.982878,0.04676497
23.239962,-38.93654
26.756292,-30.677736
-60.47674,26.612314
56.806396,-16.079458
27.725458,-32.905003
18.857498,58.29573
36.13976,-18.279829
24.182516,-47.151978
4.7533984,31.005108
-22.742048,-25.683744
-4.1851034,27.631557
103.63006,-22.851603
15.181408,-52.728046
-62.146362,-1.6967305
41.346714,-7.939932
-37.314777,11.572542
-23.436718,26.312937
61.227005,5.851161
-83.88375,43.540123
-43.420116,76.74376
16.176634,-64.22633
51.204483,-22.586939
55.031567,-49.46014
56.317684,7.927078
-5.064005,20.759996
-6.7705646,2.231204
-19.855154,27.050077
13.92244,45.583614
-58.28242,-5.0954523
-1.8250017,28.266325
16.008884,45.93561
-5.995125,44.844685
13.357595,-8.248654
13.074467,60.152145
-25.797312,14.8032255
16.562326,-28.264708
-37.991882,19.808521
-6.859904,-30.12987
-56.77417,2.550867
100.68065,-54.635967
-66.72378,52.622387
6.7347975,-45.839867
-62.87606,-7.1597953
7.8592167,5.2099867
48.79195,-35.87819
9.861529,-48.642746
3.014861,38.495136
14.340116,-4.224449
52.06193,21.915913
-42.55074,67.35291
52.493786,-55.388714
61.85751,-36.41352
39.50282,-27.82482
-9.15814,35.24398
-32.813507,24.110523
-35.616753,-24.258541
18.376482,31.229876
-38.046967,18.900154
2.7304702,50.073563
23.292963,49.497322
21.061914,-26.510227
-32.50523,21.201996
10.708312,39.71968
-13.463728,-20.768723
21.16052,46.875168
9.895033,61.08406
0.40880764,27.53927
-55.789917,-41.480644
15.977378,-46.754757
-15.898678,8.564386
38.592316,-53.33912
46.512028,-44.81835
-14.065985,7.019783
14.000181,-2.2555892
1.6887207,58.665024
94.63259,-77.49646
5.3132005,-22.310663
1.8569257,40.881607
63.36796,-45.93939
13.502259,22.736298
-4.875396,26.338491
17.857548,-16.42314
-55.97662,3.2867374
-27.122149,55.85192
-28.059155,46.89901
5.4774766,-2.629177
57.07308,-26.674202
-37.23874,15.048437
-76.07616,5.221457
-32.693787,23.495373
15.809636,39.388542
-40.6461,17.083021
21.491295,-58.37596
-38.586376,21.24554
57.33791,-42.12549
-16.843279,25.88932
-87.35549,12.936562
43.52603,-27.397268
6.228626,50.442223
4.175472,28.095142
-79.062035,12.014489
-1.4573618,27.341743
-47.806667,13.539661
46.328712,-26.690891
49.02078,-73.93281
0.5404856,-59.892986
11.8513565,88.325165
-74.16741,-7.774423
-45.949696,20.165554
-65.38184,35.521782
9.004169,31.873486
-20.323126,-39.610825
-17.862059,-55.543728
3.2476346,44.734978
-26.066126,-34.711903
-35.64318,15.056517
38.0132,-58.5692
7.7708983,42.755783
58.623016,-79.50347
-28.285648,15.39056
10.081372,35.10544
-19.74947,-45.491234
-41.68834,38.218452
-35.1441,21.895447
-62.581543,-11.659436
-1.8505527,-39.728436
-68.32729,1.5133618
5.2050934,43.540424
29.109787,27.044394
3.4036095,-9.4077835
-52.86334,-18.199053
-84.574814,41.520206
-52.85045,75.314186
3.3641675,28.844912
14.039093,29.066412
17.812227,-46.917355
-78.19288,25.693525
49.451572,-6.3668966
-15.31591,2.199378
27.159138,-6.147272
-37.81711,43.75203
77.18436,19.448067
25.892979,-43.108456
31.95473,-21.521198
16.998938,-16.296366
-10.7913685,25.701206
26.512447,-47.068047
18.863688,-8.337616
0.43931985,42.50567
23.010138,-30.197058
39.624126,2.2620502
45.62024,-54.288055
22.911829,-25.241932
-37.932713,-11.863468
-17.28388,-41.137684
-40.71759,0.49857247
6.3396397,30.440817
42.76894,-30.957003
27.284647,24.500797
8.531601,12.535905
-34.262413,19.648867
-78.6877,13.60471
58.823154,-20.386711
-77.91945,-1.7604687
-35.926823,32.02852
-36.19422,14.938095
24.195488,55.67121
-29.581207,28.353683
-13.593438,27.084278
-14.849024,26.03719
23.655443,67.02798
11.003709,65.50872
-26.452253,34.395607
55.365993,-19.421423
-17.764982,20.688473
28.572508,4.455106
-53.87161,4.591874
-28.401922,25.484081
-15.622399,11.389603
21.508318,0.07112646
18.52393,-43.68431
-67.34735,68.28081
0.4226293,-9.152289
-15.1051655,-54.782753
-28.100243,24.831121
7.6546764,31.454767
-1.7391037,42.10233
81.06001,-10.144387
4.116472,4.503941
28.64432,-48.430714
-48.93471,40.426033
-37.565823,19.10595
-70.00646,22.506
-23.75342,5.4136524
-27.356583,-15.758105
-30.728611,37.146324
-28.911583,8.61418
58.979626,-33.83877
35.7438,-26.373358
52.67394,-47.03453
-36.816154,14.843472
-6.816087,9.298576
1.1128767,28.796894
-27.964905,1.8504832
22.229513,-38.220364
20.799425,67.86326
-43.38213,29.704147
-34.236843,19.018456
69.662674,-39.167404
-35.486355,15.928425
3.8071373,35.96409
-15.049273,-2.4616282
-16.717636,-29.576656
27.409838,-54.060932
-19.140583,27.968876
10.998033,-34.732365
43.36648,-45.706966
-18.824005,39.53609
-70.95818,48.835033
-27.143404,57.36323
84.4082,-12.505797
44.2413,-11.120281
-24.728052,34.58931
19.751282,-9.962231
13.366644,-1.0178527
-23.370438,57.689545
8.687076,-26.60376
41.361786,-19.735985
2.4919589,54.263878
-81.359116,-31.636097
-86.3957,25.370623
-75.654655,26.422411
-7.243579,34.406418
-13.910879,8.460765
-42.06609,60.095284
-31.188322,31.914927
32.494152,-72.4657
-14.641986,26.744999
-27.19043,15.097926
46.774574,-47.76792
3.8073282,8.1833315
-44.939545,5.7889333
36.6611,-75.06504
15.966092,42.247475
-49.97008,14.245236
20.319815,-42.20818
28.483473,63.287712
36.245277,-64.63803
-59.21006,43.873253
3.946984,30.237211
-39.17546,12.822614
24.946493,-9.953383
57.275883,-33.543762
-3.0897148,27.3763
-31.9061,15.089799
-21.878298,22.303923
-1.0673223,31.505953
-44.13298,-0.86926734
-23.109838,14.36733
10.188255,65.4623
26.701233,-32.823753
22.218275,4.9852357
-5.7750926,-41.32513
-16.652798,-54.56492
-34.35301,17.308144
15.288375,-55.776554
72.97598,-21.757977
32.883556,42.565674
-16.883423,24.72303
29.86541,-9.201767
43.667763,-47.962845
14.449741,-43.767326
-87.30153,13.234367
20.582874,41.33242
-19.70543,-41.715633
47.2581,-67.78273
-33.394203,38.608093
19.041788,-26.536715
-22.196537,29.7066
-32.12159,27.801699
-41.198116,16.867285
-32.421577,21.010048
12.381853,40.657703
-82.1119,45.807083
-9.349394,78.185814
-36.271156,18.63173
-10.605991,-63.461025
4.8633637,-20.476942
27.627996,-23.45953
1.7896587,33.3684
-68.5431,7.581186
20.29844,-55.36415
57.783726,-42.778133
12.916413,39.006927
5.944625,6.535754
22.72074,-31.55787
11.140183,-21.28067
24.851126,-29.788704
-51.784157,13.412616
105.16824,-45.620037
-20.417967,13.513725
17.469122,-39.394478
-70.61758,42.740887
-70.493164,25.072758
-38.555813,39.083534
0.20786978,-49.25792
29.34431,-26.633165
14.290755,-23.02504
-18.301172,4.4165697
-74.30064,63.6287
17.14677,54.38198
-35.150253,18.140211
15.727654,-44.015533
-22.095276,13.631493
-5.360254,33.193317
-77.12492,45.771194
0.7864902,27.57774
-12.989357,21.235424
-29.176876,61.217037
36.956253,-8.544838
-76.38291,-5.1198735
-38.526974,17.970785
47.03285,-18.003473
-6.135062,48.123238
-30.793404,-28.091343
21.102596,-72.17351
-18.588715,37.337196
-52.931408,36.708035
4.764362,31.158699
14.493434,29.637142
-6.172061,40.581314
-34.640476,31.654186
6.2168736,-48.842213
11.533759,-4.444165
7.004924,31.398848
9.078329,3.172721
-52.564796,-18.57873
-26.406874,55.610985
-22.663538,-6.8047776
-43.43722,41.698917
30.562298,-30.985287
9.12319,56.44824
-9.433518,-7.207059
17.32324,-34.559708
-14.088096,-35.473534
18.962118,-13.577133
15.8924,46.09085
17.59178,3.367237
0.9304118,34.604385
12.02908,-5.1208053
-16.843332,26.83236
5.0144835,28.851898
49.543964,-45.073883
19.92064,25.688904
29.485647,-39.607048
43.738457,-47.27497
-5.1200576,33.502605
6.9729943,54.036026
8.460076,-37.147697
30.122036,-51.865757
30.423182,-26.266756
60.084957,79.25272
13.997674,30.955635
8.604167,27.360464
-1.2367874,43.008354
1.9825499,66.51655
-38.199253,-14.679846
29.151068,-23.212631
-67.55358,57.816154
-30.996214,15.208435
-28.811184,15.629188
-84.930756,40.277626
-54.89817,41.76149
-32.777775,21.758997
-1.5172739,1.4555244
46.101444,-46.43364
20.865702,-37.644783
-2.456301,30.950405
-37.08083,15.654232
30.04094,-27.452377
-79.37901,28.895498
41.220917,27.958939
-3.5964568,7.090795
34.58458,-85.52077
35.027546,-61.83077
-36.593666,24.363564
-59.908432,35.254776
-35.29961,19.347261
14.903401,14.057178
88.565445,9.864313
-15.955558,21.570528
26.82533,-48.95455
-29.13757,15.560663
-56.526833,51.209198
-9.198655,-51.934784
-76.67107,49.19253
-42.2503,46.795605
22.815096,-53.30215
33.39971,3.9616423
31.151632,-29.741478
-29.044622,29.660206
-24.910595,14.6355715
-56.181942,18.270897
20.652044,54.872017
-83.81234,45.887703
-8.96909,32.915207
23.32937,-38.143055
4.441319,34.978954
-30.014874,46.420242
4.418608,40.14702
-22.47951,25.10562
41.790554,-30.033737
-11.010112,57.74961
-59.28343,-3.8514526
-85.83805,34.743336
-10.890692,27.348421
-51.90373,48.926643
22.236465,-45.372337
-0.63019586,29.877209
26.767311,30.051035
15.904261,37.8053
-61.542877,48.912502
-56.001587,-1.1210698
40.05473,-31.526981
-29.350546,15.576294
16.587221,65.75262
2.9044442,28.40231
53.64436,0.040212035
41.150406,-7.308821
4.961816,-9.714436
-70.148895,30.671858
2.338923,30.031448
-19.349789,11.644384
-20.470581,33.3424
-25.779854,25.42137
13.574451,70.641014
-25.165936,14.934233
49.698296,-48.791603
22.505548,-37.916065
-34.794567,-17.77379
20.210625,-37.328384
17.854012,79.90502
4.1563396,31.202335
-27.709045,32.389183
56.559986,-87.44258
-31.177353,16.941977
-73.56925,2.6754522
21.247,-38.142693
18.354124,25.911598
90.52315,5.3206277
-13.387453,25.66003
-65.95908,54.49129
25.216932,-27.249922
-40.490086,31.195084
4.2190747,50.793884
15.911569,-25.541765
-10.410777,-6.36184
9.258864,-41.6315
14.329599,-50.95655
6.346369,77.90157
-28.907413,80.8288
8.799206,45.75999
-31.506615,33.543304
-39.225063,-31.677206
-10.792051,-41.22842
-69.20451,36.564003
30.80432,-21.364655
-22.766235,26.213316
47.114822,57.62873
-4.9208302,25.808035
47.307247,-42.328407
-82.09815,49.770355
45.19849,0.16881025
61.15237,-28.422762
-38.96628,-44.155243
-3.1759734,30.07426
-85.1146,37.132008
-74.44822,63.28476
10.1820755,-50.44111
-41.798073,17.061733
31.381575,-46.04264
-28.30291,-44.73473
-53.781746,2.9337106
-8.885037,2.920538
-32.360764,21.988659
-10.401424,38.317383
-44.11016,-22.0954
-14.4892435,14.983064
37.98141,-30.646646
-14.219827,25.64592
21.966463,-39.434086
44.50435,-28.519491
33.951374,-38.556145
6.8150744,30.177578
-22.114769,-47.374283
-7.273287,37.2883
-9.218377,82.557045
3.071898,1.3900701
-42.181828,14.340227
-17.27114,37.338158
-30.967163,15.937254
-22.953245,14.672277
32.03607,-25.183334
7.7237244,39.75197
31.295053,-24.60189
38.48386,-17.410408
-36.59643,18.57748
44.71462,-24.404865
-35.019997,25.893215
6.9397087,53.038246
-20.247337,20.067327
-37.349216,-53.522133
42.361546,-18.396784
38.56744,-26.419905
-40.84035,58.193466
8.821515,35.073162
-36.9197,59.472527
72.16423,-29.345438
-1.5860598,2.0892603
35.735622,-29.310661
-31.217482,-14.965896
40.60602,-43.807896
41.627216,-28.018436
35.26741,-55.739468
14.949221,40.37258
-25.844057,-36.402435
-32.800125,24.145412
-19.688505,13.48873
-27.801945,-35.69855
59.68134,-21.085394
21.13068,50.99589
20.513693,-24.167295
15.02112,26.081549
27.0648,-33.749825
33.416973,19.822407
7.960191,27.835428
-34.923237,15.485076
-34.88743,17.514088
20.576555,-12.855386
40.756367,-9.9457245
1.5768185,33.087124
-33.368973,21.340866
19.326742,1.9975871
19.119734,-12.704813
24.613914,31.257145
56.41239,-50.808636
34.220768,-10.753724
44.377132,27.979053
24.594408,-31.915894
94.1015,-64.67387
34.890575,-29.629513
20.77446,-46.15211
-0.2877332,44.701992
50.244797,-26.924284
-2.388964,44.587967
-41.40823,27.172733
-30.649595,-20.18232
19.551846,53.860176
-0.10428136,29.704105
-31.766117,29.356411
50.916916,-32.50798
-1.1367232,23.78376
31.38075,-63.144142
-33.956062,-13.437315
-23.351616,14.720787
-49.341217,75.23673
26.946524,-43.15269
-40.296688,59.231804
-0.21572396,0.8775453
-27.304533,1.8663013
-32.63532,24.471367
28.661148,50.865288
53.05792,-84.05112
-47.694237,5.477559
-25.018038,-24.70979
-27.689514,15.10091
16.597832,-8.466184
30.49251,-50.53989
-54.77864,47.254223
-25.5517,14.900089
1.4179897,36.74413
-18.403032,43.771538
-31.6164,-12.876868
18.993114,-33.34614
-71.916466,41.65069
44.938313,-34.498154
31.054207,-33.88342
6.329641,31.296144
-27.597523,15.125467
17.545635,41.996506
-18.735615,22.643204
-48.54813,39.544308
-50.18632,11.142342
-18.140188,-42.360332
24.437735,12.792117
64.26666,-36.568954
-12.759158,31.5627
34.629932,-70.40312
-6.90047,28.529642
-24.661335,28.618725
29.388605,-48.825207
25.960272,55.253895
30.92504,-31.616062
30.795927,-24.037659
-74.749435,5.6179934
-65.50181,36.117073
5.5152426,0.68110764
12.943297,34.275246
52.63243,33.85508
32.857998,-56.94804
27.919481,11.633633
-15.533733,30.35659
4.7187366,0.97931886
-23.369646,-56.383892
35.22835,-34.362034
-82.30175,7.2790756
53.272095,-25.833248
72.5172,-54.79527
-40.45039,3.1451888
-71.79842,0.62118375
36.914055,-50.526283
-63.170124,57.247555
45.93504,-42.21678
-73.24444,45.850094
26.924215,-30.14573
-40.384018,49.75762
2.0141792,-39.22223
-18.10882,24.43694
-21.186825,38.445656
21.951876,-37.291878
-15.805003,-29.05957
19.98887,54.139374
11.353771,67.286644
43.17606,-30.165276
-66.31081,11.056211
-55.748947,34.682377
8.527496,-18.061586
-31.290398,15.489336
-33.116905,20.478907
5.188099,31.948715
40.58276,-50.856636
-53.85372,40.40287
4.481487,45.30651
-7.528258,26.834202
-60.041794,11.351772
39.90681,-35.483078
