-43.99162,-32.049614
-28.057512,67.823296
-54.0469,6.5651555
-29.387875,35.22336
-26.818558,36.25797
-12.12669,-19.423351
-29.152266,29.250633
16.426954,41.27948
-62.323833,28.863821
-74.18963,5.64569
-66.98371,-12.443581
9.32291,30.522577
16.254862,-48.12321
46.594402,-40.498592
-59.429646,46.04609
54.421886,-39.463562
-33.703823,57.741596
-2.9349418,-3.1751552
29.95778,-50.37929
-7.963725,-34.538483
-80.29215,30.807346
-45.942883,10.40701
5.34748,23.352505
6.2605844,-58.786457
54.822636,35.849464
-12.639489,-18.070702
-42.383926,33.173252
17.471752,22.275955
41.41881,-35.7218
7.658917,-7.229714
36.535435,-38.359676
-4.507895,67.32412
-45.215836,13.30842
-33.83831,27.793488
-12.219795,33.00431
-45.144505,10.294298
33.50043,-40.609985
7.459249,40.92019
25.696863,-53.978794
-35.023087,-45.056644
11.9845295,29.688755
68.40897,-76.83895
-36.064137,34.02966
-36.365345,4.0500402
31.725836,-25.304703
36.963474,-23.762835
4.06762,-35.65269
11.747706,-64.48182
-2.3258085,40.250793
12.949935,26.960405
-22.618198,-74.030075
-47.431976,2.7598324
-23.48968,2.270224
18.66567,12.508224
63.129353,-39.04243
-0.089289,17.112335
-5.587654,-48.438915
-48.095116,26.648548
9.44054,-58.39211
-3.783352,22.957428
6.1948185,76.4394
-18.551933,24.668972
-29.333454,-12.091206
-39.773327,-11.273474
-21.740885,40.329796
-40.69754,6.953367
2.27136,26.022938
-29.551401,45.429855
-24.802574,27.147259
50.1858,-38.91345
-44.87583,2.9298327
55.518024,-84.81985
-49.22827,6.1001387
25.02138,-32.37905
66.57702,-53.089195
22.00607,-13.38228
-20.111649,23.323818
6.2622714,38.066616
21.811565,-21.152775
-12.372317,33.556686
22.86485,-41.133915
15.68614,19.0767
-66.67078,-18.186644
-4.786595,18.544273
-39.58605,13.9749365
-14.840191,-34.530632
-30.150595,52.87912
-78.16866,27.62126
-43.809715,-34.928257
-55.98194,-17.681955
-44.7926,36.19361
6.079436,23.87598
-68.15434,16.662876
-27.002857,-3.1935284
24.754835,-31.577671
-69.28881,31.170826
1.5862617,35.322884
59.55808,-23.9691
-23.133417,-4.1489344
5.490325,21.37254
-19.89674,36.18071
-11.129022,26.442104
-10.387209,37.19049
0.86151356,61.44625
-42.467617,10.0527725
-18.867804,39.588547
-55.66404,29.58602
-23.014627,4.2385283
64.08559,-69.69648
-4.519107,25.949509
-32.52217,2.5444741
3.1801593,66.14939
-34.8296,19.103117
-12.965311,-12.407649
-6.5938497,21.641844
8.372997,16.98147
-23.91194,5.67128
-41.135494,36.41061
-42.186752,29.856873
-3.305966,43.191963
-6.3236995,-2.0177372
4.17634,9.26108
-23.530262,29.83796
50.965267,25.341206
-84.257645,31.849966
59.629284,-28.284176
6.241846,52.281803
20.500738,46.679512
-30.393723,-4.997914
36.966373,-29.439198
-14.409318,23.621346
-23.140383,46.494385
38.268803,-49.841476
9.373368,-22.238342
63.191757,-26.859848
25.064543,-31.465063
-31.822117,33.849083
-20.50752,2.6520963
46.81552,-47.761276
16.610174,1.5438344
30.917639,-24.62967
-88.99427,-3.7319396
-7.3110023,-1.65244
19.64273,-61.4372
11.419683,-54.98357
-13.478125,-9.9930105
-15.734746,29.002281
14.4722395,-30.007607
-40.437595,-11.887156
-34.62426,-9.897059
9.628529,54.14247
26.484636,51.032005
-34.839237,22.847923
26.017569,43.26834
1.9081328,73.880455
-50.84902,33.948612
10.904617,53.792873
-11.513565,31.166166
-60.197742,63.673176
34.775692,-22.621622
36.88609,-45.05625
15.098465,-25.84814
-65.15297,34.099815
-61.946285,-2.179848
-1.3935276,46.781082
42.902653,-23.806742
-1.2696972,48.443798
-41.299023,9.557746
-21.527145,-5.687009
-57.45383,27.240576
-19.120628,-31.68969
-49.32443,70.34872
-57.80589,36.013927
29.754406,-40.89267
-32.405407,-14.393266
-77.55926,-21.793348
-1.1056801,21.37423
12.865644,-57.675804
21.550848,50.78927
3.7266476,32.521328
37.620186,-43.06986
59.662468,-44.305244
9.08486,17.068316
-27.03436,31.465
20.98166,8.953613
5.223093,-58.539635
-5.110774,46.74861
38.352505,-35.80974
-7.514409,21.223927
30.748594,-59.181244
47.126125,-37.507877
30.882696,-19.239729
22.6,-33.613605
-12.970543,43.5354
19.143986,9.136874
-52.241394,34.458504
-83.9664,25.549429
6.759055,-1.8750204
-48.621826,-40.197487
21.92623,76.21436
-11.222443,-10.753338
-69.047714,19.75177
62.71166,23.619854
62.5276,-40.071217
-21.26492,-13.720851
-69.1772,40.522392
16.291212,52.064606
-41.10421,58.553783
-8.992455,24.93829
-3.0834453,67.66508
0.74664897,-19.363157
-28.645613,2.0537403
3.8693278,62.93515
27.845556,-31.76656
29.39762,-32.98559
-22.07872,-31.495165
56.26664,-16.485477
-36.104595,43.721413
12.29064,-16.624126
-31.900518,38.73684
-29.944265,-8.65405
-35.689323,10.9879
-51.83866,12.916719
-29.470665,5.4445825
1.353338,25.006836
-68.78966,31.688967
-34.952938,27.410934
1.8887267,26.754822
-11.5939665,-68.901344
46.00931,-34.15693
-45.550777,39.7165
-58.04205,51.374954
0.5972198,19.630405
-37.13912,11.629874
-34.3661,18.348553
23.204817,-14.3993635
46.035095,-63.4746
6.945293,23.531664
-35.80705,9.42619
21.25873,-29.938383
22.022547,-28.1831
5.3690453,36.862164
46.338703,-64.165825
11.325405,17.345453
-35.670605,11.83435
8.219082,20.991055
-16.621792,23.80803
-5.038479,33.472206
0.8359234,64.71837
-24.28789,-11.753484
-68.90054,44.11917
-42.33568,17.483288
-14.245583,22.735744
18.792393,39.26773
-17.537046,0.7323747
37.34174,-59.685795
-38.32291,13.463631
-25.210539,2.4071777
-27.843113,8.550683
3.5507743,-57.85908
49.653416,-12.284917
-11.293911,-3.120364
-36.874313,16.305513
26.31264,-37.062927
-7.755171,60.75873
61.95351,-39.38343
-33.25674,45.217957
2.9875348,35.961296
9.517997,6.9199276
51.64581,-34.515244
-34.1359,23.620735
84.12921,-0.42558372
-39.497387,13.942243
-31.849277,-22.498755
-53.31245,-26.010242
-36.944527,50.145855
33.239017,-40.550697
94.64878,-32.6167
30.97577,-37.641968
4.88013,30.78378
-20.919037,-22.619526
40.76908,-23.688858
-56.944748,-2.3639934
-31.448832,-9.060993
5.2452974,60.340958
-20.475082,-37.857857
-34.46097,21.354708
-39.372887,48.739693
55.11735,-61.82165
-38.545544,18.911428
-12.547649,81.320335
-1.8263526,26.5691
-27.202011,-2.1096404
4.941331,-60.721745
-35.143787,55.295208
-37.420673,12.341631
-15.446543,-6.274519
-10.701853,20.919325
20.793375,30.525402
-12.386514,32.656788
20.692726,-34.073273
23.966763,58.0498
-14.613532,-23.63704
5.5560246,40.045265
1.9233134,-57.755833
-28.23867,7.6077023
-20.18934,32.671036
18.11773,39.77349
26.204092,-71.116295
1.5468929,23.147495
42.408924,-51.977406
-77.42105,44.113834
-65.173546,46.727135
-21.25193,26.35334
10.787944,51.44951
31.617373,-27.144566
30.467512,-43.480354
35.223217,-55.289852
20.313105,-47.417076
-54.47599,68.60276
37.55302,-62.3594
-62.660007,44.228146
-46.11724,-34.854393
73.56638,-36.041992
-0.68215287,24.910854
17.265202,42.14334
-36.32479,20.034233
6.133669,38.553543
17.29038,-36.2629
-65.09848,33.59574
28.943365,-63.980896
-35.070152,10.180921
21.936214,-47.002224
14.769267,-38.585243
-27.619835,25.523163
-37.550312,16.910913
48.096447,-46.41819
-35.692776,8.294791
-58.97238,20.851673
-35.975254,-0.94669944
-52.084713,38.872982
5.6664276,28.48206
-38.7994,33.99125
2.316076,45.750908
14.536112,10.387144
10.3690405,2.2177927
11.17141,17.175068
-45.33911,45.65683
46.034447,-38.566284
63.690388,-64.85154
63.532368,-68.54583
-45.016422,13.02092
12.678429,39.42967
43.52721,-16.907646
32.716854,-33.944523
24.16305,-40.940563
6.663039,-36.507286
-10.030402,-3.03227
-13.99013,-31.092453
-39.538326,7.0435905
-44.108543,22.510761
-45.542694,13.010279
42.3876,-35.74733
-34.596333,-20.35831
39.10284,-31.393246
35.02788,-24.806087
-38.42654,-11.895027
59.22379,8.589198
32.767403,-55.186077
45.13061,-44.222862
-55.157368,10.55329
-81.48227,55.1128
80.59551,-2.3908277
19.238592,40.692093
-65.075195,45.119278
-2.1360495,21.940662
-12.162522,20.84875
-68.598366,-14.257118
-42.66434,54.24193
-22.627224,22.075863
-69.43733,52.14091
-35.795547,26.383057
51.309147,-8.809674
75.683914,-28.703537
-58.988644,78.39883
1.5956304,63.06717
-33.303333,27.71453
52.024677,-26.621027
10.500036,-51.36978
17.290068,-12.116947
-28.951061,26.560764
-22.363707,5.1401806
-64.895615,41.52034
-37.756905,11.605787
18.347837,73.01361
-5.776599,27.450092
12.598236,18.917618
27.694895,54.84754
-17.051937,-10.28284
-2.4058826,41.23315
-35.563408,21.793869
-62.44173,-20.927158
13.696728,28.49829
-75.52198,21.553982
-23.328741,-35.118225
-27.769974,-25.941309
-29.995102,-10.893526
-75.5072,40.612625
-35.84116,21.575966
-37.41809,26.023584
15.041162,-64.03118
-38.50476,22.70888
-34.08916,-46.185253
-6.348354,-49.63623
-11.529,19.704517
-90.86015,15.514267
24.238832,72.98095
40.960476,-33.352177
39.851963,-74.89287
60.59388,-23.337992
26.406445,-64.92184
48.282322,-25.361364
5.908696,-28.374348
-45.11377,7.9670506
-11.6292305,-26.981043
-36.367462,20.226206
0.54442436,26.355616
16.058908,-42.261864
0.2100355,-47.53507
-55.412975,58.765965
52.242565,26.9446
0.42602223,34.816044
-28.512583,-28.887398
-25.530792,-15.298795
6.735391,24.669537
1.9457278,22.70774
46.55361,-45.945217
-34.15914,9.700121
4.7139893,30.155704
25.332619,14.060949
36.435055,-61.865852
-37.263344,1.1541307
-60.214268,25.054691
-64.92373,10.123023
-66.539986,47.426567
-21.69533,-0.8024815
-63.172016,21.07207
3.6863358,-27.95124
44.580177,-45.482838
-60.098896,33.09043
44.286694,-44.812164
-17.547205,76.97169
1.1659118,30.695559
23.924906,61.458355
13.268927,50.920094
-34.133972,-31.232573
55.830296,-36.40283
27.058226,-46.062195
33.677868,5.2366395
51.610775,-44.49082
-40.46675,9.649978
12.512753,-15.022737
27.078598,-41.086617
52.255226,-34.14815
-19.236893,58.82802
-9.478668,-25.49155
-10.466804,21.487123
-36.528618,14.37284
5.8731017,53.005043
26.054232,67.96626
58.21549,-38.457405
53.483036,-58.680283
38.24908,29.55558
42.79939,-33.279423
11.914569,-23.429184
42.57481,-48.14875
-6.1632924,33.710983
-36.608204,32.793907
-0.52922565,-38.569347
-18.030102,30.179188
1.4465129,67.26096
20.10668,-13.365819
46.686382,-41.28276
-5.1941676,55.540016
18.505814,-60.71362
-30.271257,32.320843
-14.657518,47.417347
36.298893,-42.06501
11.250513,38.08512
23.568201,-31.56589
-40.881054,19.232874
-7.516466,17.59203
27.17466,31.901218
19.995783,-29.991665
-40.121223,35.243908
28.448603,-65.37363
-51.380543,32.69156
34.581615,-20.702267
5.971289,24.670353
-64.953316,48.88722
-30.55954,20.12606
-40.241997,-12.279643
-19.500519,29.48156
31.26747,-47.758526
11.818572,-64.49541
-30.370445,-25.612526
-45.192562,8.330269
-12.504674,-45.481983
-31.049084,31.270115
3.2451649,26.12352
-37.136963,13.573431
29.620165,-41.888992
-70.063126,74.983665
52.749058,-86.6826
-57.620438,51.999153
34.874565,34.51676
-0.8575322,-33.392662
-9.907126,15.692704
-79.25218,42.090485
-73.03848,41.483334
6.26379,18.855505
2.6659403,49.949745
-19.42547,-37.775665
43.387257,-20.92384
-12.619895,28.785244
-34.562584,25.35674
-25.318737,-2.2253706
-45.588375,39.69725
-38.84376,34.08925
-41.81365,16.358498
13.036873,2.9387422
-20.813562,60.12185
35.28109,-83.02111
71.51698,-21.551208
44.135918,-37.411427
16.775562,58.56436
20.76018,30.408794
10.811243,40.294666
-45.148716,13.729386
-35.79081,34.949856
-16.772953,-4.5899653
-77.7847,43.08026
-28.431904,-10.135001
-27.371279,7.545594
15.260252,-50.3137
43.42145,-8.687634
-25.383934,5.3515067
-11.220765,86.6099
37.66056,-26.532484
-45.183475,6.8972197
13.601601,-28.10875
-24.620653,47.57879
-82.11263,44.08382
-23.271423,-11.500932
1.6922295,37.14988
-25.5287,32.377346
60.752827,-44.113785
32.90653,-25.781599
26.357222,-52.004765
-42.307766,0.44768888
44.386543,-14.327801
26.820316,52.740623
13.821131,19.410904
23.007263,-34.5801
-48.02622,-10.865814
-35.19888,25.858711
-3.4805076,51.798645
16.625757,-39.893463
-35.49542,20.38887
-53.290356,-39.468174
24.217682,4.313368
-49.927464,42.18827
3.4987988,33.90956
54.13471,-26.885021
-38.26022,37.973328
72.86966,-60.947514
-73.59361,30.913366
5.412779,8.35265
10.423683,44.918907
43.65713,-52.190723
-39.056652,13.770155
-40.6664,16.696371
12.245251,47.608856
10.732589,-39.980133
52.605053,-56.586605
43.03623,-67.23868
-10.788878,38.96289
-38.02061,10.449537
-78.944176,54.07253
-28.183777,13.960162
82.22684,-32.20002
1.2230766,30.027924
7.8965974,21.220528
-40.295124,18.122099
-28.520155,-40.121807
-34.5976,11.081352
-21.31718,-26.700466
15.924807,-62.527657
-53.30049,24.49896
40.148235,-63.044365
-40.580956,20.00363
-69.14936,-27.677078
7.8888917,22.083155
3.5971262,-8.4926815
-37.115223,13.24033
56.256573,-39.872902
-18.788427,-40.484104
-65.72299,47.71353
-43.49184,14.506556
-82.5776,37.83617
36.30747,-29.655539
51.112568,-34.147385
32.508976,-38.69205
73.716,-61.688515
-49.62223,32.252502
19.03523,-31.638546
15.82029,-37.584236
-32.677383,48.565445
-40.737614,17.906767
-11.988983,-25.857674
-3.4652276,25.216148
34.62446,-50.230064
-9.8636675,-26.73008
-39.98636,20.10239
-85.01981,37.56816
44.683727,52.98705
-41.895332,-69.7828
-3.6566784,16.905388
-10.166613,-52.857704
-32.952953,-64.40863
-2.1529942,37.047478
9.314341,-55.27337
-39.31638,47.304714
-2.4098377,-38.114506
11.562073,-55.188755
37.608196,70.44158
28.328503,71.63833
28.460255,-48.93165
27.499899,-34.847557
14.887394,45.399094
-17.127851,2.6442246
30.136702,-29.276718
-38.25571,23.35487
-49.50343,77.45141
-28.361032,70.31281
26.028399,44.813606
4.824664,-52.400143
4.0271034,59.721874
61.03588,-41.47056
7.6492915,61.744637
17.788918,46.82589
68.07106,-67.207954
-34.04309,27.83134
41.411396,-35.112873
-76.85085,46.211773
-63.86104,26.063732
17.416903,-44.09152
-70.85172,55.817574
16.4243,-15.103141
-40.022728,44.78366
36.452293,-30.155058
113.117676,-39.855286
-8.4026575,36.086052
31.35658,-39.513363
3.6464508,37.459072
10.06732,20.36218
5.062291,113.12325
-35.34304,24.341309
-71.3629,33.927284
75.88439,2.4688153
-18.251858,-34.854385
37.609463,-43.472004
41.173725,-57.472317
-38.146175,-10.449421
-13.5488,-27.22057
-26.65122,22.293365
-62.723385,44.827244
-8.978659,-48.26898
-40.065716,8.643356
-35.1683,19.06062
9.440197,45.345894
2.0048769,13.123663
-34.261406,33.811214
-33.309826,28.203342
14.673794,-7.413167
-51.80057,38.521812
31.824644,-22.796154
-65.48286,-2.7927806
-0.46395603,41.820972
-44.47555,9.715511
-58.70159,36.018303
20.825033,-27.976303
-39.489506,20.714355
-8.048646,-42.87734
-16.158802,-7.6454167
3.743038,10.7071495
24.507858,-28.736229
8.970875,-43.064568
-40.33303,15.293426
-38.5658,58.3738
8.635737,-60.105297
-35.298595,29.11559
28.249994,-2.0483842
37.235462,-57.121273
-2.7774098,-25.649012
25.752642,-83.23084
-35.85678,30.939068
-46.1243,-16.958616
60.938465,-37.253136
-38.14312,31.498161
-1.8863436,-3.857604
28.794575,-39.94456
-30.38078,62.248173
33.86166,-30.21446
0.30224913,77.347786
-34.121914,23.39002
8.720792,32.689095
19.315683,46.47944
-53.66641,42.967903
-14.495704,-4.3538666
-50.12591,45.660355
-14.78259,32.98794
22.3539,-22.526297
-40.507072,14.573585
-65.60004,19.113213
-22.11429,18.751251
-39.949825,-4.7565794
-41.42538,12.411423
1.6259702,-18.850178
10.224884,44.00756
-55.029644,75.95695
38.185726,-24.735102
42.617317,-77.80186
6.1349983,23.204487
-30.682459,9.883551
-76.11751,35.25584
-44.760197,12.753849
23.72692,23.462128
-42.253883,53.283695
-25.707844,-31.73956
-53.769226,2.9994106
-81.05897,4.9268456
47.525204,-44.99834
74.950516,-45.855824
22.065111,39.48033
37.87473,-41.3189
-22.321722,19.794014
41.099674,-47.275417
0.025004812,19.52286
37.64391,-74.27064
-13.8009,24.960327
16.258507,33.50961
0.3070895,-20.226372
14.998201,29.028355
-34.587868,-20.583033
10.803221,18.214298
25.978664,93.53831
27.491259,-32.882095
30.92252,43.187656
-27.23667,52.55606
-5.2589064,-37.164066
-34.725494,29.900068
-0.09240006,58.220055
-45.886944,43.779167
4.3534017,44.068523
-66.06728,38.587036
1.7421845,1.4627082
7.500759,64.42756
33.15057,-39.810486
-22.982435,-35.636154
1.995019,19.350311
-15.815521,-44.746258
0.07966823,63.785797
21.391684,37.473854
16.56478,-48.21837
12.652639,27.222443
-82.9625,25.284029
64.91389,-37.85557
35.521633,-49.844242
17.799828,102.232735
-1.8683995,-15.499461
52.639347,-53.429848
7.682425,-32.5935
-31.065195,18.990623
-11.264324,76.596
-24.449444,24.159409
40.431072,-50.232433
9.857301,44.67018
-51.21247,8.002198
0.40497726,24.387896
49.856255,-34.16381
-84.36635,1.5885844
-56.203903,53.02523
11.038732,-36.026157
7.18749,33.240482
-84.1228,41.28562
-33.06533,-13.634753
-67.34771,36.40473
30.268108,-23.787697
23.721083,-45.26264
7.0209846,28.074692
1.7841239,-54.503304
16.987928,15.84856
30.39371,98.7971
-30.582796,-4.447764
-38.811543,21.435644
13.69901,43.3737
31.43926,-24.214764
14.670194,46.940655
-18.838846,40.78506
13.385353,51.575294
-42.210953,33.14254
-80.65788,40.283188
17.52919,-36.5778
15.507332,-31.973093
-78.64726,49.64753
-26.458906,-1.1660668
31.50683,-64.589294
32.55335,-37.284496
56.21255,-44.28452
-60.506714,41.242363
-26.747713,25.958858
-0.058803026,-8.608288
9.425528,30.519808
36.058334,45.065468
77.00305,5.4649277
27.177692,-49.92495
22.253983,-83.17575
13.4637985,-49.383743
-81.576416,10.991978
52.805508,24.136219
30.367712,-29.144537
-10.618133,26.37686
19.808481,-30.16974
-2.5980623,-40.4649
12.801107,-37.718063
47.652958,-15.494169
4.1036124,23.128517
-39.939987,29.242155
-72.06606,12.04961
29.485245,-21.23428
3.430992,-55.60086
38.438374,-31.837414
-2.8231938,45.84349
-10.082637,24.795927
-5.0761495,-16.170725
-44.733677,26.048847
6.635671,25.340233
11.251747,32.028454
-38.366554,32.842697
62.86109,-79.0713
70.62424,-86.4795
-51.669086,70.57319
8.271664,24.626034
-71.950165,20.912962
-29.523876,6.635005
42.525837,-68.2419
-18.96048,-17.07483
3.1226313,29.256605
69.133644,-52.087746
-33.715748,-3.8147898
51.368782,-34.74348
-38.764652,10.877682
-22.332087,50.16863
38.03368,-39.136528
-38.0777,35.78656
46.33903,-40.892727
-5.535369,23.85334
-49.502457,40.80684
30.283932,-33.6126
35.926838,-30.735682
13.812378,-4.770787
-3.9211612,26.955708
12.411084,27.881392
12.477239,34.883408
49.315754,-33.786747
-4.8954687,10.383755
65.115814,4.1687207
-43.540985,-14.748144
14.851622,26.430073
-18.980152,-33.410892
48.043865,-34.402565
-0.4794097,58.840584
4.6241317,42.84847
6.41654,25.112217
18.07033,52.16294
-45.370365,37.039753
16.82925,-50.28566
-10.3597,-12.261592
-60.349438,21.26575
11.242842,41.7631
-10.386521,8.196093
40.306965,-38.901905
14.689226,-56.799416
31.636187,-34.77904
-22.030407,-86.11831
-62.41517,28.663996
38.37303,-13.996958
58.87457,-49.46699
18.667963,-14.897589
2.4514244,35.838226
-14.864096,56.298027
27.132284,8.300281
7.9129796,64.77139
-46.171577,36.049156
0.49797326,32.253605
32.500126,-49.869858
60.924168,-51.618282
42.788105,-37.240845
14.863148,-1.9323004
13.0105,-24.679037
-1.5605488,39.702507
91.33786,-4.0995626
-14.965954,-39.26008
-35.01573,-6.0737696
34.7431,-17.78458
-68.13802,42.86351
9.456844,56.997204
-29.492378,-24.464764
-55.516403,29.019333
-3.6522655,31.867609
41.778152,-35.14772
43.5575,-39.553158
5.2658415,65.55308
75.63992,-58.3044
15.778664,14.389994
30.216822,-38.927834
-37.820526,45.052124
-41.46511,17.788952
-40.552536,-7.008519
17.267408,-36.268208
-45.88335,68.194275
40.904766,-33.71657
-44.91246,39.310173
-39.783276,36.187782
12.582986,-22.56409
-41.29625,56.986683
39.85142,94.60488
33.993553,-21.424683
11.328654,94.3939
36.19647,-32.22275
-14.857342,21.479614
-29.912989,70.739
32.79868,-30.453
-16.55164,67.39251
-46.866886,39.632267
2.6461105,33.59842
1.7547123,69.42225
46.692486,-25.419714
19.282745,49.266754
-33.53466,-22.97226
34.939518,-39.0561
-31.983849,27.80069
29.660204,-32.86552
-44.195663,63.982338
21.774939,44.535538
33.77772,-28.674208
30.754152,-24.310917
27.928768,-52.475605
29.730165,2.394842
35.883663,-42.011963
-35.019653,25.163519
-77.379616,50.828384
-39.508224,14.19781
-24.345835,-41.431843
44.569927,-33.526104
-0.20616128,89.64093
24.085676,-6.8952
10.148799,32.74873
13.256985,45.59956
-38.3191,69.71654
-54.25878,38.563618
-65.347694,-11.678367
48.21799,-43.234818
52.246777,-42.050266
-4.7234554,-22.11706
-37.053596,23.620289
-36.53076,16.021057
-36.24649,-38.806004
14.439186,58.253456
18.817022,71.55161
-33.15792,31.22371
17.864744,-49.62573
-40.996834,13.837955
-20.93575,32.941757
-15.26283,-3.2016819
8.1021385,26.370762
-1.668744,48.18593
-8.746702,32.851826
10.813033,39.94722
39.716034,-38.104694
-17.81225,24.588428
5.7785826,18.210209
-80.75557,36.11396
-48.038647,31.940655
-18.140318,-21.825794
-40.196472,7.213339
35.349712,-28.18022
17.649584,-30.036549
33.145336,-36.02842
56.042213,-15.942531
7.984536,57.17579
14.36687,39.187195
-79.32865,-17.994928
-63.930042,1.5052085
85.52554,-75.66382
-34.03698,11.639923
-15.564161,0.41586298
-54.217865,34.072556
-10.270788,-8.699289
23.992807,-52.973587
-42.54129,39.063812
5.195834,34.059986
-57.244873,31.738499
6.8327875,25.515629
-44.453407,5.4565268
-20.838537,-37.54664
-37.080902,-22.758057
-72.35315,1.1137085
-24.7184,11.424035
53.869083,-30.0857
-58.980637,37.298904
-19.518953,28.388552
-67.1971,14.802657
2.4168806,24.384468
36.22544,-41.356667
19.044094,-38.387127
64.50156,-45.519154
-63.612907,44.654613
2.9701655,-54.911304
-6.050919,22.315405
19.260359,36.60847
-11.601455,-45.93737
-17.757467,-36.582542
-70.24295,43.09113
-50.913845,40.908398
-36.04778,15.878902
1.9504693,-60.395164
-36.98159,13.008865
-3.3521652,13.598546
-43.615746,35.20577
-0.26136503,29.007133
48.50172,-50.018158
-24.933327,52.864357
25.80983,-21.783289
-26.025692,62.742676
41.364517,-14.032672
-32.0345,29.147064
11.167793,-13.377149
-28.42969,30.727493
6.615757,63.118046
7.126796,28.287445
-70.45505,26.61776
11.7152815,-21.498987
-38.62175,20.91993
-21.949053,22.372551
-56.557964,42.616646
41.634296,-36.647358
30.644464,-34.07093
-32.337696,1.8919532
3.2291188,13.856901
-44.286484,30.22877
35.50266,-27.973055
23.002222,35.0476
31.92496,-38.135654
-12.280277,-29.557318
56.557564,-10.261702
-30.382069,31.62957
1.4222519,-44.01158
25.70178,7.732333
-7.092279,-43.527462
12.033008,58.48311
22.230965,-10.111337
14.217564,63.067116
-34.214237,10.967314
-38.12442,24.153633
-47.131905,-4.6785655
-71.55413,29.070225
-22.960026,-0.5178702
-64.2874,22.877123
25.230291,-59.236122
6.348998,13.433836
20.247425,-56.453125
-33.150265,33.179916
7.1854777,6.1796045
35.627483,-50.407356
-17.620773,2.9008946
28.220057,-27.351158
26.806143,-15.065885
-4.4305015,27.842773
12.264326,48.930573
3.6778438,28.861755
15.758703,-19.790342
-12.82203,-22.887325
33.338947,78.03022
6.500811,61.271713
18.1676,5.23534
-79.415474,43.200195
7.4107876,-18.218763
35.58137,-22.71978
-75.631615,8.543235
18.640558,37.085564
18.046314,-8.126358
26.9152,-39.236088
-42.86549,39.84478
10.971312,6.144161
13.374161,41.596657
40.380234,-24.752882
30.305037,-32.34901
-7.5498195,27.225555
46.96323,-37.484123
40.21854,-23.452833
-29.992105,28.430237
-64.20697,39.94511
15.028037,37.810165
39.156887,-39.11581
-54.368565,50.949715
-8.361235,-31.413044
32.248394,20.422674
73.83418,-63.8271
4.513794,68.611115
32.43306,-50.507286
37.47326,-73.81462
-35.208046,26.896046
8.877663,65.376915
-13.656394,-38.050762
-41.357986,17.767738
-11.664821,-11.618515
3.0883996,24.401031
-35.950226,-12.924464
-43.9176,13.5676155
50.13573,-22.093224
-34.429497,24.756985
-10.274049,20.516708
34.515625,-42.908756
23.675016,53.553722
46.813984,-29.791935
-62.894493,47.660225
0.25327867,39.37706
30.944632,-41.345463
0.14134747,13.416681
-37.666138,37.940384
-4.1475573,-3.7278302
17.23509,-36.806644
-48.92425,-55.19198
-57.076374,34.06628
30.50929,-24.625427
24.322638,1.2892802
44.658047,-58.400135
-3.2666323,-30.387892
44.813766,-81.64812
-35.6225,37.150764
10.860933,-58.78998
36.824635,-34.361465
-3.8470857,52.3531
-24.170412,28.011301
47.99516,-21.211905
41.93591,-13.277399
-4.314467,-26.781195
10.627322,29.069056
-13.726712,28.135887
17.245096,40.657623
-59.016365,-12.744477
44.594982,-18.553055
-36.026714,22.272596
46.421124,-20.476933
14.293657,27.647457
23.957022,-38.56411
37.833935,-45.05777
1.2262056,35.104774
8.3287735,20.709229
6.8371983,38.980465
-19.585623,-0.7712436
-54.117573,49.359505
27.943407,58.33444
-36.90509,30.740185
-63.86884,4.6926074
-7.863337,-5.4304643
38.16582,-3.4645457
38.42297,-31.519625
-46.20175,11.017842
-61.54938,28.34965
-1.673178,-46.83876
30.968267,-42.88692
49.782837,-45.894516
-83.34084,47.939938
34.197697,35.17984
-12.335222,23.423466
-14.600076,2.3669512
19.836514,-96.24559
-40.266434,11.256957
-32.984703,8.516208
21.12345,-72.56788
-25.19059,32.7499
6.2924094,-29.335993
-29.63586,25.189962
0.5366099,25.912586
4.9934435,77.78048
-21.626066,-9.116722
-13.05538,22.066994
28.98052,-23.528053
-80.50888,27.265356
-35.391834,32.53337
-40.229263,35.5364
-78.18507,44.60386
-34.164627,-18.068222
-36.442234,-23.792524
60.84947,-75.91023
2.071515,69.5908
45.46695,-36.966736
-2.8762112,-59.639557
7.134109,45.118187
-15.686483,-2.9951832
-17.223797,23.017426
-63.752884,28.402447
-72.00131,47.091873
21.355764,-43.175488
-33.303806,46.629982
60.614594,-58.191113
-33.438156,33.83594
-1.9329047,37.95657
39.002827,-23.887915
10.7900505,7.300501
-3.2599182,-32.24847
42.426853,-20.58695
-57.566612,-1.7958907
14.499607,-16.741266
-9.36853,19.517273
-59.34853,7.2268095
1.970088,-19.250237
39.46426,30.022942
-3.1067927,19.875614
-27.01048,-23.84265
-7.738094,86.36504
-69.10584,65.40247
2.8593204,-49.506145
30.502796,-52.418247
31.718845,84.89047
-46.814392,38.79721
-18.794737,-40.437763
15.506916,-39.239502
-52.263195,-30.312052
-56.45802,39.115204
-13.932916,14.918894
44.681118,10.786984
31.543308,-48.023552
14.477038,-60.81024
28.034264,40.499695
-11.514245,-4.5238557
5.1873302,38.54939
24.002386,-52.444016
-32.31643,-28.714874
-44.58515,1.8815281
-55.82376,12.936009
2.0237777,-71.2543
-67.98642,46.964493
-0.50654304,22.840263
-14.0954,41.226067
26.380783,-35.14246
-28.501045,69.21592
-24.898373,44.720627
-35.359783,21.520407
-21.098593,-3.2741883
12.682959,-15.780523
8.265523,64.87513
43.320118,-41.841515
-43.13311,33.476734
49.7581,-34.00521
-15.943826,24.382172
-29.56321,-12.961097
14.251329,45.33401
-25.58369,6.6818185
-37.67022,12.839506
-76.14188,11.699063
26.37103,16.407883
45.597668,-37.584682
21.756,-31.504908
-0.12998521,-9.490246
-2.6496732,-16.882164
38.53577,-35.921947
-13.394519,0.4412107
47.54955,-40.213863
-73.6268,3.7928545
-38.360214,41.228996
5.061895,-57.19228
2.4635816,28.045519
-64.82679,45.980362
-13.441565,-60.569458
-44.155293,13.716171
36.81289,-14.948112
45.249012,-68.88192
-2.2072718,22.358458
11.399022,37.662827
-79.26389,-1.345183
-41.169132,31.609612
13.682992,-18.486032
0.33071202,-29.967607
-36.552124,8.796412
27.657232,60.58311
-43.78152,49.11882
55.13673,-59.54111
-17.401522,32.955544
-56.943405,46.697876
-25.372396,3.455099
-46.258453,24.973606
-24.53048,-2.6167133
-32.576935,27.74304
-26.226088,9.639853
25.451723,76.06883
10.619623,20.301247
4.8867455,19.50227
-85.35074,26.349205
16.139877,44.878025
81.11395,-36.771572
-2.0657692,-83.599335
-31.247015,9.939114
0.25494927,49.974403
19.831553,42.208664
22.663343,54.957836
94.37929,-15.79848
-65.297775,43.209114
65.11014,-55.814606
-0.03844366,36.136665
-33.372547,28.129982
62.354607,-30.057093
-33.680935,3.1168113
38.829914,-38.392975
-12.033885,53.975548
-58.107536,53.252396
-17.6788,45.14543
3.0822535,62.220543
3.1940868,20.677523
3.7077608,68.05396
-29.93389,9.929474
32.075428,-31.136333
13.054442,-66.20579
18.393183,34.321144
17.802244,0.54064924
-18.511494,5.3079243
-2.9606457,-41.10655
3.8183267,47.85391
27.483568,-69.8391
-35.548702,6.8462815
-75.31307,43.891296
-21.98419,33.436375
-55.68348,26.990065
44.339405,-27.718912
-32.849525,34.169437
11.245523,33.577602
55.887356,-24.719402
16.032522,11.706997
34.29733,-55.40628
-28.154161,26.63182
-53.205246,-45.312466
6.9663467,43.594967
49.127636,-59.56224
-1.0804697,-59.810486
-31.794178,29.443586
-16.662073,2.8719835
13.651532,33.350674
4.5727983,74.504005
17.173977,-48.444324
-20.638506,46.650486
-40.43829,5.552907
-33.0472,18.17925
-17.175478,91.559425
-32.788784,4.4214716
-34.23647,11.484421
31.92423,15.521245
15.685117,42.893303
39.762814,-16.106543
35.30289,-38.681847
32.199627,1.778002
-49.32949,-65.72633
-35.656918,74.91537
-5.6177897,-44.603535
-8.503765,-0.3481377
-6.7968454,33.206738
36.181606,-47.22163
11.238303,16.346039
-35.877094,12.859625
40.599613,-63.906384
-16.310614,22.402039
34.90092,6.264821
-74.096146,24.830248
20.233307,-44.882957
40.641266,-43.76186
17.228004,53.180756
-23.238,-5.1113367
-27.638557,1.0726342
-66.63909,17.347698
38.474766,-46.632717
92.59636,-67.49923
-38.760136,43.406883
-72.203255,16.9131
33.011837,41.589035
-62.57544,42.39018
-46.217285,5.179824
-39.454865,60.661274
20.528143,47.615997
22.968231,-26.972061
-40.295067,-22.850912
-27.973349,29.02733
-6.709836,-54.37705
-12.447288,21.892576
2.9104626,34.86508
27.713598,-27.139963
-37.60615,13.458073
0.9601814,-54.315617
30.618721,-60.191875
2.4534397,26.893671
-36.15024,10.709254
-34.68313,23.593472
15.6065035,-60.00715
-16.573727,-9.544483
-9.340493,65.66216
-29.54599,43.990437
16.950842,50.094257
-14.215317,-75.27867
-44.861492,35.643383
7.8502564,-29.58431
16.914782,-21.320236
2.7355053,29.025608
-39.810467,19.448025
2.752702,4.2574005
-19.641136,-39.638374
8.805186,-42.33749
-31.034248,17.211954
-20.246445,52.773895
19.983212,41.36711
-22.364103,-25.76223
0.05397553,35.99765
35.77641,-45.026966
77.87445,-39.97857
9.325253,24.547972
12.8162365,19.84657
-34.108864,12.096657
27.828228,-38.10415
78.978294,-60.097794
29.266712,-40.49221
4.0307074,25.521984
17.97214,56.08537
-35.28211,17.500181
9.789534,-63.301247
-54.820496,-30.227585
-35.076023,25.435757
3.078297,22.73246
-7.2531233,-25.966057
-6.2611775,20.516525
-49.465744,38.522087
-68.606285,49.336464
-55.41819,41.40506
3.5428975,22.245647
22.779531,15.090914
-31.99774,26.941063
-8.236358,23.270353
-21.399038,1.3642745
0.3522355,67.25498
-23.18674,59.586693
35.69322,-29.421139
19.19457,-12.303268
-9.954373,20.286383
-35.77235,11.150203
-25.761133,-10.007815
40.218082,-69.32921
-71.773415,35.28205
-5.7019525,21.01775
-87.559326,34.11555
-62.967556,31.296705
-44.28442,16.070412
-35.95625,16.167776
-34.97021,23.896278
26.973957,79.56425
16.374605,34.818542
30.234253,-51.58953
19.477655,-34.3884
16.860537,-46.369106
9.009021,29.29977
-38.92857,-6.3516507
18.204357,35.64132
38.239414,-88.93089
42.237534,2.861115
41.919308,-36.435413
31.39011,-44.248512
10.792381,60.720108
30.138594,-8.2185
-54.077854,3.8555405
60.55715,-7.8263865
1.5502621,26.248405
65.515816,-34.00729
-84.723495,45.673107
-10.293137,-44.928123
62.979656,5.326746
-72.915855,45.077972
28.581009,-36.18764
22.04096,-25.866724
44.442715,-33.299744
12.733641,-28.025743
-38.899162,14.897332
-42.122337,11.446457
32.32964,-55.706135
-48.502182,1.9622247
43.960518,-23.754
22.907854,-88.11613
-3.5226855,-53.673786
5.2047453,31.790997
22.253103,7.8831067
-32.267796,11.226427
-56.71253,45.51353
-43.279778,-1.9736134
-30.672976,22.589886
-18.589256,60.854904
22.141737,50.745358
5.7452908,50.693085
-58.78687,70.07757
-37.404713,12.883341
35.352444,-25.620764
32.502422,-35.877197
18.648745,58.044037
3.57814,29.37196
-11.676397,27.25187
-40.208294,-5.4291162
-37.426895,13.359936
27.882835,-54.90009
-37.461163,19.909592
25.757912,-33.38159
38.25909,-30.507107
-16.34197,20.851784
-29.535357,44.152576
-19.143057,-37.669292
-77.90074,48.056107
30.684305,-34.286636
16.986467,58.425755
28.452675,-13.392959
-77.734474,26.37972
-54.94733,41.71183
-20.976212,24.958286
-32.983814,-10.513451
-29.572992,23.440872
4.751394,49.739708
21.332785,33.602993
-34.660786,-30.547379
22.457375,-36.697044
-55.38797,55.556656
-39.145874,55.068283
-60.795742,47.36447
-48.684975,36.769646
11.856344,-2.5164611
24.876635,68.08853
-16.40555,36.644135
-5.6459885,-19.49844
38.05004,-25.05603
6.501885,22.670057
5.787889,-40.334877
28.654974,-33.489628
22.066916,65.58453
64.253624,-33.91718
4.85989,62.340992
6.247345,23.283184
4.671157,14.229145
59.507694,-11.136604
42.457283,-49.712887
42.625374,-31.434696
37.375927,-54.64092
-41.85515,38.807278
11.17199,-8.587492
25.60178,-68.01903
17.169767,29.313007
-39.68426,14.043061
-56.63862,-7.625946
-55.639668,44.06363
-22.916924,23.002804
14.069871,-37.398388
32.729908,-31.387428
6.5324697,19.876883
-33.487843,28.10802
-62.784496,25.392324
-3.3780916,44.95643
-20.278044,59.532593
-8.460473,-92.59547
1.5591524,39.094505
-36.919685,9.307413
32.077244,104.0135
44.9536,58.234055
43.11976,-41.054844
-29.99435,-18.642408
-21.67727,-28.807869
-16.401558,19.877275
7.271063,26.854395
5.328869,58.094543
-6.737238,-2.5235004
3.2946122,35.031937
-24.213408,-4.1505938
43.59643,-38.409943
2.266976,64.24616
54.456028,-55.45568
1.3648286,36.708076
41.5664,-24.934496
12.50876,38.22969
46.568375,-49.43058
28.099007,-41.81048
-12.794759,23.945972
-10.749331,18.557924
-7.2599406,-3.211166
37.589268,-16.843088
0.29985827,62.94159
39.307766,12.994766
-22.030966,0.8352595
-1.4506822,-5.0420084
-7.300186,-47.303158
-40.035725,10.009336
9.878685,-61.064896
-39.264,28.303848
-52.398846,54.068405
48.768692,-44.707573
8.943071,28.354412
-16.150766,-41.801308
-28.685658,27.533346
23.101938,-28.758635
39.889545,-35.867947
18.503784,-47.705494
-7.959194,-0.9303181
5.794573,81.6012
1.346405,-51.678898
1.2681532,32.617126
-40.713463,-13.72702
-25.041641,-8.264395
34.198,-24.135473
50.26564,-23.711489
-45.263344,37.752445
-35.26862,29.796688
-8.809651,28.68107
-39.348335,11.361734
51.02598,-57.579403
-11.728544,19.944462
8.268237,-16.887358
46.074787,-22.958057
-34.424267,58.116276
15.378601,7.8861723
26.669487,-53.110126
-4.5666633,20.440168
-8.547718,-2.040008
-21.34866,28.829248
-48.302006,36.82724
-75.549355,37.4368
-23.168682,19.46392
46.938736,-59.769257
-32.152622,-6.0374537
-4.092704,48.473763
22.08798,-47.09715
24.963758,50.883816
3.4303434,33.596516
-22.27454,33.8358
-29.852823,28.019695
35.74874,-31.116365
-61.70384,35.79077
-1.2762811,-18.98315
-58.990192,36.23953
-9.23915,-37.5291
-28.979118,35.24154
-54.85992,12.414871
31.862574,55.418518
-2.3659616,-49.89728
-57.0622,43.464233
-0.92795616,19.210117
-42.892235,19.280308
-19.311562,59.794888
41.027615,-52.4395
57.733387,-41.91714
-8.552616,28.084602
11.474924,13.6513195
3.5480998,50.10604
-24.165073,18.6372
28.71704,-37.154903
-44.06651,-45.64742
64.009964,-54.70155
20.282352,-12.525396
15.709001,-52.536533
-25.837194,32.879593
13.43064,-30.112286
23.67086,-29.161913
-2.7801495,21.522633
73.16869,-59.907707
6.5548134,13.114645
-29.299612,32.20743
18.695051,-55.96545
10.532951,45.347137
-87.469475,36.661415
-47.640953,1.7871232
20.8235,40.693222
-28.515371,6.031309
-13.778651,-28.638584
-36.069366,-10.637335
7.27027,-53.683483
11.425776,25.19342
46.93032,-40.4291
34.430935,10.532228
20.800508,13.154572
69.91044,-29.970512
-2.3230913,43.743595
-33.72703,3.1656055
-85.77745,42.470356
7.326001,-28.533052
-65.68743,21.2178
13.821983,14.116842
11.952664,67.8325
-53.943707,8.315756
-63.173775,10.847672
4.1790304,-25.455746
-26.964167,19.044682
-3.0652738,30.97303
2.8715312,24.418882
23.441399,36.42395
-34.250698,48.27734
86.6092,9.793511
52.602947,-51.4169
-51.354298,54.056442
-76.520454,30.885347
39.013634,-55.281593
-55.671455,34.63156
-18.975431,-33.156807
-46.220764,39.9489
65.91425,-39.493484
57.88122,-33.105606
27.371256,12.365516
23.846203,-34.240986
35.29537,-59.144264
-26.788607,-29.658096
17.557932,48.02742
57.36038,-27.036327
9.523631,30.395008
-3.4265242,67.30345
-12.049223,-61.478573
-8.909499,-48.361034
-15.5209875,56.407883
-67.313324,61.249695
47.20473,-52.024673
4.580203,20.678448
86.945694,-34.714043
0.548011,19.20731
40.96269,-38.86081
35.543728,74.65629
-49.564457,21.102848
-29.823019,30.7724
17.340761,32.7646
-13.05425,31.14447
46.083683,-10.981437
1.1762722,35.361786
-16.289143,21.37876
-19.451065,61.94521
28.402681,-40.423885
-32.94501,19.498398
28.182657,-52.47915
6.020765,41.561584
16.562368,34.853073
-34.66931,20.652908
-26.926626,15.797182
-39.204464,55.023483
-56.586163,54.4489
8.384719,34.77173
-9.29926,-26.919704
-11.218093,25.68657
-26.629107,7.6743736
-15.432175,70.196266
-43.090347,-3.6112244
18.746965,30.990034
4.163283,23.748215
45.568268,-28.274727
-35.146183,33.79141
-31.150757,-23.675556
-17.41201,18.789948
1.4983971,19.39137
-35.096676,11.475033
51.420982,-88.77082
-0.16025673,1.4311166
-15.448985,29.415508
-14.913836,2.2406237
0.19674808,25.76509
-41.91873,25.475342
31.829231,-33.239017
28.326298,-33.86771
49.994522,-46.11405
-21.762041,4.2168174
-20.456514,67.470085
8.004515,66.743645
-51.301487,40.643715
-48.408066,-10.181161
-88.697945,30.13635
26.731144,52.836906
-37.75551,-43.89065
-21.569515,-20.195007
-51.16138,-14.169666
-30.491985,19.422432
15.956201,61.52615
20.948706,64.74589
-8.314304,60.66308
-74.71995,30.370853
4.1707287,3.0299354
-15.763454,-49.39508
3.1210592,-58.744144
36.81607,-28.66128
-1.0431659,-3.0788767
-35.422348,37.052013
42.07291,-52.280235
2.747195,-14.76277
7.363877,60.55038
34.9696,-20.484348
53.498634,-39.51078
15.854996,13.058754
50.87858,-76.53711
5.5599446,66.181465
-57.640514,49.160297
45.798664,-23.523193
-23.81267,13.855013
27.380133,-43.578083
25.639269,-77.212456
-28.58512,26.061718
-45.933258,9.60383
18.374863,16.801918
30.967089,-34.544624
15.541849,41.299187
10.35857,-35.456627
5.191564,29.814823
-63.21689,37.353813
13.486919,-75.482475
44.769936,-42.53524
55.30192,-38.62703
-70.41356,42.250977
-37.979908,9.012268
3.3524354,15.574008
38.63873,-21.49568
46.53282,-23.17951
73.746414,-100.27179
-6.5045276,21.725742
35.36392,25.027372
16.297546,50.089252
23.479815,-26.850718
42.64019,-47.045166
-52.705826,37.987026
-17.427681,6.335222
35.865284,10.140422
-73.95101,22.38255
-36.19255,33.2764
29.78242,-26.983082
-35.31323,-28.982685
36.954124,-75.727905
50.227352,-46.050587
8.654567,5.143277
-10.13328,26.55608
-33.627563,2.4800026
41.44653,-42.18947
-55.44582,4.094093
-36.33087,14.112904
-51.315285,3.0837243
-41.35341,41.604294
-70.8784,41.075657
-37.7762,76.5098
10.755901,54.38937
-43.392796,38.461884
40.227196,-43.532776
45.837177,-52.775154
2.212128,76.29775
-33.96548,11.121295
21.959536,-51.23466
-41.019943,13.242346
39.50056,26.972355
4.3664618,46.09326
2.280792,-13.368564
-25.059015,27.32907
18.063425,-56.52339
49.582783,-45.070553
12.187655,14.188341
-20.487375,23.204155
65.71139,-43.353752
-27.723272,30.322218
-20.700397,-27.931372
-50.255722,48.774
9.861116,55.14421
-36.45037,16.115007
-1.3730311,-11.055924
15.212713,48.660683
2.045112,37.153282
-11.652692,-69.59243
-17.524063,3.3818426
24.580736,-29.322227
47.09615,-33.35244
-33.58916,8.869261
10.985996,-29.997295
-38.985344,14.178705
36.47494,-24.658077
9.107424,45.433205
-37.919506,-8.580792
-29.885458,29.709822
-29.860868,27.850471
-5.2617655,-52.517933
-28.317461,7.274969
-13.175595,-25.737856
-18.745361,25.8097
51.08167,-28.298237
-73.25413,-3.2292333
-22.498453,-24.225382
-43.41572,37.110367
-30.659931,9.264259
-20.932428,23.887775
41.650574,-37.157078
-0.9924604,60.364708
29.523664,-54.197853
-27.078432,35.828312
-73.26575,-2.8745887
28.69063,-31.626242
64.658195,-35.277393
-7.9700074,75.78896
-80.44616,-31.644102
-12.110914,-45.338284
46.86982,-82.16654
55.903164,-49.997154
-5.3184295,13.602096
-47.997402,54.31061
-36.844364,-4.326396
-34.273037,14.295326
-54.961357,27.13291
22.470995,93.74854
-35.585094,17.91609
-38.350906,9.20684
-34.05482,30.950733
25.98697,-61.968967
-0.5690971,33.188446
11.367956,9.65004
-47.999866,40.692276
35.437145,-32.61694
-8.07016,50.43558
-49.734917,8.016925
2.293519,-33.306686
12.60971,44.08895
16.22032,42.648167
-25.669165,-40.34009
31.310858,-31.451038
37.226612,-31.497488
-33.660866,27.284111
-10.096156,-41.93595
29.316025,10.6824665
-15.780649,0.9782887
3.5641031,50.831913
45.743114,-62.85567
-39.703377,31.247726
-38.447697,19.953259
28.103258,-28.595892
5.9639883,36.115585
36.65231,-47.331448
47.090218,-27.907223
-35.23049,25.740965
-29.180882,8.236829
24.313238,53.901688
-3.8431664,-28.266006
-37.902454,-54.16125
-35.454395,9.354198
-1.3683591,39.098316
23.77049,-46.395355
-6.3748817,90.36914
0.94321996,-6.4963417
-8.84995,-54.80581
-37.836872,12.700312
6.928903,48.60065
-34.03398,16.531376
-17.057419,24.194841
45.94708,-28.750244
-12.165415,36.94471
-28.895134,30.616388
45.92342,-24.235615
-19.451464,-39.765156
4.5765853,57.519978
-48.524826,31.944427
-46.00532,51.55796
-71.39756,21.121288
0.34346002,39.91162
38.604588,-55.020023
-47.59188,50.698807
34.91319,-22.858162
35.209393,-26.48349
-1.8914969,29.494068
-20.49193,-61.5625
2.5631583,-32.352634
-12.915972,1.6162713
21.417452,-57.745186
-36.18909,15.642479
-30.438246,10.242748
20.774645,60.334835
-30.614286,3.23693
-66.04999,50.39572
23.66746,-25.594357
7.7830315,51.788708
40.841694,-36.48615
33.09659,-39.084114
-28.804241,-16.376787
-11.843864,20.96904
0.13154763,35.52072
56.16226,-55.93674
-68.05766,48.37509
1.1568296,-48.707375
40.502426,-33.922718
-34.473797,10.804022
-10.286561,-51.333275
16.04783,50.72007
54.07501,70.661354
-6.9679847,19.6786
18.765524,-46.91134
23.890404,50.726135
-31.477514,8.748051
9.892025,28.760551
-48.99287,75.81725
-48.849598,50.972797
-58.34585,45.164043
21.635202,-53.64144
-12.81233,-52.28051
24.600054,-32.739326
-34.158905,25.362442
-55.43844,34.437668
-14.039564,-29.835678
-91.07167,15.935408
-43.956154,-17.612137
31.931671,-60.67478
30.790648,-42.938717
34.240074,-20.138123
38.122738,-21.871193
-13.653686,0.3832894
-37.143414,-7.6141214
42.621365,-35.774982
29.15473,-1.763078
-3.5610752,-25.09182
0.2844388,42.86734
5.196824,-11.980575
38.193054,-33.811253
32.495407,-28.851963
-69.00266,-14.932419
37.588223,-25.686369
35.692593,-51.626026
-56.7827,-29.709734
20.081892,-24.484087
2.2439542,37.43662
-63.657913,42.5729
-32.823116,24.827343
44.777966,-47.465183
14.066178,28.66259
63.506702,-25.72488
8.739324,-29.585815
-69.98922,6.4758058
-45.365795,3.0990648
32.68073,-34.753147
10.0302925,-21.880451
19.54841,-36.225513
44.124996,-29.003576
55.41844,-62.76828
4.3709774,48.949863
-58.310043,31.010979
24.031069,-62.135418
-58.829365,5.7327156
-42.523712,18.500393
7.861785,33.21278
6.1751614,15.6397
14.870369,57.588005
3.4098866,106.03431
22.57129,-50.951702
6.401895,-51.30755
0.48107213,58.15085
0.614319,42.90195
0.71264106,34.246967
23.958422,-35.203354
-18.342173,3.6585128
19.246542,-32.351192
63.524345,-65.33443
36.53229,-25.193628
12.925619,-88.709045
-48.838726,26.617844
26.671785,-47.46832
-36.844227,60.47203
-38.695538,13.668167
-6.644807,59.444344
-1.292808,0.84279954
-20.909115,102.448296
-57.566143,-3.3478985
62.118233,-37.53672
-25.207521,28.633533
-23.555113,4.37639
48.75848,-2.441099
38.258812,37.904114
-36.495667,0.430126
-20.617468,31.773428
-55.186768,52.644104
1.3469504,-13.798994
17.674103,19.791378
43.091892,-59.06289
-58.59872,-25.959972
34.80774,-12.246061
14.449645,36.976906
-23.791842,24.910673
-7.6672034,21.532179
39.639034,-52.500828
-26.028578,81.61349
-33.252914,36.947384
17.82688,52.038452
-24.531397,40.53057
-74.97808,-7.6321974
-4.140886,13.521698
-27.73845,10.791817
-34.70598,32.10195
5.766491,-29.226786
-40.527317,13.591823
18.609945,39.00122
38.181347,-32.080196
-10.203903,-18.560783
32.035656,-45.425663
-33.607468,67.93479
-38.80782,32.251335
35.451714,-38.840294
14.559126,-38.514633
-3.4164824,34.391624
2.5836947,35.009903
-20.513454,20.740608
51.987957,-68.20384
4.032941,50.372658
31.113672,-33.01489
-82.02467,34.896603
-25.690605,22.173817
40.580635,-53.872837
25.973951,-64.04136
-17.43908,62.072365
-43.123787,46.326775
1.3034608,52.570686
-70.72955,55.067497
-38.432873,23.041891
28.17059,-4.857966
-4.9455447,19.843323
23.810478,-28.741684
-17.555876,41.96433
-33.827938,30.054403
-38.107903,22.847599
44.9182,-51.400333
8.751213,23.632828
-32.49837,31.398184
-1.5792234,-39.929626
-13.396742,-4.0813656
12.10951,29.869556
33.888622,-24.630064
-1.6677644,59.64792
-72.7388,49.657005
13.491526,21.094063
11.250804,-34.94844
34.104183,-24.053839
-49.51794,42.95523
-11.998989,-40.646694
-63.65558,2.265998
-36.125877,1.7457132
21.736166,-38.55469
-61.498993,67.99431
19.594503,-15.262313
80.266815,-52.590946
65.938736,-24.422249
-45.716614,-15.5985985
40.55335,-44.456745
42.326057,-40.962914
-37.110554,15.524884
23.661398,-37.771294
-81.3977,42.358818
48.637188,-40.667717
-64.39317,22.774456
-29.958559,35.301224
-62.36181,34.949055
-46.272213,-10.119257
-36.346607,2.4745884
-3.2668526,-4.420154
-69.57669,-2.1890101
20.326971,-13.235026
26.364864,-23.147177
-51.992012,3.4713683
-36.708412,22.490597
-29.173983,30.35221
8.155508,31.655764
46.520428,-41.7399
11.061625,-30.755642
25.69446,-63.948708
48.28109,-34.036266
-71.37089,26.610432
-0.017435364,40.560593
-17.204468,2.9442818
-9.760542,71.174255
21.514418,-7.781214
8.05504,-6.7897983
-9.397038,-23.402485
-41.369244,-14.206045
-40.39233,46.705696
50.941982,-46.427433
-38.171146,32.75476
9.317584,-32.3357
-77.87217,48.157173
-35.33357,23.7285
17.693302,59.66782
53.294483,-34.116028
48.839306,-30.29512
-35.04648,23.196552
13.077091,49.460033
5.6630616,-30.038858
-44.141468,38.506866
-76.54744,31.852457
-31.49412,36.70971
-59.8498,5.871558
-14.264916,32.507874
-9.694309,-22.809301
-62.01424,45.202484
-44.954727,14.121174
39.08655,-57.014736
1.374537,27.661194
12.623771,-26.97597
-38.72768,12.880791
-11.287487,-11.686867
47.798584,-44.973183
47.859077,-48.774734
-51.871677,11.2765665
89.227264,-37.105457
-37.718334,-0.35492128
52.319504,-41.642113
-13.046742,23.990269
-19.059961,29.265463
-17.950766,-34.535656
31.025385,-30.98558
53.706863,-28.918392
18.303715,-30.894463
-49.937317,12.020254
-25.778208,28.05122
69.68972,-35.237885
-21.862883,21.498863
3.6023936,-22.048458
11.801884,30.29503
31.317282,-31.466309
-81.19907,43.11565
-52.626057,-21.962545
4.1483693,24.728388
15.666706,6.484457
-18.886848,45.24977
4.103223,30.525341
-3.804105,19.796982
-34.47224,-7.861986
32.00466,-41.192703
28.981085,-48.720707
7.279528,48.388115
-16.028437,-1.7534997
26.864351,-41.200317
1.4832249,-36.739647
-53.34396,17.065033
4.714505,25.407951
-54.551727,32.28453
32.440624,-63.485065
-0.055589724,18.01831
22.511805,-39.315132
-36.34124,23.174057
6.3283606,3.6513863
-15.307765,-43.416164
35.404766,-39.41928
-85.7375,28.282646
42.54781,-43.505478
19.220968,-53.66892
-16.964764,1.7925067
-10.349592,68.58801
19.261023,27.31932
-2.1201997,-34.13206
44.107597,-58.74965
-25.90132,0.87164146
-13.061146,38.465313
31.654074,-58.565037
16.970184,37.66823
84.23634,-26.124802
37.14699,-44.67291
-50.087196,42.853638
-29.30356,9.349846
-3.5728843,28.553421
-80.69486,36.983284
-26.271431,-9.111742
-58.5231,7.431217
-17.979296,-28.51899
-12.389618,-39.39484
-69.83759,33.30345
-36.626186,36.758823
-11.575334,-54.24515
44.094044,-43.72706
15.072042,-33.767128
46.985806,-40.092796
48.428654,-29.690487
9.59066,-20.870384
38.045948,-41.507893
21.463484,-24.673458
30.997423,-17.302994
-5.657582,47.083908
21.601187,45.59473
34.688095,-23.765373
32.30938,-23.64262
-36.486454,20.774498
69.67688,-41.09443
35.991306,-39.1148
-10.691062,20.006884
10.697307,-63.594456
-80.36907,57.5422
-24.643173,46.34294
-55.45986,44.57145
-17.147438,-41.788277
-47.10469,20.432848
51.286602,-24.301817
4.878234,-59.2658
6.6727853,22.87622
-43.562,15.446394
36.504574,-47.994698
23.68516,-40.203564
-38.05032,22.345623
29.369864,-33.55154
65.354034,-40.844025
-56.403152,6.533905
14.790806,-19.992374
4.1844587,49.903526
-53.040134,15.113251
-52.16815,49.25656
37.988132,-14.07973
15.220979,41.423714
18.857965,-35.377354
2.8409371,49.958927
3.4976833,35.671062
-36.542095,-0.110815875
-45.779354,40.112183
-12.563579,34.25611
50.213062,-24.130484
10.578453,11.883406
14.128801,36.257843
26.254473,-63.30274
39.60245,-60.068577
40.077473,-33.833015
-12.592436,-24.76868
-56.97192,19.19836
34.83327,-57.656788
13.243049,-11.66512
73.09385,-25.507883
6.045856,46.371384
21.685492,-56.29001
6.593636,-20.496674
48.85691,-69.75689
-29.430927,-4.9371653
-0.0033943586,13.25525
54.007416,-2.0815043
-44.68028,19.978016
45.680676,-33.814213
-67.75189,43.969044
-7.879901,-45.813248
25.345257,-60.31691
50.32266,-22.673584
7.242627,27.434444
16.076124,31.871922
58.30794,-57.519676
-0.46507493,26.187695
1.6550815,76.82392
33.520576,54.20378
57.371426,-9.559687
8.958265,32.068535
31.68745,-34.36689
-38.01093,14.636698
11.861415,62.497444
44.315067,-26.406664
12.520247,5.002736
16.123528,59.30846
60.408695,-79.8192
5.2625933,14.54277
-62.439552,51.747902
30.424488,89.677635
-33.854553,-60.60197
-57.169987,57.77987
5.4530916,22.46894
12.971178,27.18763
-33.08526,-19.48543
-15.967729,27.938986
-2.4984672,-47.109818
2.6586425,35.857548
-13.363279,-16.103086
-31.688995,44.36022
-36.894554,16.625021
-6.4619136,20.687584
1.1842134,32.398872
36.43359,-28.733974
12.912025,63.25229
-17.392698,-11.992693
39.95195,-28.399061
36.55148,-43.536816
30.011438,-31.77517
7.124272,20.812994
-49.72543,57.22785
-21.347343,22.12585
-5.828374,-1.5699284
51.69263,-28.696764
-74.127014,58.5634
9.76041,1.1058068
13.255882,63.14987
44.007923,-48.483654
24.013376,63.044006
26.498281,46.072124
-25.22852,9.805687
31.01005,-59.36778
-78.94772,4.6533737
-40.23359,34.0039
37.79472,-38.167362
-49.98893,8.383428
-20.897995,46.900177
16.018847,29.177826
18.57912,24.948067
11.677267,25.989979
-14.880253,27.089514
-62.566315,21.857649
-82.08396,50.591972
38.892338,-42.370453
15.076765,-19.841774
-0.2238707,22.078936
15.0006,-17.959219
64.177,-42.80565
2.4740944,25.881878
-33.080727,28.152931
-36.745766,24.273335
3.081597,24.096376
-25.997478,-20.64079
-32.785706,25.291365
0.5206526,31.820707
16.308046,-31.177572
4.500993,22.282063
70.77786,-72.16712
-39.440624,6.326058
8.0000725,14.836298
-12.887409,-5.137644
34.423843,-47.262466
1.9859755,-36.96638
54.93655,-37.78217
9.418589,-40.346226
0.4074598,-16.493446
-80.80318,46.087067
-19.755054,26.576454
57.729168,-53.625496
52.637814,-58.213337
72.26808,-66.750854
0.49091226,31.39926
4.9296865,29.716904
-5.074446,-45.51156
-14.63522,25.36712
68.90204,-59.266296
5.284672,-44.850792
69.02136,-65.23197
-12.48665,76.39806
5.783326,39.563484
43.575344,-52.820103
-4.4523745,-23.902737
52.028614,-27.99911
-7.477302,-39.17079
-34.069553,-12.8291
2.6540654,-55.534126
-14.936659,-2.5616958
-76.52486,43.416664
11.094489,76.96316
-23.464369,32.23022
-10.178463,31.380802
42.716087,-49.665478
57.637547,-56.50151
18.427809,44.68086
9.811687,-27.32722
13.284129,25.05738
18.433466,19.88412
-16.1218,66.444695
52.474777,-30.983192
25.380957,-58.07216
-26.443623,25.589102
-17.624157,20.137548
-64.102325,63.6407
-30.903624,24.198395
9.872601,31.687138
-28.066795,-4.7913704
-45.937916,26.995432
8.435385,31.90755
30.478289,-54.101727
1.9772336,-52.932217
15.049445,-19.09769
-8.70883,38.12365
13.506243,20.64574
41.888374,-7.2355933
33.47091,-60.60823
55.99969,-35.889786
7.900357,-29.384954
40.744484,-47.78083
-22.278421,28.92752
-14.095396,-11.41301
5.6329246,-50.562023
36.29907,-29.632416
-1.8219833,-24.94449
-74.78353,56.9839
20.565077,-26.262363
24.250357,-25.959785
29.65209,75.37749
2.8009381,-36.151424
49.08257,-16.44959
-55.37906,12.245078
-33.259304,28.138342
19.132915,37.4812
5.4084606,-19.777943
0.030394502,-40.94829
40.684795,-19.308033
8.79397,-58.272343
-21.740505,37.35972
-8.120374,38.976265
67.08956,-57.22478
-0.7031215,17.157944
8.940342,31.289562
-34.322525,26.189846
-55.87951,51.351532
-0.48193294,20.431839
-83.31898,33.013195
-22.67086,56.074356
24.261833,-37.395237
-27.106844,-58.206505
32.25288,-49.99332
3.5126956,34.313282
-16.980232,34.15673
-50.41669,59.005337
41.90418,-24.514172
31.63918,-34.907505
1.4850206,7.0860605
-14.965768,37.73658
-33.915775,20.782757
65.085434,-53.50037
-9.667123,27.537712
13.862715,-25.835625
-34.040157,24.845406
23.25915,5.9115367
-26.002487,4.5538845
-27.98682,-29.432072
-5.488576,12.161993
-27.953384,53.0269
4.364563,41.022743
-0.3524309,-47.92599
-9.515851,19.696033
-21.215631,26.693129
-38.653614,17.278515
-2.3642404,19.157211
-3.3358533,28.19739
-37.989845,8.844122
-45.59327,4.5742407
17.649826,89.62994
11.838766,-62.191833
7.7288227,79.134384
13.308485,14.3048115
-1.4655818,20.34671
41.680336,-22.83797
-15.337664,35.947144
-14.416585,-41.791733
-14.737225,-0.03936795
-4.9603744,-37.729862
51.717426,-62.121555
9.488672,47.74509
-36.69266,7.676318
-39.799103,34.625584
39.424065,-54.42931
-37.536114,20.89936
0.97249,-65.82599
18.236961,-34.13905
53.53166,-26.77632
0.19567269,41.12098
44.7764,-36.06918
4.7319326,-10.954844
-2.6189039,-84.21782
34.090073,-25.83711
7.9652543,29.184164
-29.322548,-27.922699
-8.908693,-27.776001
31.972824,-63.689926
-6.6677737,25.484076
-84.682655,40.961884
-10.571885,39.066437
-75.67406,40.87181
9.492065,-0.6988768
-55.13071,30.685734
36.296825,-29.516708
-24.434847,6.194288
41.40419,-49.53983
-32.754658,34.8459
-41.094257,28.612043
-14.217982,36.730453
13.683605,43.160965
-37.611404,23.046816
72.621124,-0.28630105
-35.564125,39.121372
63.183743,-48.625984
2.4608622,-43.370308
-24.570238,-11.113595
44.454464,3.8899865
29.053308,64.13839
-32.8678,22.35894
7.2497706,26.139067
-45.59705,15.584776
4.571473,39.229942
-34.004738,31.98194
22.49751,-24.102003
-30.828917,30.90437
51.90157,-44.687874
-27.246294,-30.32646
-6.8688164,-49.07122
-8.104944,-10.362786
-40.160515,11.13818
56.66333,-15.22066
42.255547,-41.81908
-84.35264,45.633324
57.442493,-32.358826
24.881319,5.626188
-2.9411995,23.408026
41.46548,-49.57712
-4.006265,76.96953
10.457544,-45.196228
4.821055,-23.328463
-52.11651,52.256863
32.675034,70.31276
-0.75115436,-50.733826
-73.870316,21.148788
24.380358,-36.22625
37.541813,-45.996166
47.84796,-54.492714
-44.19344,14.625617
3.8936398,-20.085794
-43.28242,2.4663882
-29.698555,-1.8529289
8.634465,40.37954
-0.92686987,-12.100755
-4.4287677,-6.0459175
25.50488,7.9100246
7.728697,-39.915985
8.595045,39.374256
-43.284096,1.7264814
-63.91912,49.274437
6.9661455,34.702564
-15.13405,26.537758
45.51301,-37.43066
-23.637957,-5.9970703
27.483686,12.154388
1.2617345,24.381184
-11.774503,-8.238711
35.35644,-47.21953
-42.578793,-3.615732
-54.515156,15.312587
-36.08945,3.9682736
-44.40758,37.85456
4.260168,47.754852
-43.828728,11.781979
-6.208485,22.56469
-43.79034,19.182293
-25.816696,84.91797
-36.04091,12.170211
-12.88434,29.387901
-19.26288,59.072792
26.139666,73.18122
-56.639866,54.5892
-6.8516016,-50.06218
55.04936,-36.621033
-34.909515,33.10784
13.613145,47.58191
-19.861397,25.829407
-31.937994,31.646687
-73.19248,52.52072
59.533024,-37.436493
7.898578,20.645756
-41.108547,-3.6597185
26.818792,-48.232723
9.08835,45.88434
52.962433,-30.137972
-56.086212,23.997828
-29.231058,81.62585
1.9914961,40.702244
0.36801356,53.260826
-14.372521,21.690228
-74.97651,30.056757
6.532493,-33.55666
-64.49255,12.795892
-27.406248,7.2754674
17.579664,45.529915
71.51066,-23.86159
-82.39469,51.75061
-32.301155,6.082276
30.833664,-6.925464
-4.2395935,-4.078077
-10.383829,-1.2717868
-18.414696,27.18011
-4.3410354,65.92831
-16.26194,23.964247
-24.594986,27.271887
-50.858,57.8354
-31.15841,31.289568
-22.251348,4.8207493
24.806273,0.18704611
26.358633,-37.971996
6.7151623,16.205128
-0.63242275,26.815678
-29.72706,-26.671875
-17.664257,1.5382664
-44.988182,1.2447996
58.29015,-72.91721
14.619366,50.638954
32.08777,-31.654783
3.0435307,-40.343666
16.606142,54.495018
-15.846434,23.831823
36.453785,-32.52078
-37.918335,42.03689
-17.61668,32.977936
-79.62989,57.77457
-36.15531,31.700579
-70.364136,59.16512
-41.847492,36.925262
43.894314,-65.49015
-47.768726,29.184837
26.501028,-55.562744
17.437605,3.2431216
58.3605,-82.499535
12.8554,30.895815
-23.846304,-28.45697
-84.943405,32.607513
5.811228,27.481277
-35.550114,8.654839
-30.124584,59.049484
3.0758805,-30.004072
-32.782967,41.143654
50.43034,-6.5870547
22.53831,73.80973
-40.14173,6.2733183
-82.60923,3.5506434
7.1764216,-22.706915
-23.745445,-13.660787
2.7669175,-20.550196
-30.900263,71.86979
-27.249699,-46.141808
-3.7611625,54.458187
-85.757965,27.226032
21.414087,42.23799
-20.188885,-6.6194344
-36.59304,48.523167
-32.167686,7.3894267
-39.778206,-31.685684
6.316645,49.792957
6.369692,22.25611
-26.220625,-31.609556
-15.344632,48.978157
-40.607693,22.324821
3.6410193,-15.02472
32.994473,-25.881563
-64.42185,14.621803
-28.270967,44.673912
-68.6137,43.106663
-60.954624,16.733961
-33.92021,64.59952
30.885567,-61.675987
-70.14059,8.801567
8.17578,27.447472
-36.892883,35.59455
-14.841494,1.6226504
9.212157,-44.126728
1.8596545,23.916769
11.798341,-60.308334
11.80933,-66.244415
10.718598,41.408913
10.192043,22.036041
-43.787365,16.143211
-68.26092,60.15872
20.34889,-60.073624
7.413804,-19.119728
27.95001,-36.75611
-8.2366705,-45.88119
-55.621014,7.3198004
3.3912218,38.547318
-19.62,-3.145892
-68.25834,-21.966785
-63.303707,44.89377
11.523723,45.631706
-59.854202,-3.9441652
-4.31885,-30.610933
-57.955704,11.139933
-79.202576,12.046696
9.958481,23.342136
11.773056,29.332043
-71.38838,51.169525
-26.580849,19.851849
28.653442,-32.596222
16.525898,-47.28542
70.75609,-60.57392
45.889637,-28.294456
-85.12014,0.9831682
-23.320372,32.69355
9.06063,69.89199
68.44219,-33.021427
-71.65621,-7.1876
26.529745,-50.729504
-25.944866,75.986855
2.9160163,-57.949173
-51.375103,19.459316
-30.018667,69.197014
58.91008,-9.418972
-35.786877,52.098
-25.462284,6.545338
-31.183548,57.873768
-2.2045767,21.96895
28.236406,-25.392145
-28.791327,7.672408
7.8682632,-19.144197
15.234718,20.734924
36.639843,-32.09725
10.284062,54.346413
22.628672,12.157092
3.8606396,45.75617
36.67218,-24.14356
14.573885,-18.322561
2.2151048,-35.159237
-32.999187,12.551691
7.1442747,-29.504532
30.917635,-36.625366
-17.87334,57.73008
-33.6929,27.101574
-36.238262,8.887121
14.492968,87.417625
22.190084,26.050934
39.7169,-40.668015
33.566128,-41.528114
69.122574,-27.370138
-40.63723,25.053774
-41.56205,11.344688
6.0854816,70.91085
29.73005,-22.036264
-35.242725,15.111309
-0.34146282,-90.37733
-64.27455,45.283733
-21.736082,20.158546
-18.480564,25.080986
32.85352,-12.687723
50.558365,14.950256
34.40772,88.738785
-32.377365,53.375057
29.238586,-36.091015
25.307215,-36.43098
14.041973,7.7450285
12.652915,-55.18946
6.9715977,-2.8302295
-66.50178,30.364809
2.3265457,22.36898
33.719997,-48.40856
53.832523,-13.2915945
21.335842,50.393684
23.10322,25.74057
22.28215,41.492577
-11.936413,20.32967
16.034323,34.58336
21.33903,-43.611874
53.858467,-52.070633
39.930363,-25.44402
-38.54599,24.423346
28.404379,-36.267166
12.130362,26.073923
6.7900305,47.382088
-16.439276,3.0117073
21.610592,25.071962
-11.380061,0.13533193
57.640175,-70.39267
-40.133694,28.641315
69.64083,-75.92607
-27.74155,20.177174
-20.109617,28.21641
19.63667,57.60186
-50.526012,11.838173
-11.620285,14.672989
2.930638,12.361727
7.5922256,22.398064
37.62007,-24.016962
25.044407,41.9085
17.512693,-56.85798
-35.17232,92.737175
-0.22838958,38.267555
-77.808266,29.981647
-34.419807,-13.143778
22.466536,55.333908
23.885866,-52.58751
-37.10165,32.44737
-44.609802,2.6459742
27.473707,-53.93706
58.800674,-24.373463
15.272621,43.498695
-36.993435,-3.2921503
8.350369,4.4434204
-38.68194,8.228355
33.245846,-35.92157
-23.380865,-21.74574
-43.155857,38.2989
-28.153631,17.121471
-84.97106,41.353218
32.44914,25.29379
14.268346,37.989098
-10.05827,35.948334
-48.421146,13.294525
-15.898058,27.805332
-3.5774622,33.25834
-17.993176,29.809887
-78.3408,60.343872
-29.164278,35.09552
10.720903,-30.186813
0.4382612,-42.121727
2.3313525,36.448757
50.11401,-3.8771408
26.883223,20.868032
2.9061353,73.967636
20.309242,25.76528
30.157145,-12.760184
50.542446,-50.899296
21.032583,-70.600624
5.350332,-14.658498
32.199852,-49.4974
35.5724,-41.709755
29.352108,-63.251667
8.06891,6.3311586
-10.960417,-30.074823
4.185588,-55.86666
-38.41304,12.046172
-34.409546,21.834553
-14.203632,-27.841578
33.562828,17.903418
3.1823962,43.722485
-17.81806,-5.1146355
-29.083048,75.58401
25.038406,-28.565502
11.655286,42.9523
-45.28866,4.0371146
46.94802,-33.958385
-36.640457,11.360501
-29.370726,-8.454556
-27.579508,49.06532
5.991723,-65.04437
41.12177,-38.962395
-34.407314,-13.598408
14.544563,-56.13778
-19.169657,-38.244537
-17.241154,0.45173794
-61.402943,-32.013714
29.221083,-43.108322
51.04498,-30.534437
23.99538,-41.8176
40.929325,-33.08157
-70.62891,19.202604
36.164375,-70.05833
27.347174,-31.58532
22.504156,30.657005
-19.315191,-66.327576
2.3279943,-62.08489
-56.29355,45.84509
59.907574,-26.984426
-18.498299,-40.612373
-43.191257,38.33323
-67.15107,44.93232
44.27271,-44.864918
7.5794473,-59.278694
24.706682,51.16312
46.33993,-18.205553
24.40861,38.185528
-20.088621,27.813263
-60.589924,12.599026
12.900495,57.51198
-1.0662044,36.271862
7.9616528,70.55622
-46.358883,7.851519
12.126728,-59.439594
-20.62791,-3.9441395
-34.67888,41.242615
8.058104,52.19606
44.14783,-32.314213
-41.14899,15.63093
-37.056137,7.373585
-26.304462,28.858118
32.92718,-72.033005
14.971254,-86.43747
27.979137,-1.8419259
-24.904287,6.529298
-8.719407,49.05548
-49.152508,65.63365
-28.883913,10.330172
-16.052462,22.547827
-40.494385,15.560851
8.839366,24.708073
-44.47308,32.5468
-61.21956,32.70797
73.119484,-51.853416
8.723618,-50.338684
40.08791,-53.601196
-41.263767,7.6592503
-8.738773,-57.28866
-36.255844,-7.688859
-52.021843,55.53257
-37.9118,9.272028
47.601036,-18.236866
-8.795697,23.839863
9.260101,-31.217676
25.876577,-41.08566
7.5957823,-32.839397
45.04629,-46.63482
-33.55771,49.622063
38.593967,-27.400524
-13.195184,-9.289129
11.220377,-24.386578
14.241788,-13.524226
23.48097,-36.82732
51.880585,-25.120213
-34.116993,24.088552
-50.527016,45.828773
0.42177552,29.880463
7.5977974,66.48885
-44.415676,8.040298
44.310734,-33.34674
-17.421726,-10.651763
-28.286112,-16.86569
12.485047,-53.437073
-61.129055,21.436607
-64.47288,15.6859455
25.583977,60.636044
28.010841,-57.998062
17.786032,-62.544888
5.364183,42.12664
-33.14975,8.5020075
14.296464,-70.52472
10.049323,32.433357
-4.982585,20.821922
-50.90277,14.609744
18.347471,45.823982
23.645979,-32.79979
18.839733,37.01414
44.604465,-39.800373
-59.002197,33.626648
28.312881,-5.1470585
-22.577202,-60.38253
31.626965,-53.769768
-37.237934,20.030828
-36.99171,17.807617
-23.119862,37.883797
-52.250225,36.449905
-51.634693,-21.632113
38.555485,-16.635094
-41.41602,-3.5559201
48.46513,-23.35589
-28.197617,7.925681
20.266737,-27.36186
33.719822,-45.581127
57.74567,-35.191776
-34.229694,23.01217
36.122845,-44.175858
17.637743,46.40844
52.542507,-35.58338
8.842798,26.646763
-53.34695,34.853867
1.0476794,27.167995
-19.683228,25.337025
1.3497391,-14.007925
-44.872887,16.758442
-44.294876,19.504917
29.310833,30.917564
-19.864796,26.505033
-28.103409,37.434765
-43.73207,23.467459
7.47386,35.132797
45.97904,-34.877155
-40.797867,12.079058
-11.121864,22.904705
-58.775124,-19.921957
45.593075,-41.621075
0.9630864,33.18499
41.491665,-37.838867
25.513126,-13.997572
17.491198,-55.3104
5.045262,20.907448
-65.162476,17.490944
-84.69285,45.372746
47.21566,-11.63099
13.6467705,14.628845
39.30323,-26.120003
16.279612,-51.967125
-3.2243092,27.504517
7.6046925,-31.747608
-17.596405,-25.117489
62.4489,-73.53798
-10.358552,38.709732
48.542404,-56.496693
19.49661,-40.618473
-25.806482,40.065674
10.216078,11.202017
-69.333954,48.49211
-38.13127,10.268991
43.069225,-22.897125
25.555128,7.8498306
-49.172157,40.34271
57.597683,-39.11226
-20.34814,72.205444
-45.59868,4.557252
-47.34845,70.52884
-16.745892,13.499977
-33.219685,10.49022
20.780512,37.184277
-50.65606,55.018135
35.531036,-23.535967
-33.670742,26.593836
-34.266773,8.266386
36.18566,-22.62744
42.498394,-23.203236
19.036901,11.622021
-13.631742,31.440796
-2.6593606,19.284355
-25.626596,31.603931
-35.222324,-12.615067
8.237583,20.424778
16.369158,64.68999
8.039612,13.893111
-77.55672,41.468075
43.565456,3.3002508
-72.19115,60.35708
34.750637,-42.831764
-8.279099,74.38633
-52.29386,-48.430157
-70.41638,43.930874
-19.20455,48.853592
-52.37638,37.38148
63.370872,-27.27957
52.460835,-64.36171
57.03671,-56.965168
-40.910374,56.495247
3.0057385,29.25819
-39.612095,14.356253
-34.87983,27.94087
13.7751875,-61.25632
-70.75065,6.437701
-59.2426,34.766335
-32.281006,66.053444
-57.7308,14.450283
-2.0751052,41.28088
5.833584,28.295021
69.75881,18.132961
-41.09537,-17.225224
52.39018,-42.5008
2.7982824,53.71524
-36.991646,14.977927
34.2996,-36.40615
-36.305412,14.854765
14.6120615,-45.368477
-43.487442,39.427895
20.545362,-27.557203
-6.003118,70.33445
-20.127138,-5.379141
-2.690799,35.634468
13.12569,-34.494106
57.870197,-34.347652
-33.5988,57.10579
16.383276,-48.585964
-34.777863,26.183931
61.539333,-13.631781
5.382539,-59.424774
-8.206426,29.066517
34.452564,-11.989893
24.39944,-44.97754
-78.929306,44.055298
-55.096554,-30.81804
-15.996351,-34.778122
61.20295,-73.51133
-14.422155,22.461098
7.038689,2.5324924
40.183907,-31.36851
-82.34773,48.55811
52.937607,-73.07558
-57.673683,34.664787
25.377981,-42.204224
-29.107367,3.3783674
-83.33111,33.03096
33.970287,-35.270588
-26.276064,-20.086113
33.388004,81.60507
-39.772873,20.655552
2.1620047,25.010227
51.281094,-52.362316
10.238646,77.011116
-4.5637727,-35.202366
1.3221323,36.232006
6.6922007,-33.789066
9.649443,51.98488
71.78827,-36.878616
-52.292076,72.65177
31.928137,-26.590197
-33.48437,49.08911
44.70998,-37.954147
-23.023401,-9.501081
-31.258,41.16786
28.278952,-50.612732
36.14264,3.5041938
-42.83242,22.974083
66.04494,-59.924217
20.251163,-51.63528
-45.007236,-39.30631
-1.4505411,48.976456
-35.19261,12.219103
4.518118,-35.557682
14.770985,30.835701
2.5842285,-36.28422
-60.050476,78.59754
17.442556,-25.45433
-9.167856,65.8597
53.592796,-43.171112
23.966043,49.38418
23.097582,-46.25116
18.756964,28.806751
-35.518646,1.3687699
-10.053041,64.04913
22.850397,-34.01641
-61.925625,15.395363
15.301683,-27.589096
5.8728075,20.337868
0.52129155,26.403666
28.2598,45.858505
33.196224,-26.94373
-41.575558,73.27291
45.00955,-24.393908
52.83087,-57.142517
-42.94438,53.04094
42.414474,-41.647564
16.873697,33.053207
-38.51167,22.488445
-68.091705,42.90207
-38.298534,9.272169
-37.571,8.981689
14.745795,-18.660564
45.84714,-38.947067
28.500738,-50.004944
48.655262,-78.87128
-9.280341,-8.493766
38.48946,-25.214165
4.585188,-73.228386
65.868484,-71.77047
-36.30422,15.299791
6.123831,50.24399
-29.908482,73.15225
8.271795,24.913765
14.178974,36.158825
-3.6587877,-12.503088
34.195835,-23.325306
31.907936,7.241145
46.983067,-24.887213
27.307518,-35.58199
-36.364555,-17.868523
-21.895405,42.683132
5.73614,35.993385
25.668264,-40.299026
5.9256945,25.814808
29.85245,-53.885914
-89.250275,23.01972
-1.5931171,-6.83147
-45.526268,47.4318
-12.082339,30.042849
-70.26923,55.656708
-25.194683,3.1279788
-13.029185,-42.04431
-63.852936,-6.466493
8.353012,-22.444029
10.121255,-14.675573
5.4747314,34.436028
-32.84633,31.187855
-50.858395,50.03064
30.258322,-61.00453
-34.63036,34.956398
-22.221792,0.07170147
-32.389156,10.002861
-58.224094,30.140928
6.5015764,-17.592495
37.60365,-40.8997
6.5414352,18.596535
-17.848217,1.1708274
-49.53011,36.87462
33.76354,-23.98772
3.8972247,69.839966
-2.787498,38.750225
4.775112,-58.22284
43.759495,-55.396294
-44.583084,24.119747
9.605188,-30.970846
-31.251633,-25.191874
-36.57882,-16.672924
63.989735,-26.598236
34.201225,-8.384781
31.370043,-28.536533
10.024517,-35.26244
-35.363586,18.968998
-22.069511,-9.847776
-23.18972,21.35977
22.213682,18.533009
-55.040375,23.896856
79.11273,-44.752487
30.87897,-36.57807
-38.330963,31.065973
-36.31141,11.693662
-80.57047,21.550236
-76.49489,13.7178955
-61.037525,28.189468
59.618076,-51.539654
11.057041,-85.45618
-1.6627009,46.59652
-43.59349,10.6341915
19.12469,42.00966
57.193245,-31.846722
51.18105,-25.726532
-17.865385,-52.35361
30.624796,-37.968758
-65.92913,59.80549
31.73345,-49.75871
25.57873,-36.794918
31.39511,-29.092743
22.437262,44.103317
-45.874058,10.956526
-0.04948095,49.187706
32.09022,-25.673079
17.497393,-54.884315
-37.97766,20.8111
-51.724586,53.650543
2.0415618,20.066353
21.622622,-37.229904
26.315434,-66.829056
4.137446,23.480427
-16.964596,24.196648
5.0406866,98.65916
21.91469,-51.241703
33.075817,-26.814943
29.891356,-37.05464
37.22017,-25.594568
34.981403,-59.322563
57.565586,-24.479633
10.732845,55.168755
-30.731272,30.566795
26.386282,70.633286
22.884035,21.139172
4.3727493,21.968222
-19.99142,-14.312661
73.08064,-28.497469
-54.9439,-10.652782
36.621365,-29.404396
-1.1393969,20.004177
8.277862,25.57727
15.670618,38.09835
1.152107,27.53305
7.5763974,27.02657
33.940353,-43.63356
11.268994,44.973454
-86.01013,29.131546
-38.188103,12.012618
-48.91466,9.415043
23.825783,71.19297
-82.60181,40.112785
4.684949,-19.554895
-35.576958,-2.3322945
38.973164,-15.2737465
5.7152376,-31.310642
-33.673954,29.010124
-36.940544,23.133316
27.163523,-41.63403
-24.602596,-4.2300897
24.406164,-40.680016
-1.6498733,-52.74194
15.03422,-14.553373
-27.796715,49.006203
-35.80184,0.41868168
2.9805832,20.091682
-43.72652,38.689476
51.256092,-6.501239
4.4161634,36.41372
1.4576083,42.943172
50.439045,-53.543606
-63.030758,11.055385
13.498314,-14.14694
13.063274,40.29155
4.175808,26.583014
65.765755,-43.759747
-21.318901,-32.592026
-71.41456,8.568537
-43.152103,42.413216
-8.3411045,38.14171
-3.0949256,-52.73016
44.106483,-68.81088
-30.518799,-11.965873
-3.3022227,-10.539103
-12.971299,-27.083187
-29.800623,-20.223953
47.545868,-67.68767
11.744191,-33.89534
50.31091,-16.605799
2.6807272,25.37563
-10.129508,-10.486712
-8.39814,83.5891
3.2662964,23.486404
23.808908,-43.12661
11.46558,3.7276309
3.8967552,38.684822
18.748491,-73.67389
9.338655,-26.781935
-36.274387,11.449135
65.81496,-65.11966
-3.8499944,35.10336
-71.4612,37.369602
3.7253656,64.1392
-46.146046,35.443108
31.390907,44.858734
-51.833096,49.0338
20.357521,41.217236
10.114538,53.754017
44.34334,-26.194866
-25.314041,-4.875539
-4.6820154,50.25549
-4.6173816,53.387024
6.337805,-8.14019
-46.768417,75.07711
-23.784468,-41.643623
-42.232155,36.61505
-32.837547,8.698494
-77.528885,17.110834
-32.319256,-23.538328
32.653233,-44.50857
-62.32893,63.869286
20.949583,36.706646
25.6384,-28.710018
2.1543853,31.609615
-17.310492,-8.659263
-45.9324,9.706072
27.246412,-48.14445
-24.664505,-2.0033534
33.3581,61.00319
49.194664,-21.341507
27.967646,-34.353703
35.833366,-49.797455
10.36036,34.40534
2.6582108,35.01406
-35.55077,26.09513
29.324764,-56.462418
42.43955,-27.324652
-9.373161,24.776613
28.026659,-54.021004
9.830933,27.261501
-23.58257,-20.24529
-15.430436,-28.278725
23.611568,-37.8489
19.713612,-11.603077
3.7255015,27.467978
34.79153,-29.566986
-18.492502,-12.265542
20.266762,-18.099216
-38.79237,-10.515844
-17.396612,-41.462433
47.401043,-44.12593
-8.312244,-31.869362
37.365772,-36.837234
33.014874,25.17944
-7.617313,-3.4795334
37.25034,35.80921
-14.376497,25.123173
-10.502354,-24.354229
48.298763,-35.124504
98.479164,-52.694523
29.15019,-57.05661
-15.52132,37.60269
45.47234,-50.825188
8.169176,38.47236
-7.5518427,-3.0142312
83.68773,-41.05294
-59.064762,43.187057
33.71279,-34.458954
10.557646,-10.961981
-22.156656,43.59409
-25.777178,-7.4017196
29.9452,57.653084
-55.43281,39.596405
29.661112,-50.23164
-25.726322,23.040756
59.640366,-63.573566
-46.739338,13.725786
-37.13991,26.58366
-22.620815,26.452639
-16.972967,34.745937
12.002769,-32.10131
48.734135,-26.166248
-22.255508,-6.4060817
23.08383,-51.428436
10.88901,50.653885
-6.969658,-27.99819
33.770916,-41.083416
-5.3167005,-46.26988
-40.210827,67.68356
33.847202,-42.40923
52.40564,-46.509716
-20.120214,28.352917
15.596002,-67.268456
41.20755,-44.008217
46.171272,-69.93502
-38.302147,45.23484
20.176338,-34.084347
-36.656216,44.579983
60.084682,-56.347595
-41.192093,45.793728
10.769421,81.7544
25.82678,51.718422
-81.13542,54.88772
-15.387652,21.129627
25.344257,-25.297184
24.502897,-49.66262
40.463184,-54.42648
-16.534996,41.67357
18.434948,109.49636
9.656542,41.792973
31.304752,-44.27231
2.0396855,26.05339
15.110912,-51.10698
20.31678,-44.214077
36.275745,-42.875893
-39.19131,32.296516
16.457802,-45.72723
33.72866,13.675845
42.464382,-45.079475
2.392999,45.259457
26.469751,-37.951267
-42.093994,17.478619
40.407074,-24.14473
-14.28647,26.063894
17.26665,40.3718
41.469227,-35.867413
-38.72281,22.549257
-26.341713,79.89352
16.51625,-45.383595
14.705377,40.334175
-8.95915,-44.387733
4.905941,-8.006839
-15.22513,-30.581982
39.16563,-56.175888
-39.20133,31.2179
29.733522,-60.519444
8.181276,20.379025
48.35249,-56.507584
42.612186,-37.33363
10.433626,76.09949
72.93521,-12.569165
-74.15953,28.018547
2.62624,42.01988
-14.132283,24.251778
0.5821368,33.96364
5.1039834,30.470896
-7.0760956,-24.985565
-33.28401,-7.6879125
-34.590435,28.192104
-21.822746,-6.097127
21.85681,-22.240353
-2.1415968,23.77279
-21.012032,15.518805
28.496572,-41.28179
-54.88967,23.601654
-36.90585,43.139038
-0.51123226,23.891636
45.2298,-45.19369
10.879318,0.14859772
-50.230125,55.36201
35.203888,-27.327518
32.726902,-33.628178
30.854532,-58.27037
-51.594193,45.194214
-7.4709654,-7.754446
-3.4109428,-58.133392
7.372148,47.99324
-68.46253,38.581806
-34.076454,56.30864
45.58601,-64.92588
-11.731985,20.949612
-36.331013,18.73547
-36.26574,62.27
-55.82727,55.468388
47.31281,-1.9884343
5.7047567,24.826527
56.684055,-64.25112
-13.287365,-28.726412
12.240159,29.483135
40.000477,28.040771
-23.126038,22.961819
-35.14812,21.810986
27.72178,-26.325562
-27.744928,33.129944
4.255869,46.78365
7.539508,-34.352142
0.19130915,40.847725
27.399492,-3.5238447
20.936123,33.44465
17.140148,-22.628109
-36.527,13.086514
3.9702432,32.046223
7.234731,-23.201359
87.19328,-65.53719
12.045521,-57.71305
-46.182858,21.12717
0.7283122,82.9284
16.00129,9.75294
46.812916,-36.73549
-19.53294,3.3780026
54.43687,-31.393312
-53.91804,58.1264
-14.722495,-30.040577
2.2447133,32.5114
8.953321,24.025131
-17.813683,4.3562446
6.4232693,41.884686
39.57203,-32.97041
33.357384,-42.901882
45.566147,-53.103294
-2.9093122,40.675972
-12.498134,31.489685
22.707663,54.030334
-51.93415,45.641853
-65.326126,32.032337
31.74097,-32.407192
2.220136,34.733356
-40.6207,33.352936
-45.300587,10.374635
-5.1572595,50.893253
45.11021,-3.4230864
-1.9177967,-70.96633
-0.018471804,-51.608273
0.19159669,27.424154
10.720239,-43.33334
8.429494,21.395916
-24.464447,10.1110935
-34.841427,30.93534
13.817562,-0.6118297
-16.810411,-39.939304
23.975302,-24.042933
2.0834181,13.0385475
-22.019484,33.062443
-8.046233,74.78255
-45.29087,12.11181
-58.29579,30.028938
32.53333,-29.046642
-1.8575344,-59.421352
3.3718631,5.4750013
-0.12750445,42.490414
22.462477,26.778786
21.237331,40.095592
26.449987,48.40155
-60.58828,-13.708783
-32.668987,28.227722
3.419151,24.69918
29.314707,53.34524
-62.856712,43.315903
31.57575,-7.5430746
-68.41519,50.28322
50.23205,-44.08974
31.665964,-45.589058
41.854313,-57.646904
-2.7246532,19.8701
-11.208747,23.172146
0.83462036,25.732822
31.215197,-58.091328
42.488,23.1931
-8.018133,-38.837936
42.21668,-26.5537
-42.10569,-20.13442
-43.185745,-6.989077
13.222744,-64.67348
-8.047173,-4.75417
22.371763,49.309784
-41.125782,0.8407455
69.84031,-34.947853
-7.0840125,-3.0391922
-11.593284,-21.324072
37.16989,-49.45269
9.10493,13.192679
37.514988,-30.74764
7.14491,22.725193
47.013195,1.8832641
-51.00227,49.11172
-56.507416,51.14956
-82.50476,39.383297
-58.04268,23.37972
6.2612534,24.58156
-39.241047,12.777478
36.60423,-37.149586
-33.586723,40.966736
12.55921,35.56411
-17.425688,34.61686
-21.134727,23.616787
5.9192247,21.286263
-63.71245,47.879898
-54.486603,30.509098
-37.796257,43.5832
12.315381,50.611317
-63.55073,7.0820713
-9.896778,34.77316
2.112492,-23.182491
94.020065,-46.118256
-8.54621,28.017262
26.47542,-43.49155
29.713522,26.920113
-21.740765,36.504013
41.95447,-70.0242
51.334244,-46.98273
-19.03385,-25.504494
31.669458,-58.724686
5.4713664,34.340874
2.4968545,-35.673832
8.008814,-11.038484
-21.270025,57.62124
3.676255,-58.872997
19.848413,83.89125
26.477793,-28.35749
27.838934,-35.13494
10.617686,55.033844
0.27383393,61.57244
-39.712692,10.692703
14.894151,38.896255
10.045289,1.1113398
-10.781856,28.188103
82.89145,-52.02422
-10.527644,22.245901
0.704004,37.165306
-0.66439277,19.144304
18.334461,-28.928844
39.90214,-12.155677
-45.888317,38.542145
-3.9834006,-34.168167
-5.623108,-50.939793
4.851309,54.80307
-29.28032,40.178993
-0.21163724,29.834387
27.045752,-42.976116
-34.86089,-57.634647
15.114048,-85.70573
21.421719,49.740036
-27.47839,24.231789
-56.20944,13.412085
-41.89583,4.397325
-74.72279,60.10442
-8.221213,-44.432438
3.2465785,35.76455
-29.1778,4.5353475
32.717113,66.23807
31.433556,18.43732
19.32141,-47.7484
10.986734,-23.844477
-14.532748,21.471077
-62.643703,47.499123
12.297301,-55.681984
7.886943,22.192062
-77.69767,52.040146
42.211643,-47.36665
2.6263483,-72.25347
24.598461,46.872044
41.606388,-60.987526
-37.261684,14.062164
-37.452522,10.718344
13.854556,36.295933
-51.935776,33.426037
18.282574,73.23571
-25.858555,7.0136194
52.90843,-30.239553
41.81266,-25.761917
21.278067,51.67633
24.765345,-60.145638
5.0429134,23.055882
30.981398,-17.221428
20.586073,-3.42728
-11.10063,50.084984
-36.689003,13.492989
98.48352,-37.611187
-4.1527233,37.165215
53.627182,-29.372894
21.684654,-38.57922
-70.47612,5.007277
-48.01124,54.533127
-27.047369,7.2149706
8.464436,17.747171
-14.865565,-64.400314
-50.04684,49.2387
-2.6975062,19.529358
-63.59939,50.757427
-40.932518,20.267982
5.3674006,14.5898
-35.653183,25.817019
-77.97624,33.022366
43.78078,-58.211914
11.478941,-14.1628065
40.07834,9.902115
-4.067098,-10.471265
-24.08081,53.22373
29.371355,-47.83449
19.555557,27.844666
-22.374945,25.752087
78.139404,-80.61048
-40.49868,-11.633265
-28.534153,31.081738
-35.237137,19.975227
-15.792481,-37.841892
-80.72499,35.03718
7.1222224,-7.211483
-63.161427,25.670431
-9.150182,21.772522
-16.135706,25.378757
-50.891766,-4.9363985
35.284695,-23.143347
-40.08382,-3.1847286
29.157116,-39.922615
-69.495605,40.125656
13.766063,31.373573
-39.571568,35.923393
-53.298626,0.808008
1.4376564,46.215218
21.94832,-30.143343
0.6530692,-36.531334
56.126842,-64.99511
18.222292,-43.186977
-10.677643,40.048294
47.71873,-55.146767
-1.154359,96.6932
-61.48539,15.147594
-13.484318,29.37916
-31.953909,58.613686
-20.051207,56.9147
-3.0480807,19.030855
2.1152468,44.52389
-35.976448,-0.5609006
-11.412148,65.90676
75.51166,-37.711548
14.79818,27.086002
-38.19642,46.842373
-26.562817,29.128778
-56.040783,39.586815
47.702797,-47.6166
-22.139112,4.503938
-42.172447,-6.7595377
-11.795513,8.842284
-78.95035,-11.660004
-31.107162,76.890465
-47.932716,-34.509647
43.618763,-29.744968
-87.447815,34.227116
-37.835594,53.418907
-11.51474,-17.521873
17.109255,27.221718
-23.9609,-34.125698
9.621283,32.870117
3.5194056,-33.084953
14.833547,55.535694
-54.584023,60.149395
-1.8056827,28.927036
4.3964853,27.189142
-39.17551,15.508448
-20.95182,-16.281189
-70.261444,41.48855
25.040121,-60.322575
-88.12105,29.372269
35.493027,-23.399391
-29.179764,27.851646
15.613308,19.761618
-80.054375,7.049923
-0.71075743,-6.3853626
-34.853985,21.89192
17.9781,53.03389
-37.175205,14.072063
-28.513832,35.656364
-28.994234,-24.68954
41.782593,-5.4603963
3.0163896,29.594254
-40.69439,27.99324
-74.11346,13.243483
36.40872,-29.810091
58.81869,-28.542791
39.138744,-38.45926
-21.306952,22.859377
-16.833273,-21.913584
55.797546,-32.469467
-42.778946,15.718764
-24.332836,-12.905938
11.87661,14.728605
12.637159,23.197126
39.42771,-33.40223
-38.74024,17.50166
50.806118,-35.877274
-17.097168,-41.593567
-8.106061,1.8776615
45.490482,-67.094406
-28.035206,24.56783
-20.880259,28.130825
11.474995,-23.620296
-38.094494,22.323002
-68.17682,6.7097588
-22.948524,-24.299284
-10.998384,24.833988
6.250426,42.0622
-0.5597323,32.506046
39.05904,-23.225502
-9.695282,-22.839622
-43.486618,-1.9266146
31.114496,-47.090446
7.9458966,26.251478
79.96372,-60.724228
-7.4889627,57.029842
50.51418,-36.973377
-74.23129,23.124958
6.5680933,77.16633
1.3006784,32.115868
-11.36864,6.993746
6.3383837,73.4114
58.729427,5.023956
-49.31145,14.72743
47.699955,-38.33983
55.227787,-22.028786
40.521816,-33.98269
57.86399,-57.154896
22.907438,-62.390823
2.157508,-30.889627
2.5134208,33.336056
-7.7538714,60.462433
1.9554873,-40.75253
25.278593,-18.30519
-4.05912,-3.6862073
-54.018337,27.21211
-5.6162777,-11.976421
31.988218,-61.019867
15.51359,-18.51078
1.1676981,-15.669842
-50.980186,-7.0667996
4.2180357,63.31539
-10.422707,-46.778072
12.066626,27.037468
-69.18562,6.5582867
48.47171,-33.986336
-53.948322,4.003121
-20.650206,1.1645112
-1.2291648,24.664383
-5.123631,-10.867347
-40.22468,-10.798453
-37.184128,13.096301
-35.929783,17.854574
35.337337,-41.09874
-66.516426,42.842876
49.78895,-55.634964
-51.299686,37.136375
-38.20878,8.212687
27.183632,-38.798622
-9.921451,20.27697
69.04245,-4.4506717
-10.5878315,21.093138
59.24146,-46.85941
-3.8275225,21.29554
7.242425,1.035061
-41.133183,-46.42253
-7.8048997,24.024555
48.106804,-26.370502
-34.89295,67.15211
6.6065702,64.779976
38.266647,-47.99086
-62.38106,-0.55511636
-62.15107,31.621038
46.443157,-51.081615
47.95589,-24.053822
-71.76874,42.766144
59.529236,-81.91555
35.1996,-37.421345
-60.151863,-39.59287
-21.407455,35.139137
18.649452,47.136303
33.875835,-41.945942
34.02627,74.19815
21.820845,23.493938
28.363235,-15.211253
-45.719173,10.871143
-13.074827,-41.849636
0.04581935,-7.922862
13.345192,20.080555
22.406298,-25.04601
38.879623,-69.40482
-52.6215,45.646378
-5.904933,29.695585
23.442114,22.23534
35.15319,14.464978
-40.895554,9.933108
19.855244,-58.22705
36.271397,-44.545853
-17.490158,48.416054
-6.216116,82.40291
-18.35952,23.010906
46.666416,-35.062428
29.490576,22.27494
-82.02265,46.936985
31.356266,-18.829233
-44.738552,4.6105366
-75.87433,49.205246
-34.291824,31.949566
7.8629513,-62.390152
23.95033,-36.63694
-83.098656,-6.1907144
12.254904,38.56565
10.364084,69.18993
33.656147,-61.461468
28.103447,39.918297
-44.32689,11.17584
39.091187,31.846317
22.493357,27.99054
-24.234034,-15.650164
-11.024211,-10.2427845
28.538937,-38.85394
5.177059,26.079441
29.492607,-43.58632
-48.344425,50.56636
-25.493114,-20.715662
-1.1067154,53.33645
46.50237,-27.74549
-17.707159,-13.859304
34.074528,-35.54783
-7.00765,-19.456545
-65.94899,-10.17071
48.225025,-44.030468
-32.084194,-1.7050751
42.226414,-59.092148
33.343536,-36.206043
-69.29524,-20.712845
19.955793,-46.01604
27.89495,-35.082077
-81.29154,40.44162
-32.28085,41.529167
9.825561,29.650494
34.33679,-19.869936
-29.092787,74.54894
-2.466849,42.837883
93.12741,-102.219666
12.8741455,-58.91216
-43.18914,10.588541
1.0868418,47.34259
30.378717,36.22479
45.272503,-53.121655
-51.073513,35.111694
-36.470676,13.348227
-44.25329,1.3646979
28.520874,62.377846
13.023582,-27.147596
44.031277,-31.286043
-35.13862,8.840436
-55.35752,25.171978
13.768027,-38.472424
58.604404,-41.980446
-28.655668,27.878677
68.80372,-56.596302
-34.029476,-10.526798
10.340443,-16.70195
-4.8048816,20.680862
5.5966425,91.24537
0.87472534,12.484414
21.707495,-24.511244
-19.473886,-66.17546
6.850997,-58.270046
71.13543,-26.502296
43.39127,-44.113525
26.366623,-35.41036
9.786845,42.85971
13.94448,-51.50447
0.3044085,43.712082
-9.192471,17.531933
-26.788626,30.013119
29.651487,53.167328
39.16921,-45.457016
-28.748766,8.364766
-43.144382,-19.704208
-31.232246,48.47976
-80.681015,37.039513
20.16335,58.99958
-20.362509,-30.605457
27.669798,-30.57655
-34.427,54.5749
32.30708,-42.434124
35.738064,-30.395184
24.169561,-22.031115
-46.37052,40.79637
-24.118484,14.917179
22.250069,59.035355
35.1648,-47.960407
36.455654,17.50184
-38.829277,35.437836
40.426414,6.0527105
44.03793,-51.220825
-61.666733,29.946247
4.5524306,-86.906044
1.8858593,25.271408
32.26341,-58.377644
-19.519646,38.227264
-14.361029,-18.709084
-31.027485,8.149122
39.979282,-62.433773
15.055415,-15.081226
-37.402695,11.692621
23.976862,-50.47092
-35.93121,17.433575
38.568554,-25.44918
41.494595,-40.450317
30.300476,59.225548
-28.042356,33.526752
17.225935,-18.41335
13.904975,42.34996
-79.47129,41.57099
20.605171,2.7687325
-2.592284,-47.83619
19.64286,57.699375
-36.732677,18.899555
-4.4247174,22.16286
-52.44454,-8.298805
19.053755,40.143906
-50.69429,-4.6518054
-7.8452244,78.712135
9.3093605,70.33828
41.57598,-46.01712
10.807999,-38.242386
-16.340685,2.570171
37.511204,-48.23325
31.443329,-26.019865
-33.579002,10.275888
-38.820854,35.18186
0.2583918,-40.846035
-2.8566344,19.426807
-69.69414,29.971596
-29.897356,26.234062
-14.170859,-6.142719
6.085035,13.311389
-23.279684,26.097176
-5.8241568,24.516438
-33.122314,-22.71946
-26.499006,37.3868
-83.19211,44.445343
-65.05561,27.190706
44.160717,-39.02712
-69.24721,47.231773
27.120523,-59.92776
-52.583447,-57.504993
-5.879688,-10.414217
36.46278,-8.806354
1.3252063,33.957474
16.215052,-13.343595
26.244535,-36.877052
6.190089,47.173714
26.108019,-41.871655
8.881426,28.654781
-44.177856,41.154625
-31.339682,-14.975189
27.500254,23.263432
-7.008138,44.110912
19.805294,35.75222
75.471405,-59.738865
-73.18533,46.067924
-19.952532,20.073357
-35.79523,7.1780386
38.724407,-39.094166
3.220786,32.894104
-14.29894,24.396038
-55.516094,55.57871
-32.1778,29.537998
18.188745,64.0449
50.7513,-45.626682
6.49151,47.43419
-17.627094,41.680862
-11.480093,17.665636
46.217678,-25.957575
14.031154,-59.87055
-43.494476,49.87807
47.60002,-46.22857
-43.95718,37.048416
10.843642,63.473103
50.043133,-37.21957
-9.886241,-56.631516
55.356586,-24.624516
-29.436054,8.559624
-40.779316,55.41516
49.87691,-56.65478
11.547731,39.694042
60.550606,16.16676
61.884304,-33.064194
-8.837568,28.771343
-2.1038034,23.428608
-42.875076,3.739924
25.437521,-35.4734
39.017044,-25.182955
-2.4156816,21.474993
20.396023,-29.635998
5.9377666,23.14175
-39.807064,-18.244083
42.870506,-75.2846
33.810596,-39.448048
-20.98168,35.807915
37.88213,-27.101065
-71.291115,8.773357
-39.36677,16.17831
-14.725668,41.047516
38.522633,-16.607582
9.112684,85.573235
12.78928,17.816074
-37.64576,9.9960575
-18.802958,63.17163
29.161476,-34.455326
-31.157917,28.255396
-1.6840522,46.076675
5.8169174,23.060783
-59.207054,51.73886
56.504307,-57.48084
17.344374,-56.63548
13.959311,-33.565998
9.311571,25.917257
-36.156082,16.773445
-36.653038,20.929346
-16.856392,22.814608
12.115352,35.177696
-65.6634,-14.08604
3.0585191,53.650032
15.667509,-40.90862
-10.611223,26.651346
-24.054707,-1.4920709
-8.404338,65.2154
-36.387417,33.32843
10.097082,10.158178
5.8783503,25.511719
22.396116,69.04517
26.756021,-28.998104
19.877657,58.422554
63.69724,-40.616608
-14.704772,32.963703
-26.621647,32.750526
-43.71977,51.460144
-71.802574,42.47768
50.677235,-6.62177
-28.698196,12.836628
-1.3192328,24.431068
-26.108328,7.1474338
8.360641,35.81617
8.855097,20.552898
-34.347183,11.799666
16.02328,35.531296
-39.180397,-1.9163376
-27.82397,-27.965382
6.3306136,58.428883
-42.514874,20.166096
0.5604233,-18.030682
18.440302,45.35405
-25.357433,-7.9628377
19.188093,-32.52433
33.85658,-28.086395
-28.341656,-3.2503777
-14.052139,-12.766627
49.688576,-46.98675
-65.72649,56.115326
8.168318,49.721764
-33.359802,10.991179
-12.549743,44.756668
51.086617,-35.58908
-3.8752337,-45.554924
28.835125,-43.427685
-20.555212,13.811623
-56.554527,46.452316
1.3542091,30.703657
27.373617,-28.435328
73.544235,-69.25424
24.49883,-52.072365
73.10418,-67.96827
-75.39704,42.328327
-34.92909,10.244471
20.11837,-23.72673
34.29335,3.834475
1.0472467,43.72326
8.912708,41.89578
-38.31239,13.371355
-40.947227,13.0060215
-24.00455,20.737858
51.540962,-25.19357
-36.124535,15.580952
-9.116956,-31.850006
46.46979,-11.628699
-12.982642,-0.28204706
3.9035044,58.34031
-10.010111,-0.6296754
27.10769,-33.72956
75.076454,-72.3884
-43.427944,-0.3205975
-54.85401,32.292854
6.342332,-23.106487
32.29496,-24.131048
11.297983,23.017368
-18.65822,-40.77198
-26.961618,-9.741662
-72.599,1.1546483
-10.037451,22.362738
21.456133,-26.478651
-4.7793703,20.456974
62.531467,-36.663425
41.32241,-41.909466
25.88621,-0.9960348
46.89243,-9.505218
-10.144757,-43.90836
69.42996,-73.0703
-5.5377026,-3.1972032
-46.03718,8.337254
24.490519,-56.566692
9.85507,-2.540165
-33.166622,25.151558
36.47575,-39.58397
-8.002301,-40.02495
62.024403,-38.605568
40.607235,-28.073587
32.243465,-25.450281
-13.626658,-8.2322445
37.609562,-26.693687
5.3232627,22.775558
-65.326225,42.39593
31.567505,-29.048138
-44.813324,36.367462
33.90646,-40.726925
-11.113382,-29.26899
-38.67553,17.792366
-41.522564,19.87746
2.3667367,91.79562
10.516032,-0.75458914
-33.21008,40.512558
20.508545,15.81206
14.892955,-63.829422
-68.33962,28.951515
-74.42387,18.859911
1.7364372,21.231947
29.548674,-40.08967
13.6072445,-14.883402
-29.058338,-27.17282
32.980103,-31.40888
-35.119102,10.31821
2.226907,25.584057
-36.970997,8.919359
-16.1516,39.06498
-70.24105,28.57698
24.221764,45.07455
-7.2756944,55.810013
37.01154,-42.85531
-22.071075,4.7791066
-38.708946,23.588896
-25.31875,-9.105249
-40.73197,0.1870287
-30.2553,65.75203
6.9979773,38.679634
13.50001,36.069878
-80.05213,50.6529
64.29223,-58.613163
37.71004,-38.369156
-20.487196,28.3558
33.08463,-37.268993
26.735163,14.04472
26.905176,-41.26423
23.818232,-26.01596
-5.01856,14.04179
8.820564,-54.425724
66.12923,-32.379963
-1.2541417,-6.23892
47.078373,-73.49228
-6.198661,27.001389
-35.672802,17.173172
-16.771843,26.91311
-36.12919,10.555519
0.18909389,26.50162
-37.930775,10.785515
-33.94671,-21.2171
37.480278,-52.891247
-5.2883444,53.23519
38.480057,-64.66011
-61.194977,-10.728396
44.088657,-26.784433
1.5261985,38.36268
30.856668,-42.72442
43.44575,-49.008602
-5.8279004,-1.4456483
16.079927,-9.538437
5.1080914,-9.276941
-28.547592,74.601776
-24.922436,29.85327
6.757162,15.63088
-21.569443,17.315313
-1.9889154,19.649872
-4.1191983,-12.989198
-12.394352,-34.53184
-27.584341,31.039799
55.532604,-24.503357
-38.665558,68.3339
4.7738214,60.75849
29.491125,-41.383472
27.061995,53.604733
17.020819,-18.419704
-64.565414,4.078583
23.063175,-37.996655
31.289885,-66.30278
-36.469807,16.162197
49.101654,-39.04625
-60.89926,12.832671
51.64921,-59.1176
-42.608036,16.64339
29.501268,-15.008759
9.800622,-37.23132
-81.57878,15.912165
-21.150404,33.538887
26.663015,-76.54338
-41.69131,14.972408
40.341442,-45.647755
22.053165,75.01224
31.04691,-21.110563
24.966238,25.451225
-69.53501,-18.688927
2.565222,44.338806
4.4551415,-51.992348
-41.416515,10.557588
55.304676,-54.43362
37.82117,-69.90733
-14.034337,28.175798
-43.088028,14.007479
-42.373577,27.100492
9.088796,37.38301
-3.855149,23.369999
33.260933,80.06534
40.02478,-34.086716
-8.013921,-2.2606413
-54.03911,40.657642
-29.998705,3.0746639
-11.1803,-34.730064
16.193388,43.098557
71.66527,-58.87437
39.402676,-27.757887
22.140387,14.628156
30.266155,6.4867134
-4.502974,25.575974
-56.47147,35.388428
-3.8207943,-50.060234
8.1780815,46.53785
-20.022152,-6.8122945
-66.99619,34.70218
32.502213,-28.870127
26.593027,-26.686552
15.146032,-29.23693
6.743491,37.803783
-15.875806,11.615046
-28.356903,-25.564398
7.5742874,-64.354576
20.30641,10.59268
50.799,-40.853886
-53.647007,23.959476
-2.544367,46.234573
-24.070946,40.224403
4.7600102,36.916637
-17.51782,21.379269
56.863033,-25.402025
43.110054,-30.278872
7.4190226,39.89534
6.3141255,23.258293
22.882975,44.238693
3.6112902,-11.764037
-73.523575,19.06903
-1.6027384,24.896523
-18.34338,22.03108
-75.56908,4.3221107
-38.724373,40.24325
3.9342484,-46.215878
31.178978,-25.953611
-47.418594,16.672253
-20.973085,25.72045
4.5138516,53.98136
35.191605,-36.466465
-7.627509,30.760233
-28.457981,-7.585582
0.8567346,-19.591734
34.328236,-46.149387
-70.12664,-24.545698
3.9984772,17.674162
-52.47269,50.549713
-23.62275,39.27755
-66.1575,11.964744
-5.656248,-11.6561985
-34.17697,52.739037
9.689143,66.72005
-9.711814,6.9626164
0.67979205,16.466217
-68.157745,46.344257
42.668552,-16.598608
41.884808,-47.488953
14.983526,-52.75168
-34.19934,31.246542
41.74581,-5.356544
33.127415,-37.280407
-3.3239508,-28.123524
47.1906,-61.56316
15.372372,-7.464944
-17.381699,27.452412
25.768587,-36.6531
-35.05009,21.531767
34.941868,-26.11098
-41.382458,8.903373
-38.19045,34.280853
36.970284,-25.24799
13.886206,58.31373
16.283274,13.360651
5.7548103,31.581808
-30.947876,32.82206
39.19617,-45.917038
-12.570656,-7.1064615
-31.978998,29.222633
-84.322784,28.473083
-81.38245,47.885178
16.980639,-20.589981
3.40633,-12.694327
6.7142515,-43.873356
-25.153,6.9801674
-13.653018,22.199028
21.716618,14.583956
30.39755,-48.55347
29.71541,-43.037544
-23.40413,27.347408
-43.947704,6.8262215
-21.00811,34.69613
-7.868144,-30.351646
24.369226,-9.403837
18.354141,-62.938877
0.9416792,63.521904
-56.820415,50.3327
-16.207026,54.479397
-35.236725,19.749168
-14.961156,-27.602442
-60.057564,28.779942
22.202543,56.008224
43.637966,1.8544912
12.6707325,39.760498
-36.977036,13.4453125
14.315511,17.798605
64.173584,-70.35587
6.732566,58.92153
-75.768715,60.331646
-9.9162035,-9.534097
34.970257,75.539116
-41.059258,46.636837
-40.459038,20.375225
15.53552,-36.836826
20.866392,-47.720833
-26.399933,-0.3572536
-4.553908,54.050137
44.938572,-18.230684
6.537883,-51.48676
-44.710526,29.321747
-13.380942,-6.837688
2.7321944,27.100603
12.385006,26.666815
-33.156307,14.410431
-31.033575,10.536745
-37.772583,-7.312558
15.481102,11.010244
40.181324,-16.203993
-8.185943,-46.1086
14.837617,59.96914
-1.991398,54.132607
14.154311,8.712407
42.74618,-32.90075
-33.82102,30.992657
44.44492,-16.713455
-43.20554,4.0409045
8.388608,29.673073
17.33703,-44.59005
20.383095,51.282375
-34.91721,63.016205
-10.792608,-46.258987
1.2751181,77.3514
-8.757198,-48.409664
-1.9392785,22.67243
-13.507042,26.01163
-10.50342,-0.40215912
22.917387,-46.52385
-34.32005,22.2942
-26.216585,25.229404
-30.228346,8.120744
-30.6666,2.711435
2.2154927,34.24038
25.455545,36.730797
-45.402744,18.51943
-38.116547,-10.796608
26.030386,-30.232998
6.832942,9.699854
-42.842865,10.993018
49.051655,-37.833088
58.47069,-27.766912
18.004644,10.392634
-49.53588,57.88083
12.469687,29.55188
9.126011,-34.20982
41.05444,-31.95124
34.04964,-38.61344
-4.915549,32.44593
7.191721,-31.21198
-41.032627,18.246788
22.22133,-41.52798
58.644524,-12.224799
-1.522485,25.573345
-19.43075,3.9320395
7.4012623,13.717643
5.0881767,8.888866
-54.940704,40.938385
7.6242533,15.683939
40.251347,-66.22436
6.682051,47.017056
-51.12815,23.115791
1.866479,20.314163
-19.179958,-39.874252
23.37951,62.51082
25.809446,-33.66829
-10.040401,29.838081
61.68506,-31.618156
10.664463,-13.167801
-44.498615,-1.6375005
-38.945374,24.747026
49.871655,15.15498
33.691185,-46.636356
1.2216632,-32.13261
-43.706413,-45.58304
27.230242,-60.126373
42.97217,11.061462
11.041365,-67.906265
-60.862514,-32.94221
-0.12812492,20.610685
38.34519,-40.429424
-37.970245,79.805885
43.856136,-12.990368
5.9381714,38.298782
-12.102112,19.673065
17.117708,-38.53335
-42.118534,57.18901
31.183397,-34.565792
18.744177,39.752304
-3.8568041,33.631813
-28.454798,-10.01409
15.3801,-18.516075
-37.990276,7.754333
29.639135,-64.099785
27.93762,-35.015934
-34.80166,38.39751
-6.4673615,57.807953
-77.84486,18.27128
24.394003,-31.14802
21.290485,61.676567
4.680167,61.26848
-1.1623673,20.273935
6.137105,23.952904
-58.187645,-17.310392
-1.243144,-24.271372
31.39549,-25.36159
15.093407,32.19341
-0.8709217,27.387615
26.711847,-36.016304
-11.745316,-27.72525
5.680384,40.24462
-56.89568,-21.45545
-31.96044,9.1913805
49.6242,-47.004677
38.37715,-18.380732
47.069637,-49.769775
-30.7458,-3.1018867
-4.2117534,45.76008
31.835447,-20.056662
2.642481,-12.569122
51.85236,-22.867441
25.503498,45.4548
4.2115993,41.96483
-18.610415,17.193218
-44.615982,67.62406
15.389179,55.971474
-25.901194,6.3567104
22.100294,45.799103
-39.63887,8.951959
26.578701,-29.019636
91.166145,-88.84554
-8.991997,22.60699
-1.2464174,-54.27906
37.868923,-52.819023
50.689243,-28.35681
-59.609005,-19.959957
0.7212474,34.97869
35.818043,-31.097183
-3.9663987,49.728134
-23.547636,5.9450855
-10.069212,-2.3396223
32.230217,-14.844152
47.100903,-67.707596
9.3782425,38.031837
58.07021,-31.144304
44.348843,-26.975742
38.52149,-35.245655
15.727394,7.713229
49.198322,-75.27401
-40.750275,41.528
-33.197678,31.0227
-13.213536,-28.42122
-0.9466749,22.245552
1.5794873,26.668972
-51.51653,-1.6127083
6.1090174,29.594357
39.479836,-45.018272
16.39357,-26.443531
-18.737886,54.226574
38.328846,-50.55298
42.506977,-30.994883
-35.683907,12.924988
-36.764103,23.601765
23.746403,-63.176796
54.85838,-22.958284
0.5447348,23.492474
-4.1088295,-19.50141
12.207036,76.125534
87.76494,-31.37521
-86.2936,35.24814
64.05888,-35.070858
-41.13665,9.292578
2.2889538,28.87162
-40.792423,35.79233
28.312538,19.225285
-59.109623,44.51591
-37.719357,23.764406
0.15879458,28.848091
-30.519522,22.111969
16.790243,40.15171
-87.25777,36.05684
22.422121,-34.680336
25.27841,-35.575672
-0.15234828,-20.814436
30.35776,-37.16769
-6.219533,64.84975
38.90869,-38.85547
-35.0323,23.17853
1.1367807,41.748974
33.034748,-35.354053
-48.595867,24.381214
24.844967,-18.322817
-33.240788,26.091478
36.05373,-41.684784
15.003785,-14.701074
12.76193,45.662323
43.96708,-44.278378
42.486263,-79.2574
-25.30771,38.400665
3.3972075,25.376255
-0.26999635,69.99174
-1.9758391,-39.24107
-0.66180146,45.588528
-37.73307,3.415082
21.229708,-41.80077
-45.65917,10.576257
-8.356297,54.01838
-81.28405,43.362045
31.532442,-25.665188
-34.13074,49.02867
-43.599453,49.441658
-70.36872,52.161945
19.512949,-39.453556
-68.363556,69.214165
45.198315,-51.341434
-4.6220274,-17.59542
46.489086,-30.335611
-46.447014,49.506004
-33.40142,27.61652
-28.690989,10.368547
44.08228,-45.116013
-38.09241,-9.056397
55.084755,-38.376278
-10.349289,21.117664
-25.39182,21.206856
41.23287,-34.910027
7.4656506,-54.361347
32.39026,-69.000694
-32.48743,-11.034929
-28.001835,-38.748177
27.177404,69.0536
10.995161,30.48648
-77.08222,47.985653
9.665617,36.74415
59.798447,-25.629753
-9.027717,79.52075
-35.594822,24.174261
-55.76932,24.01649
-18.281126,34.311302
27.94369,-26.143646
27.865,-56.42952
66.71124,-7.938873
-23.485023,56.20898
9.253579,43.996334
19.154694,-97.215034
4.968482,-24.606174
13.960228,-23.322418
-47.868107,32.617184
7.9145093,51.12684
-6.0407457,45.17968
71.336,-30.603083
-40.464287,10.116957
-4.420617,-21.307827
-23.776527,38.24019
-47.17347,28.658909
25.98918,-47.360584
-80.48955,20.656473
47.032818,-52.872826
28.19821,-34.179596
3.11188,-69.99122
-52.79054,72.5704
42.46941,-31.57108
54.74551,-65.440926
23.567282,-41.429962
56.970173,14.335917
-83.48315,45.315002
19.867893,6.604763
-45.754154,5.745196
-21.43623,-1.1873541
14.786354,-25.280369
-38.042362,6.0562153
-47.39438,-0.89946157
-86.01511,37.841404
32.64121,-56.448032
-39.145096,12.966924
-15.963652,33.46154
-67.48743,50.324696
1.5992239,50.655315
8.014234,57.33918
31.764948,-41.5271
-25.712412,31.168276
-52.447666,67.23337
8.158163,-29.148193
35.802525,-24.384516
-1.2266188,37.231354
-45.799816,11.651003
-37.779755,21.464119
12.073045,-12.798682
-1.7495259,32.893345
41.476856,-19.30554
27.362501,-36.006
21.524296,-49.507675
37.54074,-28.94292
-17.795782,-33.542213
4.965796,-40.979397
38.5329,-30.181324
69.631195,-36.382732
-34.67203,11.497011
5.458787,45.803085
-43.593204,4.765464
26.724112,-45.58017
-2.7802677,46.87047
-21.980453,3.6597788
-29.148592,-26.619957
-27.022572,0.5438443
-67.55988,-11.219988
20.646358,-40.60408
-31.88074,74.46956
-28.002426,27.243668
12.484354,55.83922
49.1607,-67.745964
-60.390697,36.49814
-34.199783,12.107935
8.219765,68.545586
-11.100692,36.1297
15.938919,40.809002
-43.291664,-2.8456163
-49.380604,6.1937265
-8.3191185,41.135918
31.29054,-42.974785
-4.8310122,67.34275
-39.881973,-10.4437065
65.25517,-24.614948
35.66707,-44.143513
-25.472769,50.896194
-27.929598,25.495674
-46.53221,24.201065
-34.687004,24.240093
11.018036,43.371124
-77.266396,40.75535
-10.4044075,48.40484
-15.279026,-15.61822
6.532064,18.138298
12.2536955,53.8664
-39.63924,10.621425
15.051309,-30.502594
-21.476377,39.13842
-30.999296,59.14686
34.593315,-34.372025
3.4928937,25.714035
-0.032241214,45.072365
49.14122,-69.875656
-7.1209254,41.67039
14.70932,39.633583
31.84837,-56.64182
29.16421,-45.565884
50.26012,-30.587927
14.487074,15.641561
-1.5729443,25.36008
44.940285,-43.650093
-79.22177,39.654507
47.065662,-53.235283
-42.88235,22.170347
-63.676414,-2.1726522
-21.148462,4.209352
10.228699,45.44136
30.82577,-4.836108
-0.69094115,51.405697
-1.5863273,-19.479023
-0.29898116,43.564064
31.720041,11.52797
-59.145733,-43.267582
-14.132465,-27.55646
-28.0077,82.2556
13.3829,36.59987
-27.32283,4.8272905
-71.98619,44.014126
-75.95771,44.892563
-32.71372,26.105577
-20.94779,-38.673355
-59.93432,68.09351
-0.587893,-50.490913
-6.7606273,20.163054
-37.865757,18.470085
-56.772907,40.087738
-78.0757,14.1866045
18.381662,-44.48488
6.9712377,32.40486
45.05807,-92.48232
43.69693,-33.096462
-49.84601,46.044235
-15.327737,-17.066372
22.961622,40.490788
97.332954,-28.288166
-33.952583,36.64386
57.379425,-58.39571
37.42265,-36.080303
15.211828,26.159456
28.8016,2.5409122
33.066807,-18.6063
19.084549,-39.10714
16.550814,-17.476059
4.0324483,25.249908
-15.348027,32.934696
36.432217,-23.910736
-29.883595,35.555794
-29.11964,22.77901
-42.853508,18.041115
-14.424588,-13.918915
3.189799,39.200542
-7.330035,-34.466568
47.35726,-68.248726
-63.0258,36.42515
4.437907,36.03128
-36.246414,56.28708
95.8145,-35.523914
-37.260372,64.55112
-33.638546,27.446217
-80.047966,40.93351
-32.711895,8.408098
-88.58442,6.436715
2.8442109,81.70541
8.761953,-50.266674
61.455273,-63.93096
36.476048,-26.539532
7.679743,13.748692
2.607062,29.838043
-20.301212,21.945179
-72.00715,35.779892
-14.854565,18.964127
-8.184693,21.604282
-0.91466933,-29.860828
42.679276,-13.728969
-41.38148,7.9454184
-16.377995,2.711231
27.043749,-30.226137
28.727926,-34.70477
33.44041,-47.441517
48.725986,-47.48401
-48.061947,7.119401
-43.7482,16.814478
22.159296,49.89709
-64.082275,47.59855
1.891485,26.27996
5.4202847,-28.711308
26.322376,-80.65809
-39.776096,50.56398
32.108402,46.893936
9.229439,-25.65399
-45.0395,21.481064
32.054234,-32.82769
46.050343,-45.78117
-65.38557,47.274452
-65.659515,44.40782
-56.132206,44.75066
10.569031,27.487362
-21.530539,-25.777916
18.588142,-3.0426226
-73.80482,50.916245
-62.355892,-18.68137
16.303389,24.104551
-2.1644144,42.83709
49.730236,-55.533665
9.037861,28.784248
-34.76078,-12.024192
24.669418,-31.214735
